id,predicted
0,0
1,2
2,0
3,1
4,2
5,2
6,1
7,0
8,2
9,0
10,0
11,2
12,0
13,1
14,0
15,0
16,1
17,2
18,1
19,0
20,0
21,2
22,0
23,2
24,0
25,1
26,1
27,0
28,0
29,0
30,0
31,1
32,2
33,2
34,0
35,2
36,2
37,0
38,0
39,1
40,1
41,1
42,1
43,0
44,1
45,0
46,0
47,0
48,1
49,0
50,1
51,1
52,2
53,2
54,0
55,0
56,0
57,2
58,2
59,2
60,1
61,1
62,2
63,0
64,0
65,1
66,2
67,2
68,0
69,1
70,2
71,0
72,1
73,1
74,1
75,2
76,0
77,0
78,1
79,0
80,0
81,0
82,0
83,1
84,2
85,0
86,0
87,0
88,2
89,0
90,2
91,0
92,0
93,1
94,1
95,1
96,1
97,1
98,0
99,1
100,0
101,2
102,2
103,0
104,1
105,2
106,2
107,0
108,1
109,2
110,1
111,2
112,1
113,2
114,0
115,2
116,2
117,2
118,2
119,0
120,0
121,1
122,0
123,1
124,2
125,0
126,2
127,0
128,0
129,2
130,2
131,1
132,2
133,0
134,2
135,2
136,1
137,2
138,2
139,1
140,2
141,1
142,1
143,0
144,2
145,2
146,1
147,0
148,0
149,2
150,2
151,1
152,2
153,1
154,0
155,1
156,2
157,0
158,1
159,1
160,1
161,2
162,0
163,2
164,2
165,1
166,0
167,0
168,0
169,0
170,1
171,0
172,0
173,0
174,0
175,0
176,0
177,0
178,0
179,0
180,1
181,2
182,2
183,2
184,0
185,2
186,0
187,1
188,1
189,0
190,0
191,0
192,2
193,1
194,1
195,2
196,0
197,0
198,2
199,0
200,0
201,2
202,1
203,1
204,2
205,2
206,2
207,2
208,0
209,2
210,0
211,1
212,0
213,1
214,0
215,0
216,0
217,0
218,2
219,2
220,2
221,2
222,0
223,1
224,2
225,1
226,0
227,0
228,2
229,0
230,2
231,0
232,0
233,2
234,0
235,2
236,2
237,0
238,2
239,0
240,0
241,0
242,2
243,0
244,2
245,1
246,0
247,1
248,2
249,0
250,2
251,0
252,2
253,2
254,0
255,0
256,1
257,2
258,2
259,0
260,0
261,2
262,2
263,2
264,2
265,0
266,1
267,1
268,2
269,0
270,0
271,2
272,2
273,1
274,2
275,1
276,0
277,1
278,1
279,2
280,2
281,2
282,2
283,2
284,0
285,2
286,1
287,1
288,0
289,2
290,2
291,0
292,0
293,1
294,0
295,0
296,0
297,2
298,0
299,0
300,1
301,2
302,0
303,2
304,0
305,0
306,2
307,2
308,2
309,2
310,0
311,0
312,2
313,1
314,1
315,1
316,2
317,1
318,0
319,0
320,2
321,0
322,0
323,0
324,0
325,2
326,2
327,0
328,2
329,2
330,0
331,0
332,0
333,1
334,0
335,0
336,0
337,0
338,0
339,2
340,0
341,1
342,2
343,0
344,2
345,2
346,2
347,2
348,2
349,0
350,0
351,1
352,0
353,0
354,2
355,1
356,0
357,2
358,1
359,2
360,0
361,2
362,2
363,0
364,2
365,1
366,1
367,1
368,0
369,2
370,2
371,0
372,1
373,0
374,1
375,0
376,0
377,0
378,2
379,0
380,0
381,2
382,2
383,2
384,0
385,2
386,1
387,0
388,2
389,2
390,2
391,0
392,2
393,0
394,2
395,0
396,2
397,0
398,1
399,2
400,1
401,2
402,2
403,0
404,2
405,2
406,0
407,2
408,0
409,2
410,2
411,0
412,1
413,2
414,2
415,0
416,0
417,0
418,1
419,1
420,2
421,1
422,2
423,1
424,0
425,2
426,2
427,1
428,1
429,1
430,2
431,2
432,2
433,0
434,2
435,2
436,0
437,1
438,2
439,0
440,1
441,2
442,2
443,0
444,0
445,2
446,2
447,0
448,1
449,2
450,0
451,2
452,0
453,1
454,2
455,2
456,0
457,0
458,0
459,1
460,1
461,0
462,1
463,2
464,0
465,1
466,2
467,2
468,2
469,2
470,2
471,1
472,0
473,0
474,1
475,0
476,2
477,1
478,0
479,1
480,1
481,1
482,0
483,1
484,1
485,0
486,0
487,1
488,2
489,0
490,2
491,2
492,2
493,2
494,1
495,0
496,0
497,1
498,2
499,2
500,2
501,2
502,0
503,0
504,0
505,1
506,2
507,2
508,0
509,0
510,0
511,0
512,0
513,0
514,1
515,1
516,0
517,2
518,0
519,0
520,0
521,2
522,2
523,0
524,2
525,0
526,1
527,0
528,0
529,1
530,2
531,0
532,1
533,2
534,0
535,1
536,1
537,1
538,2
539,2
540,0
541,2
542,0
543,2
544,2
545,0
546,0
547,0
548,2
549,0
550,0
551,0
552,2
553,2
554,2
555,1
556,0
557,0
558,1
559,1
560,0
561,0
562,1
563,2
564,0
565,2
566,2
567,0
568,2
569,1
570,0
571,1
572,2
573,1
574,0
575,2
576,0
577,2
578,0
579,0
580,2
581,0
582,0
583,0
584,0
585,2
586,2
587,0
588,1
589,2
590,1
591,0
592,2
593,2
594,2
595,0
596,1
597,2
598,2
599,1
600,0
601,2
602,0
603,0
604,0
605,1
606,0
607,2
608,0
609,2
610,1
611,0
612,0
613,0
614,1
615,0
616,1
617,1
618,2
619,2
620,2
621,0
622,1
623,2
624,1
625,2
626,2
627,0
628,0
629,2
630,1
631,2
632,0
633,0
634,2
635,0
636,1
637,2
638,1
639,0
640,2
641,1
642,2
643,0
644,1
645,2
646,1
647,0
648,0
649,0
650,1
651,2
652,0
653,2
654,1
655,1
656,0
657,0
658,1
659,2
660,2
661,0
662,2
663,1
664,1
665,0
666,2
667,1
668,1
669,0
670,0
671,1
672,1
673,0
674,0
675,1
676,2
677,2
678,2
679,0
680,0
681,2
682,2
683,2
684,2
685,0
686,1
687,0
688,2
689,2
690,0
691,0
692,0
693,0
694,0
695,1
696,1
697,0
698,1
699,0
700,2
701,0
702,1
703,1
704,1
705,0
706,2
707,0
708,2
709,0
710,1
711,1
712,0
713,1
714,1
715,1
716,2
717,2
718,2
719,1
720,2
721,2
722,2
723,1
724,0
725,2
726,1
727,2
728,2
729,0
730,2
731,1
732,0
733,1
734,2
735,2
736,1
737,2
738,0
739,1
740,1
741,2
742,2
743,0
744,1
745,2
746,0
747,2
748,0
749,1
750,2
751,0
752,2
753,0
754,1
755,2
756,1
757,0
758,2
759,0
760,2
761,2
762,0
763,2
764,0
765,0
766,2
767,0
768,2
769,2
770,2
771,2
772,0
773,0
774,1
775,2
776,2
777,1
778,2
779,1
780,2
781,0
782,2
783,2
784,2
785,2
786,0
787,1
788,0
789,0
790,1
791,2
792,0
793,1
794,2
795,0
796,0
797,0
798,2
799,2
800,0
801,2
802,2
803,0
804,2
805,1
806,0
807,2
808,2
809,1
810,2
811,0
812,1
813,2
814,2
815,0
816,2
817,1
818,0
819,0
820,0
821,2
822,1
823,2
824,0
825,0
826,0
827,0
828,2
829,1
830,0
831,2
832,1
833,0
834,0
835,0
836,0
837,2
838,0
839,1
840,2
841,0
842,1
843,0
844,2
845,0
846,2
847,1
848,2
849,1
850,1
851,0
852,0
853,1
854,1
855,2
856,2
857,0
858,0
859,2
860,0
861,0
862,1
863,1
864,1
865,1
866,0
867,2
868,1
869,0
870,0
871,0
872,0
873,0
874,2
875,2
876,1
877,0
878,0
879,2
880,0
881,2
882,1
883,2
884,0
885,2
886,0
887,2
888,2
889,2
890,2
891,0
892,0
893,2
894,2
895,0
896,2
897,2
898,1
899,2
900,0
901,1
902,2
903,0
904,2
905,1
906,0
907,0
908,1
909,1
910,1
911,2
912,0
913,1
914,1
915,1
916,2
917,0
918,2
919,2
920,2
921,2
922,2
923,2
924,2
925,0
926,2
927,2
928,2
929,0
930,1
931,2
932,2
933,2
934,2
935,2
936,2
937,0
938,2
939,0
940,2
941,0
942,1
943,1
944,2
945,0
946,0
947,0
948,1
949,2
950,2
951,1
952,1
953,0
954,2
955,1
956,0
957,0
958,2
959,0
960,2
961,0
962,0
963,2
964,2
965,0
966,1
967,2
968,2
969,2
970,2
971,2
972,1
973,2
974,2
975,2
976,1
977,1
978,0
979,1
980,2
981,1
982,1
983,2
984,1
985,0
986,0
987,2
988,0
989,0
990,2
991,1
992,2
993,2
994,1
995,2
996,2
997,0
998,2
999,2
1000,2
1001,0
1002,2
1003,0
1004,2
1005,0
1006,2
1007,2
1008,2
1009,1
1010,1
1011,2
1012,2
1013,2
1014,0
1015,0
1016,1
1017,1
1018,2
1019,1
1020,0
1021,2
1022,2
1023,1
1024,2
1025,0
1026,1
1027,1
1028,2
1029,0
1030,1
1031,0
1032,0
1033,2
1034,1
1035,2
1036,0
1037,1
1038,0
1039,1
1040,2
1041,0
1042,1
1043,1
1044,0
1045,0
1046,0
1047,0
1048,2
1049,1
1050,1
1051,0
1052,2
1053,2
1054,1
1055,2
1056,0
1057,2
1058,0
1059,0
1060,0
1061,2
1062,2
1063,1
1064,0
1065,1
1066,2
1067,0
1068,0
1069,0
1070,2
1071,2
1072,2
1073,0
1074,2
1075,1
1076,1
1077,0
1078,0
1079,1
1080,1
1081,1
1082,2
1083,2
1084,0
1085,0
1086,0
1087,2
1088,1
1089,2
1090,0
1091,0
1092,0
1093,0
1094,1
1095,1
1096,2
1097,0
1098,2
1099,2
1100,0
1101,2
1102,0
1103,2
1104,2
1105,1
1106,2
1107,2
1108,0
1109,2
1110,0
1111,0
1112,2
1113,0
1114,0
1115,1
1116,2
1117,2
1118,2
1119,2
1120,1
1121,1
1122,1
1123,2
1124,0
1125,2
1126,2
1127,0
1128,1
1129,0
1130,0
1131,1
1132,0
1133,1
1134,0
1135,2
1136,2
1137,0
1138,0
1139,2
1140,1
1141,1
1142,1
1143,2
1144,0
1145,1
1146,0
1147,0
1148,0
1149,0
1150,2
1151,2
1152,1
1153,0
1154,2
1155,1
1156,2
1157,0
1158,2
1159,2
1160,1
1161,2
1162,0
1163,0
1164,2
1165,2
1166,1
1167,0
1168,2
1169,0
1170,2
1171,0
1172,0
1173,0
1174,2
1175,2
1176,2
1177,2
1178,2
1179,1
1180,2
1181,1
1182,2
1183,2
1184,1
1185,0
1186,2
1187,1
1188,2
1189,1
1190,0
1191,2
1192,2
1193,0
1194,1
1195,2
1196,2
1197,1
1198,2
1199,1
1200,1
1201,0
1202,0
1203,2
1204,1
1205,2
1206,2
1207,2
1208,0
1209,2
1210,0
1211,0
1212,0
1213,1
1214,0
1215,1
1216,2
1217,1
1218,1
1219,0
1220,1
1221,0
1222,2
1223,2
1224,0
1225,0
1226,1
1227,1
1228,2
1229,2
1230,2
1231,1
1232,0
1233,2
1234,1
1235,2
1236,0
1237,0
1238,2
1239,1
1240,0
1241,0
1242,2
1243,1
1244,2
1245,0
1246,0
1247,0
1248,0
1249,1
1250,2
1251,0
1252,2
1253,0
1254,2
1255,2
1256,0
1257,2
1258,2
1259,2
1260,2
1261,2
1262,1
1263,0
1264,0
1265,2
1266,0
1267,1
1268,0
1269,1
1270,2
1271,0
1272,0
1273,0
1274,2
1275,2
1276,0
1277,0
1278,2
1279,2
1280,2
1281,0
1282,2
1283,1
1284,0
1285,2
1286,0
1287,0
1288,1
1289,1
1290,2
1291,1
1292,1
1293,2
1294,2
1295,1
1296,1
1297,0
1298,2
1299,2
1300,0
1301,0
1302,0
1303,0
1304,0
1305,1
1306,2
1307,2
1308,0
1309,0
1310,2
1311,0
1312,2
1313,0
1314,2
1315,0
1316,2
1317,0
1318,2
1319,0
1320,0
1321,1
1322,1
1323,2
1324,2
1325,1
1326,2
1327,0
1328,1
1329,0
1330,1
1331,1
1332,1
1333,1
1334,1
1335,2
1336,0
1337,0
1338,2
1339,2
1340,2
1341,2
1342,2
1343,0
1344,1
1345,1
1346,2
1347,2
1348,1
1349,1
1350,0
1351,0
1352,1
1353,0
1354,2
1355,0
1356,0
1357,0
1358,1
1359,2
1360,0
1361,1
1362,2
1363,2
1364,2
1365,0
1366,0
1367,0
1368,2
1369,0
1370,1
1371,1
1372,0
1373,1
1374,2
1375,0
1376,0
1377,0
1378,2
1379,2
1380,1
1381,1
1382,1
1383,2
1384,0
1385,2
1386,2
1387,1
1388,0
1389,2
1390,1
1391,0
1392,2
1393,2
1394,1
1395,2
1396,1
1397,0
1398,2
1399,1
1400,0
1401,1
1402,2
1403,1
1404,2
1405,2
1406,1
1407,0
1408,0
1409,0
1410,0
1411,0
1412,1
1413,1
1414,1
1415,0
1416,0
1417,0
1418,2
1419,0
1420,1
1421,2
1422,1
1423,2
1424,2
1425,1
1426,0
1427,1
1428,0
1429,2
1430,0
1431,0
1432,0
1433,2
1434,0
1435,1
1436,1
1437,2
1438,1
1439,0
1440,2
1441,1
1442,1
1443,2
1444,1
1445,0
1446,0
1447,1
1448,0
1449,2
1450,0
1451,0
1452,2
1453,1
1454,2
1455,1
1456,0
1457,1
1458,1
1459,2
1460,0
1461,1
1462,2
1463,0
1464,2
1465,1
1466,2
1467,0
1468,2
1469,1
1470,1
1471,1
1472,2
1473,2
1474,0
1475,2
1476,0
1477,1
1478,0
1479,2
1480,1
1481,2
1482,2
1483,0
1484,2
1485,0
1486,2
1487,2
1488,0
1489,2
1490,0
1491,0
1492,2
1493,0
1494,0
1495,2
1496,2
1497,1
1498,2
1499,1
1500,0
1501,0
1502,1
1503,1
1504,0
1505,2
1506,2
1507,0
1508,2
1509,2
1510,0
1511,1
1512,0
1513,1
1514,2
1515,0
1516,0
1517,0
1518,1
1519,2
1520,0
1521,0
1522,0
1523,1
1524,2
1525,0
1526,0
1527,2
1528,2
1529,1
1530,2
1531,2
1532,2
1533,2
1534,0
1535,1
1536,1
1537,2
1538,0
1539,2
1540,2
1541,2
1542,0
1543,0
1544,0
1545,0
1546,2
1547,2
1548,0
1549,0
1550,1
1551,0
1552,0
1553,1
1554,0
1555,1
1556,2
1557,1
1558,2
1559,0
1560,0
1561,0
1562,0
1563,0
1564,0
1565,1
1566,0
1567,1
1568,1
1569,1
1570,1
1571,2
1572,2
1573,2
1574,1
1575,1
1576,2
1577,0
1578,1
1579,0
1580,0
1581,2
1582,2
1583,0
1584,2
1585,2
1586,2
1587,2
1588,2
1589,2
1590,1
1591,1
1592,2
1593,0
1594,0
1595,1
1596,1
1597,2
1598,2
1599,0
1600,2
1601,0
1602,0
1603,2
1604,1
1605,1
1606,0
1607,0
1608,2
1609,2
1610,0
1611,2
1612,1
1613,0
1614,0
1615,0
1616,2
1617,2
1618,1
1619,1
1620,2
1621,2
1622,2
1623,2
1624,2
1625,2
1626,2
1627,0
1628,2
1629,1
1630,0
1631,0
1632,2
1633,0
1634,2
1635,2
1636,0
1637,2
1638,1
1639,1
1640,0
1641,1
1642,0
1643,0
1644,1
1645,1
1646,2
1647,0
1648,1
1649,0
1650,1
1651,0
1652,1
1653,0
1654,2
1655,2
1656,0
1657,2
1658,2
1659,1
1660,1
1661,0
1662,2
1663,0
1664,2
1665,2
1666,0
1667,0
1668,1
1669,1
1670,2
1671,2
1672,0
1673,1
1674,2
1675,2
1676,0
1677,1
1678,2
1679,0
1680,0
1681,0
1682,0
1683,2
1684,1
1685,1
1686,2
1687,2
1688,0
1689,1
1690,0
1691,2
1692,0
1693,0
1694,0
1695,0
1696,1
1697,2
1698,1
1699,0
1700,1
1701,2
1702,0
1703,1
1704,2
1705,2
1706,0
1707,2
1708,2
1709,0
1710,0
1711,2
1712,0
1713,1
1714,1
1715,2
1716,1
1717,1
1718,1
1719,0
1720,0
1721,1
1722,0
1723,2
1724,2
1725,0
1726,0
1727,0
1728,0
1729,0
1730,0
1731,0
1732,1
1733,1
1734,2
1735,2
1736,0
1737,1
1738,2
1739,1
1740,2
1741,0
1742,1
1743,0
1744,2
1745,0
1746,0
1747,0
1748,2
1749,0
1750,1
1751,2
1752,0
1753,0
1754,2
1755,0
1756,0
1757,2
1758,2
1759,0
1760,1
1761,0
1762,1
1763,2
1764,2
1765,2
1766,2
1767,2
1768,2
1769,0
1770,0
1771,1
1772,1
1773,1
1774,2
1775,1
1776,2
1777,0
1778,1
1779,2
1780,0
1781,1
1782,2
1783,2
1784,1
1785,1
1786,2
1787,0
1788,1
1789,1
1790,2
1791,0
1792,2
1793,2
1794,0
1795,0
1796,1
1797,0
1798,1
1799,0
1800,2
1801,2
1802,1
1803,2
1804,2
1805,2
1806,0
1807,2
1808,0
1809,0
1810,2
1811,0
1812,2
1813,2
1814,2
1815,0
1816,2
1817,2
1818,2
1819,2
1820,2
1821,2
1822,0
1823,2
1824,0
1825,1
1826,1
1827,2
1828,2
1829,1
1830,2
1831,0
1832,0
1833,0
1834,2
1835,0
1836,2
1837,2
1838,2
1839,0
1840,1
1841,2
1842,0
1843,2
1844,0
1845,2
1846,0
1847,0
1848,2
1849,2
1850,2
1851,2
1852,0
1853,2
1854,2
1855,1
1856,1
1857,0
1858,2
1859,2
1860,1
1861,0
1862,2
1863,1
1864,2
1865,2
1866,0
1867,0
1868,2
1869,2
1870,0
1871,0
1872,2
1873,1
1874,2
1875,0
1876,0
1877,2
1878,0
1879,2
1880,0
1881,2
1882,2
1883,0
1884,1
1885,0
1886,0
1887,0
1888,1
1889,1
1890,2
1891,1
1892,2
1893,0
1894,2
1895,2
1896,0
1897,2
1898,1
1899,0
1900,0
1901,2
1902,1
1903,2
1904,1
1905,2
1906,2
1907,2
1908,0
1909,1
1910,1
1911,1
1912,1
1913,1
1914,0
1915,2
1916,0
1917,2
1918,2
1919,2
1920,2
1921,1
1922,1
1923,1
1924,2
1925,1
1926,2
1927,0
1928,1
1929,0
1930,1
1931,2
1932,1
1933,1
1934,0
1935,2
1936,2
1937,0
1938,2
1939,2
1940,0
1941,2
1942,0
1943,2
1944,0
1945,0
1946,0
1947,0
1948,0
1949,1
1950,2
1951,2
1952,2
1953,0
1954,0
1955,1
1956,2
1957,1
1958,1
1959,2
1960,1
1961,2
1962,1
1963,2
1964,0
1965,1
1966,2
1967,2
1968,0
1969,1
1970,0
1971,1
1972,0
1973,0
1974,0
1975,2
1976,0
1977,2
1978,2
1979,1
1980,1
1981,2
1982,1
1983,0
1984,2
1985,2
1986,2
1987,2
1988,1
1989,2
1990,1
1991,0
1992,2
1993,2
1994,1
1995,0
1996,0
1997,2
1998,0
1999,0
2000,0
2001,2
2002,0
2003,0
2004,1
2005,1
2006,0
2007,2
2008,0
2009,0
2010,1
2011,2
2012,0
2013,0
2014,2
2015,2
2016,2
2017,2
2018,2
2019,2
2020,2
2021,1
2022,1
2023,1
2024,1
2025,0
2026,2
2027,1
2028,0
2029,0
2030,2
2031,0
2032,2
2033,0
2034,2
2035,0
2036,0
2037,2
2038,0
2039,2
2040,0
2041,2
2042,2
2043,2
2044,0
2045,1
2046,2
2047,1
2048,0
2049,2
2050,0
2051,2
2052,0
2053,2
2054,1
2055,0
2056,2
2057,2
2058,0
2059,2
2060,2
2061,0
2062,1
2063,2
2064,1
2065,0
2066,2
2067,1
2068,1
2069,0
2070,2
2071,0
2072,0
2073,0
2074,1
2075,0
2076,2
2077,2
2078,0
2079,2
2080,2
2081,1
2082,0
2083,2
2084,1
2085,2
2086,2
2087,0
2088,0
2089,2
2090,1
2091,0
2092,0
2093,0
2094,0
2095,0
2096,0
2097,0
2098,2
2099,1
2100,0
2101,0
2102,1
2103,1
2104,2
2105,0
2106,2
2107,0
2108,0
2109,0
2110,2
2111,1
2112,1
2113,1
2114,1
2115,2
2116,2
2117,2
2118,2
2119,0
2120,2
2121,1
2122,1
2123,0
2124,0
2125,1
2126,2
2127,2
2128,1
2129,0
2130,2
2131,2
2132,0
2133,1
2134,2
2135,0
2136,1
2137,1
2138,0
2139,2
2140,0
2141,2
2142,2
2143,2
2144,2
2145,2
2146,1
2147,1
2148,2
2149,2
2150,1
2151,2
2152,2
2153,2
2154,0
2155,2
2156,2
2157,2
2158,2
2159,2
2160,0
2161,0
2162,1
2163,2
2164,1
2165,2
2166,0
2167,2
2168,2
2169,2
2170,0
2171,0
2172,1
2173,0
2174,0
2175,2
2176,2
2177,0
2178,0
2179,2
2180,2
2181,2
2182,1
2183,2
2184,0
2185,1
2186,2
2187,0
2188,2
2189,0
2190,0
2191,0
2192,2
2193,2
2194,2
2195,2
2196,2
2197,1
2198,2
2199,2
2200,0
2201,0
2202,2
2203,2
2204,1
2205,0
2206,2
2207,0
2208,2
2209,2
2210,2
2211,0
2212,2
2213,0
2214,0
2215,2
2216,0
2217,2
2218,0
2219,1
2220,2
2221,1
2222,1
2223,1
2224,2
2225,0
2226,1
2227,1
2228,2
2229,0
2230,1
2231,0
2232,0
2233,1
2234,0
2235,2
2236,0
2237,0
2238,2
2239,1
2240,1
2241,0
2242,1
2243,1
2244,0
2245,0
2246,1
2247,0
2248,2
2249,1
2250,1
2251,0
2252,1
2253,2
2254,1
2255,2
2256,2
2257,0
2258,0
2259,2
2260,0
2261,0
2262,0
2263,2
2264,2
2265,2
2266,0
2267,0
2268,2
2269,2
2270,2
2271,2
2272,0
2273,0
2274,2
2275,2
2276,1
2277,1
2278,1
2279,1
2280,2
2281,0
2282,1
2283,0
2284,0
2285,2
2286,2
2287,0
2288,0
2289,2
2290,0
2291,2
2292,2
2293,0
2294,0
2295,2
2296,2
2297,1
2298,2
2299,0
2300,0
2301,2
2302,0
2303,0
2304,0
2305,2
2306,2
2307,0
2308,1
2309,2
2310,2
2311,0
2312,2
2313,0
2314,0
2315,2
2316,0
2317,2
2318,1
2319,0
2320,0
2321,0
2322,0
2323,0
2324,0
2325,2
2326,0
2327,2
2328,1
2329,1
2330,2
2331,1
2332,2
2333,1
2334,0
2335,0
2336,2
2337,0
2338,2
2339,2
2340,2
2341,0
2342,0
2343,1
2344,0
2345,2
2346,0
2347,1
2348,1
2349,1
2350,0
2351,2
2352,1
2353,2
2354,2
2355,0
2356,0
2357,2
2358,2
2359,2
2360,0
2361,0
2362,2
2363,2
2364,1
2365,2
2366,0
2367,0
2368,1
2369,2
2370,2
2371,2
2372,1
2373,2
2374,1
2375,0
2376,1
2377,0
2378,2
2379,0
2380,2
2381,2
2382,2
2383,1
2384,0
2385,2
2386,2
2387,2
2388,0
2389,2
2390,1
2391,1
2392,0
2393,1
2394,0
2395,2
2396,2
2397,2
2398,2
2399,0
2400,1
2401,2
2402,0
2403,0
2404,1
2405,0
2406,2
2407,0
2408,2
2409,2
2410,0
2411,0
2412,2
2413,1
2414,2
2415,2
2416,2
2417,1
2418,0
2419,1
2420,0
2421,1
2422,1
2423,0
2424,0
2425,2
2426,0
2427,2
2428,2
2429,0
2430,0
2431,2
2432,2
2433,2
2434,2
2435,2
2436,0
2437,2
2438,0
2439,2
2440,0
2441,0
2442,2
2443,0
2444,0
2445,0
2446,0
2447,1
2448,2
2449,0
2450,1
2451,0
2452,1
2453,0
2454,1
2455,2
2456,0
2457,0
2458,0
2459,2
2460,2
2461,0
2462,2
2463,1
2464,2
2465,0
2466,0
2467,1
2468,1
2469,1
2470,2
2471,0
2472,0
2473,0
2474,1
2475,2
2476,0
2477,0
2478,0
2479,2
2480,2
2481,0
2482,1
2483,2
2484,2
2485,0
2486,2
2487,2
2488,2
2489,2
2490,0
2491,2
2492,0
2493,2
2494,2
2495,2
2496,2
2497,2
2498,2
2499,2
2500,1
2501,0
2502,2
2503,0
2504,2
2505,0
2506,1
2507,2
2508,2
2509,0
2510,2
2511,0
2512,1
2513,2
2514,1
2515,0
2516,0
2517,0
2518,0
2519,2
2520,0
2521,2
2522,0
2523,1
2524,0
2525,1
2526,0
2527,2
2528,0
2529,0
2530,2
2531,0
2532,0
2533,2
2534,0
2535,2
2536,0
2537,1
2538,2
2539,1
2540,2
2541,0
2542,2
2543,2
2544,0
2545,1
2546,2
2547,0
2548,0
2549,2
2550,2
2551,2
2552,0
2553,0
2554,1
2555,1
2556,1
2557,0
2558,2
2559,1
2560,2
2561,1
2562,0
2563,0
2564,0
2565,2
2566,0
2567,2
2568,0
2569,0
2570,0
2571,0
2572,2
2573,1
2574,1
2575,1
2576,2
2577,0
2578,1
2579,2
2580,1
2581,2
2582,0
2583,0
2584,2
2585,2
2586,0
2587,2
2588,0
2589,1
2590,1
2591,2
2592,2
2593,2
2594,2
2595,1
2596,2
2597,2
2598,0
2599,2
2600,1
2601,2
2602,0
2603,2
2604,2
2605,2
2606,1
2607,0
2608,2
2609,1
2610,1
2611,2
2612,2
2613,0
2614,0
2615,0
2616,2
2617,2
2618,2
2619,0
2620,0
2621,0
2622,0
2623,0
2624,2
2625,2
2626,2
2627,1
2628,2
2629,0
2630,2
2631,2
2632,0
2633,1
2634,0
2635,1
2636,0
2637,2
2638,2
2639,2
2640,1
2641,1
2642,2
2643,2
2644,0
2645,0
2646,1
2647,2
2648,0
2649,0
2650,2
2651,2
2652,0
2653,2
2654,0
2655,0
2656,0
2657,0
2658,1
2659,0
2660,2
2661,2
2662,1
2663,0
2664,0
2665,0
2666,0
2667,2
2668,1
2669,0
2670,2
2671,0
2672,0
2673,2
2674,2
2675,0
2676,0
2677,0
2678,2
2679,0
2680,0
2681,0
2682,0
2683,0
2684,2
2685,2
2686,0
2687,1
2688,2
2689,2
2690,0
2691,1
2692,2
2693,0
2694,0
2695,0
2696,1
2697,2
2698,2
2699,0
2700,0
2701,2
2702,1
2703,1
2704,1
2705,0
2706,1
2707,2
2708,2
2709,2
2710,1
2711,1
2712,0
2713,0
2714,0
2715,2
2716,2
2717,1
2718,0
2719,0
2720,2
2721,0
2722,1
2723,0
2724,2
2725,2
2726,0
2727,2
2728,2
2729,0
2730,1
2731,0
2732,0
2733,2
2734,0
2735,2
2736,0
2737,0
2738,0
2739,0
2740,0
2741,0
2742,2
2743,1
2744,0
2745,1
2746,0
2747,0
2748,2
2749,1
2750,0
2751,0
2752,2
2753,2
2754,1
2755,0
2756,2
2757,1
2758,0
2759,2
2760,0
2761,2
2762,2
2763,2
2764,2
2765,1
2766,0
2767,2
2768,2
2769,0
2770,2
2771,1
2772,2
2773,0
2774,2
2775,0
2776,0
2777,0
2778,2
2779,0
2780,2
2781,2
2782,2
2783,1
2784,0
2785,2
2786,1
2787,0
2788,0
2789,1
2790,1
2791,0
2792,2
2793,2
2794,0
2795,0
2796,2
2797,1
2798,0
2799,1
2800,0
2801,1
2802,0
2803,2
2804,0
2805,0
2806,2
2807,2
2808,2
2809,1
2810,0
2811,2
2812,2
2813,1
2814,1
2815,2
2816,1
2817,0
2818,1
2819,2
2820,0
2821,2
2822,1
2823,2
2824,2
2825,1
2826,0
2827,0
2828,2
2829,1
2830,1
2831,0
2832,2
2833,1
2834,2
2835,2
2836,2
2837,2
2838,0
2839,2
2840,0
2841,2
2842,2
2843,0
2844,1
2845,0
2846,2
2847,0
2848,1
2849,0
2850,0
2851,0
2852,2
2853,1
2854,1
2855,2
2856,0
2857,1
2858,2
2859,0
2860,1
2861,1
2862,1
2863,2
2864,1
2865,0
2866,1
2867,1
2868,2
2869,1
2870,0
2871,2
2872,0
2873,0
2874,2
2875,2
2876,2
2877,1
2878,1
2879,2
2880,2
2881,1
2882,2
2883,2
2884,0
2885,0
2886,0
2887,0
2888,2
2889,1
2890,0
2891,1
2892,1
2893,2
2894,2
2895,2
2896,2
2897,0
2898,1
2899,0
2900,2
2901,0
2902,1
2903,2
2904,0
2905,1
2906,0
2907,0
2908,0
2909,2
2910,1
2911,2
2912,2
2913,0
2914,2
2915,0
2916,0
2917,2
2918,2
2919,0
2920,2
2921,0
2922,0
2923,2
2924,2
2925,2
2926,0
2927,0
2928,0
2929,0
2930,2
2931,0
2932,2
2933,2
2934,2
2935,0
2936,2
2937,2
2938,2
2939,1
2940,2
2941,1
2942,1
2943,2
2944,1
2945,0
2946,0
2947,2
2948,2
2949,2
2950,0
2951,0
2952,1
2953,2
2954,1
2955,1
2956,2
2957,2
2958,2
2959,0
2960,0
2961,2
2962,0
2963,0
2964,2
2965,2
2966,2
2967,2
2968,1
2969,0
2970,2
2971,2
2972,2
2973,2
2974,0
2975,1
2976,2
2977,1
2978,0
2979,2
2980,1
2981,2
2982,2
2983,1
2984,2
2985,0
2986,1
2987,2
2988,2
2989,2
2990,2
2991,1
2992,0
2993,2
2994,2
2995,0
2996,2
2997,1
2998,2
2999,0
3000,2
3001,0
3002,2
3003,0
3004,2
3005,2
3006,2
3007,2
3008,2
3009,2
3010,0
3011,1
3012,1
3013,0
3014,2
3015,1
3016,2
3017,2
3018,0
3019,1
3020,0
3021,0
3022,0
3023,2
3024,1
3025,2
3026,2
3027,2
3028,0
3029,1
3030,0
3031,2
3032,0
3033,0
3034,2
3035,2
3036,2
3037,2
3038,1
3039,0
3040,1
3041,0
3042,1
3043,2
3044,2
3045,0
3046,0
3047,2
3048,2
3049,0
3050,2
3051,0
3052,0
3053,2
3054,0
3055,1
3056,2
3057,0
3058,2
3059,2
3060,1
3061,0
3062,0
3063,1
3064,2
3065,1
3066,2
3067,1
3068,0
3069,0
3070,2
3071,0
3072,1
3073,1
3074,0
3075,1
3076,2
3077,0
3078,0
3079,0
3080,1
3081,0
3082,1
3083,2
3084,0
3085,1
3086,2
3087,0
3088,1
3089,2
3090,1
3091,0
3092,0
3093,2
3094,1
3095,0
3096,0
3097,2
3098,0
3099,0
3100,1
3101,0
3102,2
3103,0
3104,0
3105,2
3106,0
3107,0
3108,1
3109,1
3110,2
3111,2
3112,1
3113,1
3114,0
3115,2
3116,2
3117,0
3118,2
3119,2
3120,1
3121,1
3122,1
3123,0
3124,0
3125,2
3126,2
3127,0
3128,0
3129,2
3130,2
3131,0
3132,2
3133,1
3134,2
3135,1
3136,0
3137,0
3138,0
3139,1
3140,2
3141,2
3142,2
3143,1
3144,0
3145,0
3146,2
3147,0
3148,2
3149,1
3150,0
3151,1
3152,0
3153,1
3154,2
3155,0
3156,1
3157,0
3158,2
3159,2
3160,0
3161,1
3162,2
3163,1
3164,2
3165,2
3166,1
3167,2
3168,1
3169,2
3170,0
3171,0
3172,2
3173,0
3174,2
3175,2
3176,1
3177,0
3178,0
3179,0
3180,0
3181,0
3182,1
3183,0
3184,2
3185,2
3186,1
3187,0
3188,0
3189,0
3190,2
3191,2
3192,0
3193,1
3194,0
3195,0
3196,2
3197,0
3198,1
3199,1
3200,0
3201,0
3202,1
3203,0
3204,0
3205,1
3206,2
3207,2
3208,1
3209,0
3210,0
3211,0
3212,0
3213,0
3214,2
3215,2
3216,1
3217,1
3218,2
3219,1
3220,0
3221,1
3222,2
3223,2
3224,2
3225,0
3226,0
3227,0
3228,1
3229,2
3230,0
3231,1
3232,1
3233,0
3234,2
3235,0
3236,2
3237,1
3238,2
3239,0
3240,1
3241,2
3242,0
3243,0
3244,2
3245,1
3246,1
3247,2
3248,0
3249,2
3250,0
3251,1
3252,1
3253,1
3254,0
3255,2
3256,0
3257,0
3258,0
3259,0
3260,2
3261,2
3262,2
3263,2
3264,2
3265,0
3266,2
3267,2
3268,0
3269,0
3270,2
3271,1
3272,1
3273,1
3274,0
3275,0
3276,0
3277,2
3278,2
3279,2
3280,2
3281,2
3282,0
3283,1
3284,2
3285,1
3286,0
3287,0
3288,2
3289,2
3290,1
3291,2
3292,0
3293,1
3294,2
3295,2
3296,2
3297,0
3298,0
3299,0
3300,0
3301,2
3302,2
3303,2
3304,2
3305,0
3306,0
3307,2
3308,0
3309,1
3310,0
3311,2
3312,0
3313,0
3314,0
3315,1
3316,2
3317,1
3318,2
3319,1
3320,0
3321,2
3322,0
3323,0
3324,0
3325,1
3326,0
3327,2
3328,1
3329,2
3330,0
3331,1
3332,0
3333,1
3334,0
3335,2
3336,0
3337,0
3338,0
3339,1
3340,2
3341,1
3342,1
3343,0
3344,2
3345,0
3346,1
3347,2
3348,0
3349,0
3350,0
3351,2
3352,2
3353,2
3354,1
3355,0
3356,1
3357,0
3358,0
3359,2
3360,0
3361,1
3362,2
3363,2
3364,2
3365,2
3366,2
3367,1
3368,0
3369,0
3370,0
3371,0
3372,0
3373,2
3374,1
3375,0
3376,0
3377,0
3378,0
3379,2
3380,0
3381,1
3382,0
3383,2
3384,1
3385,0
3386,1
3387,2
3388,2
3389,0
3390,2
3391,0
3392,0
3393,0
3394,2
3395,0
3396,0
3397,0
3398,2
3399,2
3400,1
3401,2
3402,0
3403,1
3404,1
3405,0
3406,2
3407,2
3408,2
3409,0
3410,0
3411,0
3412,2
3413,1
3414,0
3415,0
3416,0
3417,0
3418,1
3419,2
3420,2
3421,2
3422,2
3423,2
3424,0
3425,1
3426,2
3427,0
3428,2
3429,1
3430,2
3431,1
3432,2
3433,0
3434,1
3435,1
3436,2
3437,2
3438,1
3439,0
3440,1
3441,1
3442,1
3443,1
3444,2
3445,2
3446,2
3447,1
3448,1
3449,2
3450,2
3451,0
3452,1
3453,0
3454,2
3455,2
3456,0
3457,1
3458,2
3459,0
3460,1
3461,0
3462,2
3463,2
3464,2
3465,2
3466,2
3467,0
3468,0
3469,1
3470,0
3471,0
3472,0
3473,1
3474,2
3475,0
3476,2
3477,0
3478,0
3479,1
3480,1
3481,2
3482,2
3483,2
3484,2
3485,0
3486,1
3487,1
3488,0
3489,0
3490,0
3491,1
3492,2
3493,2
3494,0
3495,0
3496,1
3497,2
3498,2
3499,1
3500,1
3501,0
3502,2
3503,1
3504,2
3505,1
3506,0
3507,0
3508,2
3509,0
3510,0
3511,2
3512,0
3513,2
3514,2
3515,1
3516,0
3517,0
3518,1
3519,1
3520,1
3521,0
3522,0
3523,1
3524,2
3525,0
3526,0
3527,0
3528,2
3529,0
3530,0
3531,2
3532,1
3533,1
3534,2
3535,2
3536,2
3537,0
3538,1
3539,0
3540,2
3541,0
3542,2
3543,2
3544,2
3545,2
3546,0
3547,0
3548,0
3549,0
3550,0
3551,2
3552,2
3553,1
3554,2
3555,2
3556,0
3557,0
3558,2
3559,0
3560,0
3561,2
3562,2
3563,2
3564,0
3565,0
3566,2
3567,1
3568,0
3569,2
3570,0
3571,2
3572,0
3573,0
3574,2
3575,0
3576,1
3577,1
3578,0
3579,1
3580,1
3581,0
3582,1
3583,1
3584,2
3585,0
3586,2
3587,2
3588,0
3589,2
3590,2
3591,2
3592,0
3593,1
3594,2
3595,0
3596,0
3597,1
3598,2
3599,0
3600,1
3601,0
3602,0
3603,0
3604,1
3605,0
3606,0
3607,2
3608,1
3609,0
3610,0
3611,0
3612,2
3613,0
3614,2
3615,1
3616,2
3617,2
3618,1
3619,0
3620,0
3621,2
3622,2
3623,0
3624,2
3625,2
3626,2
3627,2
3628,2
3629,1
3630,1
3631,0
3632,0
3633,2
3634,0
3635,2
3636,1
3637,2
3638,0
3639,1
3640,2
3641,0
3642,0
3643,2
3644,2
3645,2
3646,0
3647,2
3648,0
3649,1
3650,0
3651,1
3652,0
3653,2
3654,0
3655,0
3656,1
3657,0
3658,0
3659,1
3660,0
3661,2
3662,1
3663,0
3664,1
3665,2
3666,1
3667,2
3668,1
3669,2
3670,0
3671,1
3672,1
3673,1
3674,0
3675,2
3676,1
3677,2
3678,0
3679,2
3680,0
3681,1
3682,2
3683,0
3684,2
3685,0
3686,2
3687,0
3688,2
3689,2
3690,2
3691,2
3692,1
3693,2
3694,1
3695,2
3696,1
3697,1
3698,0
3699,1
3700,0
3701,2
3702,1
3703,2
3704,2
3705,2
3706,2
3707,2
3708,0
3709,2
3710,2
3711,0
3712,0
3713,1
3714,1
3715,1
3716,1
3717,0
3718,1
3719,1
3720,2
3721,0
3722,0
3723,0
3724,2
3725,0
3726,1
3727,0
3728,0
3729,2
3730,2
3731,0
3732,2
3733,0
3734,0
3735,0
3736,2
3737,1
3738,2
3739,2
3740,1
3741,2
3742,1
3743,2
3744,2
3745,1
3746,2
3747,1
3748,0
3749,0
3750,0
3751,1
3752,0
3753,2
3754,1
3755,0
3756,0
3757,1
3758,0
3759,2
3760,2
3761,2
3762,2
3763,1
3764,1
3765,2
3766,0
3767,1
3768,2
3769,0
3770,2
3771,2
3772,1
3773,0
3774,1
3775,0
3776,1
3777,2
3778,2
3779,2
3780,1
3781,0
3782,1
3783,0
3784,2
3785,1
3786,2
3787,1
3788,0
3789,1
3790,0
3791,0
3792,1
3793,0
3794,2
3795,0
3796,0
3797,0
3798,2
3799,0
3800,0
3801,0
3802,0
3803,1
3804,1
3805,2
3806,2
3807,2
3808,0
3809,0
3810,0
3811,2
3812,2
3813,0
3814,0
3815,1
3816,0
3817,1
3818,1
3819,2
3820,0
3821,1
3822,0
3823,2
3824,2
3825,1
3826,2
3827,2
3828,2
3829,2
3830,0
3831,1
3832,2
3833,0
3834,0
3835,0
3836,1
3837,2
3838,1
3839,1
3840,2
3841,0
3842,2
3843,2
3844,2
3845,1
3846,2
3847,2
3848,2
3849,2
3850,2
3851,2
3852,0
3853,0
3854,0
3855,0
3856,1
3857,0
3858,1
3859,2
3860,2
3861,2
3862,0
3863,0
3864,0
3865,0
3866,0
3867,0
3868,2
3869,2
3870,2
3871,0
3872,0
3873,1
3874,0
3875,1
3876,1
3877,2
3878,1
3879,0
3880,2
3881,2
3882,0
3883,2
3884,0
3885,1
3886,1
3887,1
3888,2
3889,2
3890,1
3891,1
3892,1
3893,0
3894,2
3895,1
3896,1
3897,2
3898,1
3899,2
3900,0
3901,2
3902,1
3903,2
3904,1
3905,0
3906,0
3907,0
3908,1
3909,1
3910,0
3911,2
3912,0
3913,2
3914,2
3915,0
3916,1
3917,2
3918,1
3919,2
3920,2
3921,0
3922,1
3923,2
3924,0
3925,1
3926,1
3927,2
3928,0
3929,0
3930,2
3931,2
3932,0
3933,0
3934,0
3935,2
3936,2
3937,0
3938,2
3939,0
3940,0
3941,1
3942,1
3943,1
3944,0
3945,0
3946,2
3947,1
3948,1
3949,1
3950,2
3951,1
3952,2
3953,2
3954,0
3955,0
3956,1
3957,1
3958,1
3959,0
3960,1
3961,1
3962,1
3963,1
3964,0
3965,2
3966,2
3967,0
3968,2
3969,2
3970,1
3971,2
3972,2
3973,0
3974,1
3975,2
3976,1
3977,1
3978,1
3979,2
3980,0
3981,2
3982,1
3983,1
3984,0
3985,0
3986,2
3987,2
3988,2
3989,0
3990,2
3991,1
3992,0
3993,2
3994,2
3995,0
3996,2
3997,2
3998,2
3999,2
4000,0
4001,1
4002,0
4003,2
4004,2
4005,1
4006,1
4007,2
4008,0
4009,2
4010,1
4011,0
4012,1
4013,0
4014,2
4015,1
4016,0
4017,2
4018,1
4019,2
4020,2
4021,0
4022,2
4023,0
4024,0
4025,0
4026,0
4027,2
4028,2
4029,2
4030,2
4031,1
4032,2
4033,2
4034,1
4035,1
4036,0
4037,0
4038,0
4039,0
4040,2
4041,0
4042,2
4043,0
4044,1
4045,1
4046,2
4047,1
4048,2
4049,0
4050,2
4051,2
4052,1
4053,0
4054,1
4055,0
4056,2
4057,2
4058,2
4059,0
4060,0
4061,2
4062,1
4063,1
4064,2
4065,0
4066,2
4067,0
4068,2
4069,1
4070,0
4071,2
4072,0
4073,1
4074,0
4075,0
4076,2
4077,1
4078,1
4079,0
4080,2
4081,0
4082,0
4083,2
4084,1
4085,0
4086,0
4087,2
4088,2
4089,1
4090,1
4091,1
4092,0
4093,2
4094,0
4095,2
4096,0
4097,1
4098,0
4099,0
4100,2
4101,2
4102,0
4103,2
4104,2
4105,1
4106,1
4107,1
4108,1
4109,2
4110,2
4111,0
4112,0
4113,0
4114,0
4115,1
4116,0
4117,0
4118,2
4119,0
4120,1
4121,0
4122,2
4123,0
4124,0
4125,0
4126,2
4127,0
4128,0
4129,2
4130,2
4131,2
4132,1
4133,2
4134,2
4135,2
4136,0
4137,2
4138,0
4139,0
4140,0
4141,1
4142,2
4143,0
4144,1
4145,1
4146,0
4147,2
4148,1
4149,0
4150,2
4151,2
4152,1
4153,2
4154,2
4155,2
4156,1
4157,0
4158,2
4159,0
4160,2
4161,2
4162,0
4163,2
4164,0
4165,0
4166,2
4167,0
4168,1
4169,1
4170,1
4171,0
4172,1
4173,0
4174,0
4175,0
4176,2
4177,2
4178,2
4179,2
4180,2
4181,0
4182,0
4183,1
4184,2
4185,2
4186,1
4187,1
4188,0
4189,2
4190,1
4191,1
4192,1
4193,0
4194,0
4195,1
4196,1
4197,2
4198,0
4199,1
4200,0
4201,0
4202,1
4203,0
4204,2
4205,0
4206,2
4207,0
4208,1
4209,2
4210,2
4211,2
4212,2
4213,0
4214,2
4215,0
4216,0
4217,1
4218,0
4219,1
4220,0
4221,2
4222,1
4223,2
4224,2
4225,2
4226,0
4227,2
4228,0
4229,2
4230,0
4231,1
4232,2
4233,1
4234,1
4235,2
4236,0
4237,0
4238,2
4239,0
4240,1
4241,0
4242,0
4243,2
4244,0
4245,0
4246,1
4247,0
4248,1
4249,1
4250,0
4251,0
4252,2
4253,1
4254,0
4255,2
4256,1
4257,1
4258,2
4259,0
4260,1
4261,1
4262,2
4263,2
4264,0
4265,0
4266,0
4267,1
4268,1
4269,0
4270,1
4271,0
4272,0
4273,1
4274,1
4275,1
4276,2
4277,0
4278,2
4279,2
4280,2
4281,0
4282,2
4283,0
4284,0
4285,2
4286,2
4287,1
4288,0
4289,1
4290,0
4291,0
4292,0
4293,1
4294,1
4295,0
4296,0
4297,1
4298,2
4299,2
4300,2
4301,1
4302,0
4303,0
4304,2
4305,1
4306,2
4307,0
4308,0
4309,2
4310,0
4311,2
4312,0
4313,2
4314,2
4315,1
4316,2
4317,1
4318,0
4319,1
4320,1
4321,2
4322,2
4323,2
4324,2
4325,0
4326,0
4327,1
4328,1
4329,1
4330,0
4331,1
4332,2
4333,2
4334,2
4335,2
4336,1
4337,2
4338,1
4339,0
4340,1
4341,0
4342,0
4343,2
4344,2
4345,2
4346,0
4347,2
4348,0
4349,2
4350,2
4351,0
4352,1
4353,1
4354,1
4355,2
4356,0
4357,2
4358,2
4359,0
4360,2
4361,0
4362,2
4363,1
4364,0
4365,1
4366,2
4367,0
4368,0
4369,2
4370,2
4371,2
4372,0
4373,2
4374,2
4375,0
4376,0
4377,0
4378,1
4379,2
4380,0
4381,1
4382,0
4383,1
4384,0
4385,0
4386,1
4387,0
4388,0
4389,1
4390,0
4391,2
4392,0
4393,2
4394,2
4395,0
4396,2
4397,1
4398,1
4399,2
4400,2
4401,0
4402,1
4403,0
4404,0
4405,0
4406,0
4407,2
4408,1
4409,1
4410,0
4411,0
4412,2
4413,0
4414,1
4415,0
4416,0
4417,2
4418,0
4419,1
4420,2
4421,0
4422,0
4423,2
4424,0
4425,2
4426,0
4427,0
4428,2
4429,0
4430,2
4431,1
4432,2
4433,1
4434,1
4435,0
4436,1
4437,1
4438,0
4439,0
4440,0
4441,2
4442,1
4443,1
4444,2
4445,2
4446,1
4447,2
4448,1
4449,0
4450,0
4451,2
4452,0
4453,1
4454,1
4455,0
4456,2
4457,0
4458,2
4459,0
4460,0
4461,1
4462,0
4463,2
4464,0
4465,2
4466,2
4467,0
4468,2
4469,2
4470,2
4471,0
4472,0
4473,2
4474,1
4475,1
4476,2
4477,2
4478,1
4479,0
4480,2
4481,2
4482,2
4483,0
4484,2
4485,2
4486,0
4487,1
4488,2
4489,0
4490,1
4491,1
4492,2
4493,2
4494,1
4495,0
4496,0
4497,2
4498,2
4499,0
4500,1
4501,1
4502,1
4503,0
4504,1
4505,2
4506,2
4507,2
4508,1
4509,2
4510,2
4511,2
4512,1
4513,2
4514,2
4515,1
4516,2
4517,2
4518,1
4519,2
4520,2
4521,2
4522,0
4523,1
4524,1
4525,2
4526,0
4527,0
4528,0
4529,0
4530,2
4531,0
4532,2
4533,0
4534,2
4535,0
4536,2
4537,2
4538,0
4539,2
4540,2
4541,2
4542,0
4543,1
4544,2
4545,2
4546,2
4547,1
4548,2
4549,2
4550,0
4551,0
4552,1
4553,0
4554,0
4555,0
4556,2
4557,2
4558,0
4559,0
4560,0
4561,0
4562,1
4563,0
4564,0
4565,0
4566,0
4567,0
4568,1
4569,1
4570,0
4571,1
4572,0
4573,0
4574,2
4575,0
4576,0
4577,1
4578,0
4579,1
4580,0
4581,0
4582,0
4583,2
4584,2
4585,1
4586,0
4587,2
4588,0
4589,0
4590,0
4591,1
4592,2
4593,1
4594,0
4595,0
4596,0
4597,2
4598,0
4599,2
4600,0
4601,1
4602,2
4603,1
4604,2
4605,2
4606,1
4607,2
4608,1
4609,0
4610,0
4611,0
4612,1
4613,0
4614,2
4615,2
4616,1
4617,1
4618,1
4619,0
4620,0
4621,2
4622,2
4623,0
4624,2
4625,0
4626,0
4627,0
4628,2
4629,2
4630,0
4631,1
4632,2
4633,0
4634,1
4635,0
4636,2
4637,1
4638,2
4639,0
4640,0
4641,2
4642,1
4643,1
4644,0
4645,1
4646,0
4647,0
4648,2
4649,0
4650,2
4651,2
4652,2
4653,2
4654,0
4655,0
4656,0
4657,0
4658,2
4659,1
4660,2
4661,2
4662,1
4663,2
4664,2
4665,2
4666,0
4667,1
4668,2
4669,1
4670,2
4671,2
4672,2
4673,2
4674,2
4675,0
4676,0
4677,0
4678,2
4679,2
4680,1
4681,2
4682,2
4683,0
4684,1
4685,2
4686,0
4687,1
4688,0
4689,0
4690,1
4691,0
4692,2
4693,1
4694,0
4695,2
4696,1
4697,2
4698,2
4699,0
4700,2
4701,0
4702,2
4703,0
4704,0
4705,2
4706,2
4707,2
4708,2
4709,0
4710,0
4711,1
4712,0
4713,1
4714,0
4715,1
4716,2
4717,0
4718,2
4719,2
4720,1
4721,0
4722,2
4723,1
4724,1
4725,0
4726,2
4727,2
4728,2
4729,0
4730,2
4731,2
4732,0
4733,0
4734,0
4735,1
4736,0
4737,2
4738,1
4739,1
4740,0
4741,0
4742,0
4743,0
4744,0
4745,2
4746,2
4747,2
4748,0
4749,2
4750,0
4751,0
4752,0
4753,2
4754,1
4755,2
4756,2
4757,1
4758,2
4759,0
4760,2
4761,2
4762,0
4763,0
4764,2
4765,0
4766,1
4767,0
4768,2
4769,1
4770,2
4771,2
4772,0
4773,0
4774,2
4775,1
4776,2
4777,2
4778,2
4779,0
4780,2
4781,0
4782,0
4783,2
4784,0
4785,2
4786,2
4787,0
4788,2
4789,2
4790,0
4791,0
4792,2
4793,2
4794,0
4795,1
4796,1
4797,2
4798,2
4799,0
4800,2
4801,1
4802,0
4803,0
4804,0
4805,2
4806,0
4807,0
4808,0
4809,2
4810,2
4811,1
4812,1
4813,0
4814,0
4815,2
4816,0
4817,0
4818,0
4819,1
4820,0
4821,1
4822,1
4823,1
4824,1
4825,0
4826,0
4827,2
4828,0
4829,2
4830,1
4831,0
4832,1
4833,0
4834,2
4835,0
4836,0
4837,2
4838,0
4839,2
4840,2
4841,2
4842,0
4843,2
4844,1
4845,1
4846,0
4847,2
4848,0
4849,0
4850,0
4851,0
4852,0
4853,1
4854,0
4855,2
4856,2
4857,1
4858,2
4859,1
4860,0
4861,1
4862,0
4863,0
4864,0
4865,1
4866,1
4867,1
4868,2
4869,2
4870,2
4871,1
4872,2
4873,2
4874,0
4875,2
4876,2
4877,1
4878,2
4879,0
4880,0
4881,0
4882,2
4883,0
4884,2
4885,2
4886,1
4887,0
4888,0
4889,1
4890,0
4891,1
4892,0
4893,1
4894,1
4895,0
4896,2
4897,1
4898,2
4899,2
4900,1
4901,2
4902,2
4903,0
4904,0
4905,2
4906,2
4907,2
4908,2
4909,2
4910,0
4911,0
4912,1
4913,1
4914,2
4915,0
4916,1
4917,0
4918,1
4919,0
4920,1
4921,0
4922,0
4923,1
4924,2
4925,0
4926,1
4927,0
4928,0
4929,0
4930,0
4931,0
4932,1
4933,0
4934,1
4935,2
4936,1
4937,2
4938,2
4939,2
4940,0
4941,1
4942,0
4943,1
4944,0
4945,2
4946,1
4947,0
4948,0
4949,1
4950,1
4951,1
4952,0
4953,2
4954,2
4955,0
4956,2
4957,1
4958,0
4959,1
4960,2
4961,1
4962,1
4963,1
4964,1
4965,2
4966,0
4967,0
4968,1
4969,2
4970,0
4971,2
4972,2
4973,0
4974,0
4975,2
4976,2
4977,0
4978,0
4979,0
4980,1
4981,2
4982,1
4983,0
4984,0
4985,0
4986,2
4987,1
4988,0
4989,0
4990,0
4991,0
4992,2
4993,0
4994,2
4995,2
4996,0
4997,1
4998,2
4999,2
5000,2
5001,2
5002,2
5003,1
5004,0
5005,0
5006,0
5007,2
5008,1
5009,0
5010,1
5011,2
5012,0
5013,2
5014,1
5015,0
5016,0
5017,0
5018,2
5019,0
5020,2
5021,2
5022,1
5023,0
5024,1
5025,1
5026,2
5027,2
5028,1
5029,0
5030,2
5031,0
5032,1
5033,0
5034,0
5035,0
5036,2
5037,2
5038,2
5039,2
5040,0
5041,2
5042,1
5043,0
5044,1
5045,1
5046,2
5047,2
5048,0
5049,1
5050,2
5051,2
5052,2
5053,1
5054,0
5055,2
5056,2
5057,2
5058,2
5059,2
5060,1
5061,1
5062,1
5063,2
5064,0
5065,0
5066,1
5067,2
5068,0
5069,1
5070,0
5071,2
5072,0
5073,0
5074,0
5075,1
5076,2
5077,0
5078,1
5079,1
5080,0
5081,0
5082,1
5083,2
5084,0
5085,2
5086,0
5087,0
5088,0
5089,0
5090,2
5091,1
5092,2
5093,2
5094,2
5095,0
5096,2
5097,0
5098,2
5099,2
5100,2
5101,2
5102,2
5103,0
5104,2
5105,0
5106,1
5107,0
5108,2
5109,2
5110,0
5111,0
5112,2
5113,2
5114,1
5115,2
5116,2
5117,1
5118,0
5119,0
5120,0
5121,2
5122,2
5123,2
5124,1
5125,1
5126,2
5127,1
5128,2
5129,1
5130,2
5131,1
5132,2
5133,0
5134,1
5135,2
5136,1
5137,1
5138,0
5139,1
5140,2
5141,0
5142,1
5143,2
5144,2
5145,0
5146,2
5147,2
5148,2
5149,2
5150,1
5151,2
5152,0
5153,1
5154,2
5155,2
5156,1
5157,0
5158,1
5159,2
5160,1
5161,0
5162,0
5163,2
5164,2
5165,2
5166,2
5167,2
5168,1
5169,2
5170,1
5171,2
5172,0
5173,2
5174,1
5175,1
5176,0
5177,2
5178,2
5179,2
5180,2
5181,0
5182,1
5183,2
5184,1
5185,1
5186,2
5187,2
5188,1
5189,2
5190,1
5191,0
5192,2
5193,0
5194,0
5195,0
5196,0
5197,0
5198,1
5199,0
5200,1
5201,0
5202,1
5203,2
5204,2
5205,2
5206,2
5207,2
5208,0
5209,0
5210,0
5211,1
5212,1
5213,2
5214,2
5215,0
5216,0
5217,0
5218,2
5219,0
5220,1
5221,0
5222,1
5223,0
5224,0
5225,1
5226,0
5227,1
5228,0
5229,0
5230,2
5231,1
5232,0
5233,1
5234,1
5235,0
5236,0
5237,2
5238,1
5239,0
5240,2
5241,0
5242,0
5243,0
5244,0
5245,0
5246,1
5247,0
5248,1
5249,2
5250,0
5251,1
5252,2
5253,0
5254,2
5255,2
5256,0
5257,1
5258,0
5259,1
5260,0
5261,2
5262,2
5263,0
5264,1
5265,1
5266,1
5267,2
5268,1
5269,0
5270,2
5271,0
5272,2
5273,0
5274,0
5275,1
5276,0
5277,0
5278,0
5279,0
5280,0
5281,2
5282,0
5283,2
5284,2
5285,0
5286,2
5287,2
5288,1
5289,2
5290,0
5291,2
5292,0
5293,1
5294,0
5295,0
5296,2
5297,0
5298,1
5299,0
5300,0
5301,0
5302,1
5303,1
5304,1
5305,0
5306,0
5307,2
5308,1
5309,2
5310,1
5311,0
5312,2
5313,1
5314,0
5315,0
5316,1
5317,2
5318,1
5319,1
5320,0
5321,2
5322,1
5323,2
5324,1
5325,0
5326,0
5327,2
5328,2
5329,1
5330,0
5331,2
5332,0
5333,0
5334,0
5335,1
5336,2
5337,2
5338,2
5339,0
5340,1
5341,2
5342,0
5343,2
5344,2
5345,0
5346,2
5347,0
5348,0
5349,1
5350,2
5351,2
5352,2
5353,1
5354,0
5355,2
5356,2
5357,1
5358,1
5359,0
5360,0
5361,0
5362,0
5363,0
5364,2
5365,1
5366,2
5367,2
5368,0
5369,2
5370,0
5371,2
5372,0
5373,0
5374,0
5375,0
5376,1
5377,0
5378,0
5379,0
5380,2
5381,1
5382,1
5383,1
5384,1
5385,2
5386,0
5387,2
5388,2
5389,0
5390,0
5391,2
5392,1
5393,0
5394,0
5395,2
5396,0
5397,0
5398,0
5399,0
5400,2
5401,2
5402,1
5403,0
5404,0
5405,0
5406,1
5407,2
5408,0
5409,2
5410,0
5411,0
5412,2
5413,0
5414,2
5415,2
5416,2
5417,2
5418,0
5419,1
5420,2
5421,2
5422,0
5423,0
5424,0
5425,0
5426,1
5427,2
5428,2
5429,1
5430,1
5431,2
5432,2
5433,2
5434,0
5435,1
5436,1
5437,0
5438,0
5439,1
5440,1
5441,2
5442,2
5443,1
5444,0
5445,1
5446,0
5447,1
5448,1
5449,0
5450,0
5451,2
5452,2
5453,2
5454,2
5455,2
5456,0
5457,1
5458,2
5459,2
5460,0
5461,2
5462,2
5463,0
5464,1
5465,0
5466,1
5467,2
5468,1
5469,2
5470,0
5471,0
5472,2
5473,0
5474,2
5475,2
5476,0
5477,2
5478,0
5479,2
5480,1
5481,1
5482,1
5483,2
5484,0
5485,0
5486,2
5487,2
5488,2
5489,1
5490,0
5491,2
5492,2
5493,1
5494,2
5495,1
5496,0
5497,2
5498,1
5499,1
5500,1
5501,2
5502,2
5503,0
5504,1
5505,2
5506,2
5507,2
5508,1
5509,2
5510,2
5511,2
5512,1
5513,2
5514,2
5515,2
5516,2
5517,0
5518,0
5519,0
5520,2
5521,0
5522,2
5523,0
5524,2
5525,0
5526,1
5527,1
5528,1
5529,2
5530,2
5531,2
5532,1
5533,0
5534,0
5535,0
5536,2
5537,0
5538,1
5539,1
5540,0
5541,0
5542,1
5543,2
5544,2
5545,0
5546,1
5547,2
5548,0
5549,1
5550,1
5551,0
5552,1
5553,0
5554,2
5555,2
5556,2
5557,2
5558,2
5559,0
5560,1
5561,1
5562,0
5563,2
5564,1
5565,0
5566,0
5567,0
5568,1
5569,0
5570,0
5571,0
5572,1
5573,2
5574,2
5575,1
5576,0
5577,0
5578,0
5579,2
5580,2
5581,2
5582,1
5583,1
5584,2
5585,2
5586,2
5587,0
5588,0
5589,1
5590,0
5591,2
5592,2
5593,1
5594,2
5595,2
5596,1
5597,1
5598,2
5599,1
5600,1
5601,0
5602,1
5603,0
5604,2
5605,1
5606,0
5607,0
5608,2
5609,2
5610,2
5611,2
5612,2
5613,0
5614,0
5615,1
5616,1
5617,2
5618,1
5619,1
5620,2
5621,1
5622,2
5623,2
5624,1
5625,1
5626,2
5627,0
5628,0
5629,2
5630,1
5631,1
5632,1
5633,0
5634,2
5635,0
5636,1
5637,2
5638,2
5639,0
5640,0
5641,2
5642,0
5643,2
5644,2
5645,2
5646,1
5647,1
5648,2
5649,2
5650,1
5651,0
5652,2
5653,2
5654,0
5655,2
5656,0
5657,0
5658,0
5659,0
5660,0
5661,0
5662,2
5663,2
5664,2
5665,2
5666,2
5667,0
5668,2
5669,0
5670,1
5671,0
5672,2
5673,2
5674,1
5675,1
5676,0
5677,0
5678,0
5679,2
5680,1
5681,0
5682,0
5683,1
5684,2
5685,2
5686,0
5687,2
5688,2
5689,2
5690,0
5691,2
5692,2
5693,1
5694,1
5695,2
5696,2
5697,0
5698,1
5699,2
5700,1
5701,2
5702,0
5703,2
5704,0
5705,2
5706,2
5707,2
5708,0
5709,2
5710,1
5711,1
5712,2
5713,2
5714,0
5715,0
5716,1
5717,0
5718,2
5719,1
5720,1
5721,2
5722,2
5723,0
5724,0
5725,0
5726,2
5727,2
5728,0
5729,2
5730,0
5731,0
5732,2
5733,2
5734,0
5735,2
5736,0
5737,2
5738,0
5739,0
5740,1
5741,0
5742,0
5743,0
5744,0
5745,2
5746,2
5747,2
5748,0
5749,0
5750,2
5751,0
5752,0
5753,1
5754,0
5755,2
5756,2
5757,0
5758,1
5759,1
5760,2
5761,0
5762,0
5763,1
5764,1
5765,2
5766,1
5767,2
5768,0
5769,0
5770,2
5771,2
5772,2
5773,0
5774,1
5775,2
5776,0
5777,2
5778,0
5779,2
5780,0
5781,2
5782,2
5783,1
5784,0
5785,1
5786,1
5787,0
5788,1
5789,2
5790,1
5791,2
5792,2
5793,2
5794,2
5795,2
5796,1
5797,1
5798,2
5799,2
5800,0
5801,0
5802,0
5803,0
5804,0
5805,2
5806,0
5807,2
5808,1
5809,0
5810,2
5811,1
5812,2
5813,2
5814,2
5815,1
5816,0
5817,0
5818,0
5819,2
5820,0
5821,0
5822,1
5823,1
5824,1
5825,1
5826,2
5827,1
5828,0
5829,1
5830,1
5831,0
5832,0
5833,0
5834,2
5835,0
5836,1
5837,0
5838,2
5839,1
5840,2
5841,2
5842,2
5843,1
5844,0
5845,2
5846,2
5847,0
5848,1
5849,2
5850,1
5851,0
5852,2
5853,2
5854,0
5855,0
5856,0
5857,0
5858,0
5859,0
5860,1
5861,2
5862,0
5863,1
5864,1
5865,2
5866,2
5867,2
5868,0
5869,0
5870,2
5871,1
5872,2
5873,2
5874,2
5875,1
5876,0
5877,2
5878,1
5879,1
5880,1
5881,0
5882,0
5883,0
5884,0
5885,0
5886,2
5887,1
5888,0
5889,2
5890,0
5891,0
5892,0
5893,0
5894,0
5895,0
5896,1
5897,0
5898,2
5899,0
5900,2
5901,2
5902,2
5903,1
5904,2
5905,0
5906,2
5907,2
5908,0
5909,0
5910,2
5911,1
5912,2
5913,0
5914,0
5915,1
5916,1
5917,1
5918,2
5919,2
5920,0
5921,2
5922,1
5923,1
5924,2
5925,0
5926,0
5927,2
5928,1
5929,0
5930,2
5931,2
5932,0
5933,2
5934,0
5935,2
5936,0
5937,0
5938,0
5939,1
5940,0
5941,0
5942,0
5943,2
5944,1
5945,1
5946,2
5947,0
5948,1
5949,2
5950,0
5951,1
5952,2
5953,0
5954,0
5955,0
5956,2
5957,2
5958,0
5959,2
5960,2
5961,1
5962,0
5963,0
5964,0
5965,0
5966,1
5967,0
5968,2
5969,0
5970,1
5971,0
5972,0
5973,2
5974,1
5975,0
5976,0
5977,2
5978,2
5979,0
5980,0
5981,0
5982,0
5983,0
5984,2
5985,0
5986,0
5987,2
5988,0
5989,1
5990,2
5991,1
5992,0
5993,2
5994,2
5995,0
5996,2
5997,0
5998,1
5999,0
6000,1
6001,0
6002,0
6003,2
6004,2
6005,0
6006,0
6007,2
6008,1
6009,0
6010,2
6011,1
6012,0
6013,2
6014,0
6015,1
6016,0
6017,0
6018,2
6019,2
6020,1
6021,2
6022,2
6023,1
6024,2
6025,0
6026,0
6027,1
6028,2
6029,2
6030,1
6031,0
6032,2
6033,1
6034,0
6035,2
6036,0
6037,2
6038,2
6039,0
6040,1
6041,0
6042,0
6043,0
6044,2
6045,2
6046,2
6047,2
6048,1
6049,0
6050,0
6051,0
6052,0
6053,2
6054,2
6055,1
6056,2
6057,0
6058,0
6059,2
6060,2
6061,2
6062,2
6063,2
6064,2
6065,2
6066,0
6067,1
6068,2
6069,2
6070,0
6071,2
6072,0
6073,1
6074,2
6075,0
6076,2
6077,0
6078,0
6079,2
6080,1
6081,2
6082,2
6083,0
6084,0
6085,0
6086,2
6087,1
6088,1
6089,0
6090,2
6091,2
6092,2
6093,2
6094,0
6095,0
6096,1
6097,0
6098,2
6099,1
6100,0
6101,2
6102,2
6103,2
6104,0
6105,2
6106,2
6107,0
6108,0
6109,1
6110,2
6111,2
6112,0
6113,0
6114,0
6115,0
6116,1
6117,0
6118,1
6119,1
6120,1
6121,0
6122,2
6123,2
6124,2
6125,1
6126,0
6127,2
6128,1
6129,2
6130,2
6131,0
6132,0
6133,0
6134,1
6135,1
6136,1
6137,1
6138,0
6139,2
6140,0
6141,1
6142,2
6143,2
6144,2
6145,2
6146,1
6147,2
6148,2
6149,0
6150,1
6151,0
6152,2
6153,1
6154,1
6155,2
6156,2
6157,2
6158,2
6159,0
6160,0
6161,2
6162,0
6163,1
6164,2
6165,1
6166,2
6167,2
6168,1
6169,1
6170,0
6171,0
6172,2
6173,2
6174,2
6175,0
6176,1
6177,2
6178,0
6179,2
6180,1
6181,0
6182,0
6183,1
6184,0
6185,2
6186,0
6187,2
6188,2
6189,1
6190,0
6191,2
6192,1
6193,0
6194,0
6195,2
6196,2
6197,2
6198,0
6199,0
6200,0
6201,2
6202,0
6203,0
6204,0
6205,0
6206,0
6207,0
6208,2
6209,2
6210,2
6211,2
6212,0
6213,2
6214,0
6215,1
6216,0
6217,1
6218,2
6219,2
6220,1
6221,0
6222,0
6223,1
6224,2
6225,1
6226,2
6227,0
6228,1
6229,0
6230,0
6231,1
6232,2
6233,1
6234,2
6235,0
6236,0
6237,2
6238,1
6239,0
6240,2
6241,2
6242,0
6243,1
6244,0
6245,2
6246,0
6247,0
6248,1
6249,2
6250,2
6251,0
6252,1
6253,0
6254,2
6255,1
6256,0
6257,0
6258,0
6259,2
6260,1
6261,2
6262,0
6263,2
6264,2
6265,0
6266,1
6267,2
6268,0
6269,1
6270,1
6271,2
6272,1
6273,2
6274,2
6275,1
6276,0
6277,1
6278,0
6279,2
6280,1
6281,2
6282,0
6283,0
6284,1
6285,2
6286,1
6287,0
6288,1
6289,2
6290,2
6291,2
6292,0
6293,2
6294,2
6295,2
6296,2
6297,2
6298,2
6299,0
6300,2
6301,2
6302,2
6303,2
6304,0
6305,1
6306,1
6307,2
6308,0
6309,0
6310,2
6311,0
6312,2
6313,2
6314,2
6315,1
6316,2
6317,2
6318,0
6319,1
6320,1
6321,2
6322,2
6323,0
6324,1
6325,0
6326,2
6327,2
6328,0
6329,0
6330,2
6331,0
6332,2
6333,2
6334,0
6335,2
6336,0
6337,1
6338,1
6339,0
6340,1
6341,1
6342,0
6343,2
6344,0
6345,0
6346,0
6347,1
6348,0
6349,2
6350,2
6351,2
6352,2
6353,0
6354,2
6355,2
6356,0
6357,0
6358,2
6359,0
6360,0
6361,0
6362,1
6363,1
6364,1
6365,0
6366,0
6367,0
6368,1
6369,0
6370,0
6371,0
6372,0
6373,2
6374,1
6375,0
6376,0
6377,0
6378,0
6379,1
6380,1
6381,2
6382,1
6383,2
6384,2
6385,0
6386,2
6387,0
6388,0
6389,2
6390,0
6391,2
6392,0
6393,2
6394,0
6395,2
6396,2
6397,2
6398,2
6399,1
6400,2
6401,2
6402,2
6403,2
6404,2
6405,2
6406,0
6407,0
6408,1
6409,2
6410,1
6411,0
6412,0
6413,1
6414,0
6415,1
6416,0
6417,0
6418,2
6419,2
6420,1
6421,1
6422,2
6423,2
6424,2
6425,0
6426,0
6427,0
6428,0
6429,2
6430,2
6431,2
6432,0
6433,0
6434,0
6435,0
6436,2
6437,0
6438,1
6439,2
6440,2
6441,0
6442,0
6443,1
6444,1
6445,2
6446,0
6447,2
6448,2
6449,1
6450,0
6451,0
6452,2
6453,1
6454,2
6455,1
6456,2
6457,0
6458,1
6459,0
6460,1
6461,2
6462,0
6463,0
6464,2
6465,0
6466,1
6467,1
6468,0
6469,2
6470,2
6471,1
6472,0
6473,2
6474,1
6475,0
6476,0
6477,0
6478,2
6479,0
6480,2
6481,0
6482,2
6483,0
6484,0
6485,1
6486,1
6487,1
6488,1
6489,2
6490,1
6491,2
6492,2
6493,1
6494,2
6495,1
6496,0
6497,2
6498,0
6499,0
6500,0
6501,1
6502,0
6503,2
6504,2
6505,0
6506,0
6507,0
6508,2
6509,1
6510,0
6511,2
6512,0
6513,2
6514,1
6515,2
6516,2
6517,1
6518,0
6519,1
6520,2
6521,1
6522,1
6523,0
6524,2
6525,2
6526,0
6527,0
6528,0
6529,2
6530,2
6531,0
6532,2
6533,1
6534,0
6535,2
6536,2
6537,0
6538,2
6539,2
6540,1
6541,2
6542,0
6543,0
6544,0
6545,0
6546,2
6547,0
6548,0
6549,0
6550,0
6551,2
6552,1
6553,0
6554,1
6555,2
6556,1
6557,2
6558,0
6559,2
6560,1
6561,2
6562,0
6563,2
6564,0
6565,1
6566,0
6567,1
6568,1
6569,0
6570,2
6571,2
6572,2
6573,2
6574,2
6575,2
6576,0
6577,0
6578,2
6579,1
6580,0
6581,1
6582,2
6583,2
6584,0
6585,1
6586,2
6587,0
6588,0
6589,2
6590,1
6591,1
6592,0
6593,0
6594,0
6595,2
6596,0
6597,2
6598,1
6599,1
6600,1
6601,0
6602,0
6603,2
6604,0
6605,2
6606,0
6607,1
6608,2
6609,0
6610,2
6611,0
6612,0
6613,0
6614,0
6615,1
6616,0
6617,2
6618,0
6619,0
6620,0
6621,0
6622,2
6623,2
6624,2
6625,1
6626,0
6627,1
6628,1
6629,2
6630,0
6631,0
6632,2
6633,0
6634,0
6635,1
6636,2
6637,0
6638,2
6639,1
6640,0
6641,2
6642,1
6643,0
6644,0
6645,2
6646,2
6647,0
6648,2
6649,0
6650,0
6651,1
6652,0
6653,2
6654,2
6655,1
6656,2
6657,0
6658,2
6659,0
6660,2
6661,1
6662,2
6663,0
6664,1
6665,2
6666,2
6667,0
6668,2
6669,0
6670,0
6671,2
6672,2
6673,0
6674,1
6675,1
6676,1
6677,2
6678,2
6679,0
6680,0
6681,0
6682,1
6683,0
6684,1
6685,2
6686,0
6687,1
6688,0
6689,2
6690,1
6691,2
6692,0
6693,1
6694,2
6695,0
6696,1
6697,0
6698,2
6699,0
6700,1
6701,2
6702,0
6703,2
6704,1
6705,1
6706,1
6707,0
6708,2
6709,1
6710,2
6711,2
6712,2
6713,2
6714,0
6715,0
6716,2
6717,0
6718,0
6719,2
6720,0
6721,2
6722,1
6723,1
6724,0
6725,1
6726,2
6727,0
6728,1
6729,0
6730,1
6731,0
6732,0
6733,1
6734,0
6735,2
6736,0
6737,1
6738,2
6739,0
6740,0
6741,1
6742,2
6743,0
6744,0
6745,0
6746,2
6747,1
6748,2
6749,0
6750,1
6751,1
6752,0
6753,0
6754,0
6755,2
6756,0
6757,1
6758,1
6759,2
6760,2
6761,2
6762,2
6763,0
6764,0
6765,2
6766,2
6767,1
6768,1
6769,1
6770,1
6771,0
6772,1
6773,2
6774,0
6775,2
6776,1
6777,0
6778,0
6779,2
6780,0
6781,2
6782,0
6783,1
6784,0
6785,0
6786,0
6787,0
6788,2
6789,0
6790,2
6791,0
6792,2
6793,2
6794,2
6795,1
6796,2
6797,0
6798,1
6799,0
6800,2
6801,0
6802,0
6803,0
6804,1
6805,2
6806,0
6807,0
6808,0
6809,0
6810,2
6811,1
6812,0
6813,2
6814,0
6815,2
6816,1
6817,0
6818,2
6819,2
6820,1
6821,0
6822,0
6823,2
6824,0
6825,0
6826,0
6827,1
6828,0
6829,0
6830,1
6831,2
6832,1
6833,2
6834,2
6835,2
6836,1
6837,2
6838,0
6839,2
6840,0
6841,0
6842,1
6843,2
6844,2
6845,2
6846,0
6847,2
6848,2
6849,0
6850,1
6851,2
6852,2
6853,0
6854,0
6855,0
6856,2
6857,1
6858,1
6859,0
6860,0
6861,2
6862,2
6863,0
6864,2
6865,2
6866,0
6867,0
6868,2
6869,0
6870,2
6871,1
6872,0
6873,2
6874,2
6875,1
6876,2
6877,0
6878,2
6879,1
6880,0
6881,1
6882,1
6883,0
6884,0
6885,2
6886,2
6887,2
6888,2
6889,0
6890,0
6891,0
6892,0
6893,1
6894,2
6895,0
6896,0
6897,0
6898,1
6899,2
6900,0
6901,0
6902,0
6903,0
6904,0
6905,1
6906,1
6907,1
6908,0
6909,0
6910,2
6911,2
6912,2
6913,0
6914,1
6915,2
6916,0
6917,1
6918,2
6919,0
6920,2
6921,1
6922,0
6923,1
6924,1
6925,1
6926,1
6927,2
6928,0
6929,2
6930,2
6931,0
6932,2
6933,0
6934,2
6935,1
6936,1
6937,2
6938,1
6939,1
6940,2
6941,1
6942,2
6943,2
6944,1
6945,2
6946,2
6947,1
6948,1
6949,2
6950,1
6951,0
6952,2
6953,2
6954,0
6955,2
6956,1
6957,0
6958,2
6959,2
6960,2
6961,2
6962,2
6963,2
6964,2
6965,0
6966,2
6967,1
6968,0
6969,1
6970,0
6971,1
6972,2
6973,1
6974,1
6975,2
6976,2
6977,1
6978,2
6979,0
6980,0
6981,1
6982,2
6983,0
6984,1
6985,1
6986,1
6987,0
6988,0
6989,1
6990,1
6991,1
6992,2
6993,2
6994,2
6995,0
6996,0
6997,0
6998,0
6999,1
7000,0
7001,0
7002,1
7003,0
7004,0
7005,0
7006,2
7007,0
7008,0
7009,1
7010,2
7011,0
7012,1
7013,2
7014,2
7015,2
7016,1
7017,0
7018,0
7019,1
7020,1
7021,0
7022,1
7023,2
7024,0
7025,2
7026,1
7027,1
7028,2
7029,2
7030,0
7031,2
7032,0
7033,0
7034,0
7035,1
7036,2
7037,0
7038,1
7039,2
7040,0
7041,1
7042,2
7043,0
7044,0
7045,2
7046,1
7047,0
7048,1
7049,2
7050,1
7051,0
7052,1
7053,1
7054,1
7055,2
7056,0
7057,0
7058,2
7059,2
7060,0
7061,0
7062,0
7063,1
7064,1
7065,0
7066,2
7067,1
7068,2
7069,1
7070,2
7071,1
7072,1
7073,2
7074,2
7075,1
7076,2
7077,0
7078,1
7079,0
7080,0
7081,1
7082,0
7083,0
7084,2
7085,0
7086,2
7087,0
7088,2
7089,0
7090,2
7091,2
7092,2
7093,0
7094,2
7095,0
7096,1
7097,0
7098,2
7099,2
7100,1
7101,2
7102,1
7103,1
7104,2
7105,2
7106,1
7107,2
7108,1
7109,0
7110,0
7111,0
7112,2
7113,0
7114,0
7115,0
7116,2
7117,0
7118,2
7119,1
7120,2
7121,0
7122,1
7123,0
7124,1
7125,2
7126,2
7127,1
7128,2
7129,0
7130,2
7131,2
7132,1
7133,2
7134,1
7135,0
7136,2
7137,1
7138,0
7139,0
7140,2
7141,2
7142,2
7143,2
7144,1
7145,2
7146,0
7147,0
7148,1
7149,1
7150,0
7151,2
7152,2
7153,2
7154,0
7155,2
7156,2
7157,2
7158,0
7159,0
7160,2
7161,2
7162,1
7163,0
7164,2
7165,2
7166,0
7167,0
7168,0
7169,0
7170,2
7171,1
7172,0
7173,1
7174,0
7175,2
7176,0
7177,2
7178,2
7179,0
7180,2
7181,0
7182,0
7183,2
7184,0
7185,1
7186,0
7187,1
7188,1
7189,2
7190,2
7191,1
7192,2
7193,0
7194,0
7195,1
7196,0
7197,2
7198,1
7199,0
7200,2
7201,1
7202,2
7203,1
7204,1
7205,2
7206,0
7207,1
7208,0
7209,1
7210,1
7211,2
7212,2
7213,0
7214,0
7215,0
7216,2
7217,2
7218,0
7219,0
7220,0
7221,2
7222,1
7223,0
7224,2
7225,2
7226,0
7227,0
7228,0
7229,0
7230,1
7231,1
7232,0
7233,2
7234,0
7235,0
7236,2
7237,0
7238,0
7239,2
7240,2
7241,2
7242,2
7243,0
7244,1
7245,2
7246,2
7247,2
7248,2
7249,0
7250,2
7251,2
7252,1
7253,2
7254,2
7255,0
7256,2
7257,2
7258,0
7259,0
7260,0
7261,1
7262,2
7263,1
7264,1
7265,0
7266,1
7267,0
7268,0
7269,2
7270,2
7271,1
7272,1
7273,2
7274,1
7275,0
7276,2
7277,2
7278,0
7279,0
7280,0
7281,2
7282,2
7283,0
7284,2
7285,1
7286,2
7287,1
7288,0
7289,2
7290,2
7291,1
7292,2
7293,2
7294,2
7295,2
7296,2
7297,0
7298,1
7299,0
7300,1
7301,2
7302,2
7303,1
7304,1
7305,0
7306,1
7307,0
7308,0
7309,0
7310,1
7311,0
7312,0
7313,0
7314,1
7315,1
7316,0
7317,1
7318,0
7319,0
7320,0
7321,0
7322,2
7323,2
7324,0
7325,1
7326,1
7327,1
7328,2
7329,0
7330,0
7331,0
7332,0
7333,2
7334,2
7335,0
7336,2
7337,2
7338,2
7339,2
7340,0
7341,2
7342,0
7343,2
7344,2
7345,2
7346,1
7347,0
7348,2
7349,0
7350,1
7351,1
7352,1
7353,2
7354,1
7355,0
7356,2
7357,1
7358,2
7359,0
7360,0
7361,2
7362,2
7363,2
7364,2
7365,0
7366,0
7367,2
7368,0
7369,1
7370,0
7371,0
7372,0
7373,1
7374,2
7375,0
7376,0
7377,1
7378,2
7379,2
7380,0
7381,0
7382,2
7383,2
7384,1
7385,1
7386,1
7387,0
7388,2
7389,1
7390,2
7391,0
7392,1
7393,0
7394,1
7395,2
7396,2
7397,0
7398,1
7399,2
7400,0
7401,0
7402,0
7403,0
7404,0
7405,0
7406,0
7407,0
7408,0
7409,1
7410,1
7411,2
7412,0
7413,2
7414,0
7415,1
7416,0
7417,2
7418,1
7419,1
7420,0
7421,1
7422,2
7423,2
7424,1
7425,1
7426,2
7427,0
7428,1
7429,2
7430,2
7431,1
7432,1
7433,0
7434,1
7435,0
7436,0
7437,1
7438,2
7439,2
7440,1
7441,1
7442,0
7443,2
7444,0
7445,0
7446,2
7447,0
7448,2
7449,0
7450,1
7451,1
7452,1
7453,0
7454,2
7455,2
7456,0
7457,0
7458,0
7459,1
7460,2
7461,1
7462,0
7463,0
7464,0
7465,0
7466,1
7467,1
7468,2
7469,2
7470,2
7471,2
7472,1
7473,0
7474,0
7475,0
7476,0
7477,2
7478,0
7479,2
7480,2
7481,2
7482,2
7483,0
7484,2
7485,2
7486,0
7487,2
7488,1
7489,0
7490,2
7491,2
7492,2
7493,2
7494,1
7495,0
7496,2
7497,1
7498,0
7499,0
7500,2
7501,2
7502,1
7503,1
7504,0
7505,1
7506,2
7507,0
7508,2
7509,2
7510,1
7511,0
7512,2
7513,0
7514,0
7515,2
7516,0
7517,2
7518,1
7519,0
7520,0
7521,2
7522,1
7523,1
7524,2
7525,1
7526,2
7527,0
7528,0
7529,2
7530,0
7531,2
7532,0
7533,2
7534,2
7535,0
7536,1
7537,2
7538,2
7539,0
7540,0
7541,0
7542,0
7543,0
7544,2
7545,2
7546,2
7547,0
7548,2
7549,0
7550,1
7551,0
7552,0
7553,0
7554,2
7555,2
7556,1
7557,1
7558,2
7559,2
7560,0
7561,2
7562,0
7563,0
7564,2
7565,0
7566,0
7567,0
7568,1
7569,2
7570,2
7571,1
7572,2
7573,2
7574,2
7575,2
7576,0
7577,0
7578,2
7579,2
7580,1
7581,0
7582,2
7583,2
7584,0
7585,0
7586,0
7587,2
7588,2
7589,2
7590,0
7591,1
7592,2
7593,0
7594,1
7595,0
7596,0
7597,1
7598,0
7599,1
7600,2
7601,0
7602,0
7603,1
7604,0
7605,2
7606,2
7607,1
7608,0
7609,2
7610,0
7611,2
7612,2
7613,2
7614,2
7615,0
7616,2
7617,2
7618,0
7619,1
7620,2
7621,0
7622,1
7623,2
7624,0
7625,2
7626,1
7627,1
7628,1
7629,1
7630,2
7631,0
7632,1
7633,1
7634,1
7635,2
7636,1
7637,0
7638,2
7639,2
7640,2
7641,0
7642,0
7643,2
7644,0
7645,2
7646,1
7647,1
7648,2
7649,1
7650,2
7651,2
7652,2
7653,0
7654,0
7655,1
7656,2
7657,2
7658,1
7659,0
7660,0
7661,0
7662,2
7663,0
7664,2
7665,1
7666,2
7667,2
7668,0
7669,1
7670,0
7671,2
7672,2
7673,1
7674,2
7675,0
7676,2
7677,0
7678,0
7679,1
7680,1
7681,1
7682,1
7683,0
7684,0
7685,2
7686,2
7687,2
7688,2
7689,2
7690,1
7691,0
7692,2
7693,0
7694,0
7695,0
7696,1
7697,0
7698,1
7699,2
7700,0
7701,0
7702,1
7703,1
7704,1
7705,1
7706,1
7707,1
7708,0
7709,1
7710,0
7711,0
7712,1
7713,0
7714,0
7715,2
7716,1
7717,1
7718,0
7719,1
7720,0
7721,1
7722,2
7723,2
7724,0
7725,2
7726,2
7727,2
7728,0
7729,2
7730,2
7731,1
7732,0
7733,2
7734,0
7735,0
7736,2
7737,0
7738,0
7739,1
7740,2
7741,0
7742,0
7743,0
7744,0
7745,2
7746,2
7747,0
7748,2
7749,1
7750,1
7751,0
7752,2
7753,2
7754,2
7755,0
7756,1
7757,2
7758,0
7759,2
7760,2
7761,2
7762,0
7763,1
7764,0
7765,1
7766,0
7767,0
7768,0
7769,2
7770,0
7771,2
7772,1
7773,0
7774,0
7775,0
7776,0
7777,0
7778,0
7779,2
7780,0
7781,0
7782,0
7783,0
7784,2
7785,0
7786,0
7787,2
7788,0
7789,1
7790,0
7791,1
7792,2
7793,0
7794,2
7795,2
7796,2
7797,2
7798,2
7799,0
7800,2
7801,0
7802,2
7803,0
7804,2
7805,0
7806,2
7807,2
7808,2
7809,0
7810,0
7811,2
7812,2
7813,1
7814,0
7815,2
7816,1
7817,2
7818,2
7819,0
7820,0
7821,2
7822,1
7823,2
7824,0
7825,1
7826,0
7827,2
7828,2
7829,0
7830,0
7831,2
7832,0
7833,1
7834,0
7835,1
7836,1
7837,2
7838,0
7839,2
7840,2
7841,0
7842,0
7843,0
7844,0
7845,0
7846,2
7847,2
7848,2
7849,0
7850,0
7851,2
7852,0
7853,2
7854,0
7855,1
7856,0
7857,0
7858,1
7859,2
7860,0
7861,2
7862,2
7863,0
7864,0
7865,1
7866,0
7867,1
7868,0
7869,1
7870,0
7871,0
7872,1
7873,0
7874,2
7875,2
7876,0
7877,0
7878,2
7879,2
7880,0
7881,0
7882,1
7883,0
7884,2
7885,2
7886,0
7887,1
7888,1
7889,2
7890,2
7891,0
7892,1
7893,1
7894,2
7895,0
7896,2
7897,1
7898,1
7899,2
7900,2
7901,0
7902,1
7903,0
7904,0
7905,0
7906,0
7907,1
7908,0
7909,1
7910,0
7911,0
7912,2
7913,2
7914,1
7915,1
7916,0
7917,0
7918,0
7919,2
7920,0
7921,1
7922,1
7923,0
7924,2
7925,0
7926,2
7927,0
7928,1
7929,0
7930,0
7931,2
7932,0
7933,1
7934,0
7935,2
7936,1
7937,0
7938,2
7939,0
7940,1
7941,0
7942,2
7943,2
7944,2
7945,1
7946,0
7947,2
7948,2
7949,2
7950,2
7951,0
7952,1
7953,0
7954,1
7955,1
7956,0
7957,0
7958,1
7959,2
7960,2
7961,2
7962,1
7963,0
7964,0
7965,2
7966,0
7967,0
7968,2
7969,0
7970,1
7971,2
7972,0
7973,2
7974,0
7975,1
7976,2
7977,0
7978,2
7979,2
7980,0
7981,2
7982,1
7983,2
7984,2
7985,2
7986,0
7987,2
7988,2
7989,2
7990,2
7991,1
7992,2
7993,0
7994,0
7995,2
7996,1
7997,0
7998,2
7999,1
8000,0
8001,2
8002,2
8003,1
8004,2
8005,2
8006,2
8007,2
8008,2
8009,0
8010,0
8011,2
8012,2
8013,0
8014,0
8015,1
8016,2
8017,0
8018,1
8019,0
8020,1
8021,0
8022,0
8023,1
8024,1
8025,1
8026,2
8027,0
8028,2
8029,0
8030,0
8031,2
8032,0
8033,2
8034,2
8035,0
8036,2
8037,1
8038,1
8039,2
8040,2
8041,0
8042,2
8043,1
8044,1
8045,2
8046,2
8047,0
8048,1
8049,1
8050,0
8051,0
8052,2
8053,2
8054,2
8055,0
8056,2
8057,1
8058,0
8059,1
8060,0
8061,0
8062,2
8063,0
8064,2
8065,0
8066,2
8067,1
8068,0
8069,2
8070,2
8071,2
8072,1
8073,1
8074,1
8075,0
8076,1
8077,0
8078,0
8079,2
8080,0
8081,1
8082,2
8083,2
8084,0
8085,0
8086,0
8087,1
8088,1
8089,2
8090,0
8091,2
8092,0
8093,1
8094,0
8095,0
8096,2
8097,2
8098,0
8099,1
8100,2
8101,2
8102,2
8103,1
8104,0
8105,0
8106,0
8107,1
8108,2
8109,0
8110,0
8111,2
8112,0
8113,1
8114,0
8115,1
8116,1
8117,0
8118,0
8119,0
8120,0
8121,2
8122,0
8123,0
8124,2
8125,1
8126,2
8127,0
8128,1
8129,1
8130,0
8131,2
8132,1
8133,2
8134,2
8135,0
8136,0
8137,0
8138,0
8139,1
8140,0
8141,0
8142,2
8143,2
8144,2
8145,1
8146,2
8147,2
8148,1
8149,2
8150,1
8151,1
8152,0
8153,1
8154,2
8155,1
8156,2
8157,2
8158,0
8159,1
8160,0
8161,0
8162,0
8163,2
8164,0
8165,0
8166,2
8167,1
8168,2
8169,0
8170,0
8171,0
8172,2
8173,1
8174,2
8175,1
8176,1
8177,0
8178,2
8179,2
8180,2
8181,2
8182,1
8183,0
8184,0
8185,1
8186,0
8187,0
8188,1
8189,2
8190,2
8191,1
8192,1
8193,0
8194,0
8195,2
8196,0
8197,2
8198,0
8199,0
8200,2
8201,1
8202,2
8203,0
8204,2
8205,0
8206,1
8207,2
8208,0
8209,2
8210,2
8211,0
8212,2
8213,0
8214,0
8215,2
8216,1
8217,2
8218,0
8219,0
8220,2
8221,2
8222,0
8223,0
8224,0
8225,2
8226,2
8227,2
8228,2
8229,2
8230,1
8231,2
8232,2
8233,2
8234,1
8235,1
8236,1
8237,2
8238,0
8239,1
8240,2
8241,0
8242,2
8243,1
8244,0
8245,1
8246,0
8247,1
8248,1
8249,1
8250,2
8251,2
8252,1
8253,2
8254,2
8255,0
8256,0
8257,1
8258,1
8259,1
8260,2
8261,0
8262,0
8263,0
8264,1
8265,1
8266,2
8267,2
8268,0
8269,0
8270,1
8271,1
8272,0
8273,1
8274,1
8275,2
8276,2
8277,2
8278,1
8279,2
8280,1
8281,1
8282,2
8283,0
8284,1
8285,1
8286,0
8287,0
8288,0
8289,0
8290,0
8291,1
8292,0
8293,1
8294,2
8295,2
8296,1
8297,0
8298,2
8299,2
8300,2
8301,1
8302,1
8303,1
8304,2
8305,1
8306,2
8307,2
8308,1
8309,1
8310,0
8311,2
8312,0
8313,2
8314,2
8315,1
8316,2
8317,0
8318,2
8319,0
8320,2
8321,2
8322,2
8323,2
8324,1
8325,0
8326,2
8327,0
8328,0
8329,0
8330,1
8331,2
8332,0
8333,2
8334,0
8335,2
8336,0
8337,1
8338,0
8339,1
8340,2
8341,2
8342,2
8343,0
8344,2
8345,0
8346,2
8347,2
8348,0
8349,0
8350,0
8351,0
8352,0
8353,1
8354,0
8355,1
8356,0
8357,2
8358,2
8359,0
8360,1
8361,1
8362,0
8363,0
8364,2
8365,1
8366,0
8367,2
8368,0
8369,0
8370,2
8371,0
8372,2
8373,1
8374,2
8375,0
8376,1
8377,2
8378,2
8379,2
8380,2
8381,0
8382,0
8383,0
8384,1
8385,2
8386,0
8387,2
8388,2
8389,0
8390,1
8391,2
8392,0
8393,0
8394,0
8395,1
8396,2
8397,0
8398,1
8399,0
8400,0
8401,0
8402,2
8403,2
8404,2
8405,2
8406,0
8407,0
8408,0
8409,0
8410,1
8411,1
8412,0
8413,2
8414,0
8415,0
8416,0
8417,0
8418,2
8419,2
8420,1
8421,1
8422,2
8423,2
8424,1
8425,2
8426,2
8427,2
8428,1
8429,1
8430,0
8431,2
8432,1
8433,2
8434,1
8435,0
8436,0
8437,0
8438,0
8439,2
8440,2
8441,0
8442,2
8443,0
8444,1
8445,1
8446,0
8447,0
8448,2
8449,0
8450,1
8451,0
8452,1
8453,2
8454,0
8455,1
8456,1
8457,0
8458,0
8459,0
8460,0
8461,0
8462,1
8463,1
8464,2
8465,0
8466,2
8467,2
8468,2
8469,0
8470,0
8471,2
8472,2
8473,2
8474,1
8475,0
8476,0
8477,1
8478,0
8479,1
8480,1
8481,0
8482,2
8483,0
8484,2
8485,2
8486,2
8487,2
8488,0
8489,2
8490,2
8491,0
8492,2
8493,1
8494,2
8495,2
8496,1
8497,0
8498,1
8499,0
8500,2
8501,0
8502,1
8503,0
8504,2
8505,0
8506,0
8507,1
8508,2
8509,0
8510,0
8511,1
8512,2
8513,1
8514,0
8515,1
8516,1
8517,2
8518,2
8519,0
8520,0
8521,0
8522,2
8523,2
8524,1
8525,1
8526,2
8527,0
8528,0
8529,0
8530,2
8531,1
8532,2
8533,1
8534,1
8535,1
8536,2
8537,0
8538,1
8539,2
8540,0
8541,2
8542,2
8543,2
8544,0
8545,1
8546,1
8547,1
8548,1
8549,2
8550,0
8551,2
8552,1
8553,0
8554,2
8555,1
8556,0
8557,0
8558,1
8559,1
8560,0
8561,1
8562,0
8563,0
8564,0
8565,2
8566,1
8567,0
8568,1
8569,0
8570,0
8571,1
8572,0
8573,0
8574,0
8575,2
8576,2
8577,0
8578,0
8579,1
8580,0
8581,2
8582,2
8583,2
8584,2
8585,2
8586,2
8587,2
8588,0
8589,0
8590,0
8591,2
8592,2
8593,0
8594,2
8595,0
8596,1
8597,0
8598,2
8599,0
8600,2
8601,0
8602,0
8603,1
8604,1
8605,2
8606,2
8607,1
8608,0
8609,1
8610,1
8611,1
8612,0
8613,2
8614,1
8615,0
8616,2
8617,0
8618,1
8619,2
8620,1
8621,1
8622,0
8623,1
8624,0
8625,0
8626,2
8627,0
8628,1
8629,2
8630,0
8631,0
8632,2
8633,2
8634,2
8635,0
8636,1
8637,2
8638,0
8639,2
8640,2
8641,1
8642,2
8643,0
8644,0
8645,2
8646,2
8647,2
8648,1
8649,2
8650,2
8651,2
8652,0
8653,0
8654,2
8655,1
8656,2
8657,1
8658,0
8659,1
8660,1
8661,0
8662,0
8663,1
8664,1
8665,1
8666,2
8667,0
8668,2
8669,0
8670,2
8671,0
8672,2
8673,2
8674,2
8675,2
8676,2
8677,0
8678,1
8679,1
8680,2
8681,0
8682,0
8683,1
8684,0
8685,0
8686,1
8687,2
8688,1
8689,2
8690,0
8691,2
8692,2
8693,2
8694,0
8695,0
8696,0
8697,2
8698,1
8699,0
8700,1
8701,0
8702,0
8703,1
8704,2
8705,0
8706,1
8707,2
8708,2
8709,1
8710,2
8711,2
8712,0
8713,2
8714,2
8715,0
8716,2
8717,1
8718,2
8719,1
8720,2
8721,1
8722,1
8723,0
8724,0
8725,0
8726,0
8727,1
8728,2
8729,1
8730,2
8731,0
8732,0
8733,1
8734,1
8735,0
8736,0
8737,2
8738,1
8739,2
8740,2
8741,2
8742,2
8743,2
8744,1
8745,2
8746,0
8747,2
8748,1
8749,1
8750,0
8751,0
8752,1
8753,2
8754,0
8755,0
8756,0
8757,2
8758,2
8759,0
8760,0
8761,2
8762,0
8763,2
8764,0
8765,1
8766,0
8767,2
8768,0
8769,2
8770,1
8771,1
8772,1
8773,0
8774,1
8775,0
8776,2
8777,0
8778,2
8779,0
8780,0
8781,0
8782,0
8783,1
8784,2
8785,1
8786,0
8787,1
8788,2
8789,0
8790,2
8791,0
8792,2
8793,2
8794,0
8795,0
8796,0
8797,0
8798,1
8799,0
8800,0
8801,0
8802,1
8803,0
8804,1
8805,0
8806,1
8807,1
8808,2
8809,2
8810,1
8811,2
8812,0
8813,2
8814,0
8815,2
8816,0
8817,0
8818,1
8819,0
8820,2
8821,1
8822,1
8823,2
8824,0
8825,1
8826,0
8827,1
8828,2
8829,0
8830,2
8831,2
8832,1
8833,2
8834,2
8835,0
8836,1
8837,1
8838,0
8839,0
8840,1
8841,1
8842,0
8843,0
8844,0
8845,2
8846,1
8847,2
8848,2
8849,0
8850,0
8851,0
8852,2
8853,1
8854,2
8855,0
8856,1
8857,1
8858,2
8859,0
8860,2
8861,2
8862,0
8863,0
8864,2
8865,2
8866,2
8867,2
8868,0
8869,2
8870,0
8871,1
8872,0
8873,2
8874,2
8875,0
8876,0
8877,2
8878,0
8879,2
8880,2
8881,0
8882,2
8883,0
8884,1
8885,2
8886,1
8887,0
8888,1
8889,1
8890,0
8891,0
8892,0
8893,0
8894,2
8895,0
8896,2
8897,0
8898,0
8899,2
8900,2
8901,0
8902,0
8903,0
8904,2
8905,2
8906,2
8907,1
8908,2
8909,0
8910,0
8911,2
8912,1
8913,1
8914,0
8915,2
8916,2
8917,1
8918,0
8919,0
8920,2
8921,1
8922,1
8923,2
8924,2
8925,2
8926,0
8927,0
8928,0
8929,2
8930,0
8931,2
8932,2
8933,2
8934,2
8935,2
8936,2
8937,1
8938,0
8939,0
8940,0
8941,1
8942,1
8943,2
8944,2
8945,1
8946,0
8947,2
8948,0
8949,2
8950,1
8951,2
8952,0
8953,0
8954,2
8955,0
8956,2
8957,0
8958,2
8959,2
8960,2
8961,1
8962,0
8963,2
8964,2
8965,0
8966,0
8967,0
8968,0
8969,1
8970,1
8971,2
8972,1
8973,2
8974,0
8975,0
8976,0
8977,1
8978,0
8979,1
8980,0
8981,0
8982,2
8983,2
8984,0
8985,2
8986,2
8987,1
8988,1
8989,0
8990,2
8991,2
8992,0
8993,2
8994,2
8995,2
8996,2
8997,2
8998,0
8999,1
9000,0
9001,2
9002,0
9003,0
9004,2
9005,1
9006,2
9007,2
9008,0
9009,2
9010,1
9011,0
9012,1
9013,2
9014,0
9015,0
9016,1
9017,0
9018,2
9019,2
9020,0
9021,2
9022,2
9023,2
9024,1
9025,2
9026,1
9027,2
9028,1
9029,0
9030,0
9031,2
9032,1
9033,0
9034,1
9035,0
9036,0
9037,2
9038,1
9039,2
9040,0
9041,0
9042,2
9043,0
9044,2
9045,2
9046,0
9047,0
9048,2
9049,0
9050,1
9051,2
9052,0
9053,0
9054,0
9055,0
9056,2
9057,0
9058,2
9059,0
9060,2
9061,1
9062,1
9063,1
9064,2
9065,0
9066,2
9067,0
9068,1
9069,0
9070,0
9071,0
9072,1
9073,2
9074,0
9075,2
9076,2
9077,2
9078,0
9079,2
9080,1
9081,1
9082,1
9083,0
9084,0
9085,2
9086,1
9087,0
9088,2
9089,0
9090,0
9091,0
9092,0
9093,1
9094,0
9095,2
9096,1
9097,0
9098,0
9099,1
9100,0
9101,1
9102,0
9103,0
9104,2
9105,2
9106,2
9107,0
9108,2
9109,2
9110,0
9111,1
9112,0
9113,0
9114,1
9115,1
9116,2
9117,0
9118,0
9119,0
9120,0
9121,1
9122,1
9123,0
9124,2
9125,1
9126,0
9127,1
9128,0
9129,0
9130,0
9131,1
9132,0
9133,2
9134,0
9135,2
9136,1
9137,2
9138,0
9139,2
9140,2
9141,0
9142,0
9143,0
9144,0
9145,1
9146,2
9147,2
9148,2
9149,0
9150,1
9151,2
9152,1
9153,2
9154,1
9155,1
9156,0
9157,2
9158,1
9159,2
9160,1
9161,2
9162,2
9163,0
9164,1
9165,0
9166,0
9167,2
9168,1
9169,2
9170,2
9171,2
9172,2
9173,1
9174,2
9175,1
9176,2
9177,0
9178,1
9179,2
9180,2
9181,0
9182,1
9183,2
9184,0
9185,1
9186,0
9187,1
9188,0
9189,0
9190,0
9191,0
9192,0
9193,1
9194,2
9195,2
9196,0
9197,2
9198,1
9199,0
9200,0
9201,2
9202,2
9203,2
9204,2
9205,0
9206,1
9207,2
9208,1
9209,0
9210,1
9211,1
9212,2
9213,0
9214,2
9215,0
9216,0
9217,1
9218,1
9219,0
9220,0
9221,2
9222,1
9223,0
9224,0
9225,0
9226,2
9227,1
9228,2
9229,1
9230,0
9231,0
9232,1
9233,0
9234,2
9235,2
9236,1
9237,1
9238,1
9239,1
9240,2
9241,1
9242,2
9243,1
9244,0
9245,1
9246,2
9247,2
9248,0
9249,2
9250,0
9251,2
9252,0
9253,0
9254,1
9255,2
9256,1
9257,1
9258,1
9259,2
9260,0
9261,2
9262,0
9263,1
9264,0
9265,2
9266,2
9267,2
9268,1
9269,1
9270,1
9271,0
9272,1
9273,0
9274,1
9275,0
9276,0
9277,0
9278,2
9279,2
9280,2
9281,2
9282,2
9283,0
9284,2
9285,1
9286,2
9287,2
9288,2
9289,2
9290,0
9291,0
9292,2
9293,1
9294,0
9295,2
9296,2
9297,2
9298,0
9299,2
9300,1
9301,2
9302,2
9303,1
9304,1
9305,2
9306,1
9307,0
9308,0
9309,2
9310,0
9311,1
9312,0
9313,2
9314,1
9315,0
9316,0
9317,0
9318,0
9319,0
9320,1
9321,0
9322,0
9323,2
9324,1
9325,2
9326,2
9327,2
9328,0
9329,2
9330,2
9331,1
9332,2
9333,0
9334,2
9335,1
9336,0
9337,1
9338,1
9339,2
9340,0
9341,2
9342,1
9343,0
9344,1
9345,0
9346,2
9347,0
9348,0
9349,0
9350,1
9351,2
9352,1
9353,1
9354,0
9355,1
9356,2
9357,2
9358,2
9359,0
9360,1
9361,0
9362,0
9363,2
9364,2
9365,2
9366,0
9367,0
9368,0
9369,0
9370,2
9371,2
9372,2
9373,2
9374,0
9375,2
9376,0
9377,2
9378,2
9379,0
9380,2
9381,2
9382,2
9383,0
9384,1
9385,0
9386,0
9387,2
9388,0
9389,1
9390,1
9391,0
9392,0
9393,0
9394,2
9395,2
9396,2
9397,2
9398,0
9399,2
9400,0
9401,1
9402,0
9403,0
9404,2
9405,1
9406,0
9407,2
9408,2
9409,0
9410,2
9411,0
9412,2
9413,0
9414,0
9415,1
9416,0
9417,2
9418,2
9419,0
9420,0
9421,1
9422,2
9423,1
9424,1
9425,0
9426,2
9427,1
9428,1
9429,0
9430,2
9431,0
9432,2
9433,1
9434,1
9435,1
9436,2
9437,2
9438,2
9439,2
9440,0
9441,1
9442,2
9443,0
9444,0
9445,2
9446,0
9447,1
9448,1
9449,2
9450,0
9451,0
9452,1
9453,1
9454,1
9455,0
9456,0
9457,2
9458,2
9459,1
9460,2
9461,1
9462,1
9463,0
9464,0
9465,1
9466,2
9467,0
9468,0
9469,2
9470,0
9471,2
9472,2
9473,1
9474,0
9475,1
9476,1
9477,1
9478,2
9479,2
9480,2
9481,0
9482,2
9483,0
9484,2
9485,0
9486,0
9487,0
9488,2
9489,1
9490,1
9491,0
9492,0
9493,2
9494,1
9495,2
9496,2
9497,2
9498,0
9499,2
9500,2
9501,2
9502,0
9503,0
9504,1
9505,1
9506,2
9507,1
9508,2
9509,1
9510,0
9511,0
9512,0
9513,1
9514,2
9515,0
9516,2
9517,1
9518,1
9519,2
9520,2
9521,0
9522,2
9523,1
9524,1
9525,2
9526,2
9527,0
9528,1
9529,0
9530,0
9531,0
9532,2
9533,1
9534,2
9535,0
9536,0
9537,0
9538,0
9539,0
9540,2
9541,2
9542,1
9543,0
9544,2
9545,2
9546,1
9547,0
9548,1
9549,2
9550,1
9551,0
9552,2
9553,0
9554,2
9555,1
9556,0
9557,0
9558,0
9559,0
9560,0
9561,2
9562,0
9563,1
9564,2
9565,1
9566,0
9567,2
9568,2
9569,2
9570,0
9571,2
9572,2
9573,2
9574,2
9575,0
9576,0
9577,2
9578,0
9579,2
9580,2
9581,1
9582,2
9583,0
9584,1
9585,1
9586,1
9587,2
9588,1
9589,0
9590,2
9591,2
9592,2
9593,0
9594,0
9595,0
9596,2
9597,0
9598,0
9599,1
9600,1
9601,2
9602,0
9603,0
9604,0
9605,2
9606,2
9607,2
9608,0
9609,0
9610,0
9611,1
9612,2
9613,2
9614,0
9615,0
9616,0
9617,2
9618,1
9619,1
9620,0
9621,2
9622,0
9623,1
9624,1
9625,1
9626,0
9627,0
9628,1
9629,0
9630,2
9631,1
9632,0
9633,1
9634,2
9635,0
9636,2
9637,2
9638,2
9639,2
9640,2
9641,2
9642,2
9643,2
9644,2
9645,0
9646,2
9647,0
9648,2
9649,0
9650,0
9651,2
9652,2
9653,1
9654,0
9655,0
9656,1
9657,2
9658,0
9659,0
9660,0
9661,2
9662,2
9663,0
9664,0
9665,2
9666,1
9667,0
9668,2
9669,2
9670,1
9671,2
9672,1
9673,0
9674,2
9675,0
9676,2
9677,1
9678,0
9679,0
9680,0
9681,1
9682,0
9683,2
9684,1
9685,0
9686,0
9687,2
9688,1
9689,0
9690,2
9691,2
9692,0
9693,0
9694,1
9695,0
9696,2
9697,1
9698,2
9699,1
9700,0
9701,2
9702,1
9703,1
9704,2
9705,1
9706,2
9707,1
9708,0
9709,0
9710,2
9711,2
9712,1
9713,0
9714,2
9715,1
9716,0
9717,0
9718,0
9719,0
9720,1
9721,0
9722,0
9723,1
9724,2
9725,2
9726,2
9727,1
9728,1
9729,0
9730,2
9731,2
9732,2
9733,0
9734,0
9735,1
9736,0
9737,0
9738,0
9739,2
9740,1
9741,2
9742,2
9743,0
9744,0
9745,1
9746,0
9747,2
9748,2
9749,1
9750,0
9751,0
9752,0
9753,0
9754,1
9755,1
9756,0
9757,2
9758,0
9759,1
9760,1
9761,1
9762,2
9763,0
9764,2
9765,2
9766,1
9767,0
9768,2
9769,2
9770,0
9771,2
9772,2
9773,1
9774,1
9775,0
9776,0
9777,2
9778,2
9779,0
9780,1
9781,2
9782,2
9783,2
9784,2
9785,0
9786,2
9787,0
9788,0
9789,0
9790,0
9791,1
9792,2
9793,0
9794,0
9795,0
9796,0
9797,2
9798,2
9799,0
9800,1
9801,0
9802,2
9803,0
9804,2
9805,0
9806,0
9807,2
9808,2
9809,1
9810,0
9811,0
9812,2
9813,0
9814,1
9815,1
9816,2
9817,2
9818,2
9819,0
9820,0
9821,1
9822,0
9823,1
9824,2
9825,1
9826,1
9827,0
9828,1
9829,2
9830,2
9831,1
9832,0
9833,1
9834,2
9835,1
9836,1
9837,2
9838,2
9839,0
9840,0
9841,0
9842,2
9843,1
9844,0
9845,1
9846,1
9847,0
9848,1
9849,1
9850,1
9851,1
9852,2
9853,0
9854,2
9855,1
9856,0
9857,1
9858,0
9859,2
9860,2
9861,2
9862,0
9863,2
9864,2
9865,0
9866,1
9867,2
9868,1
9869,0
9870,2
9871,2
9872,0
9873,1
9874,2
9875,0
9876,0
9877,2
9878,0
9879,0
9880,0
9881,2
9882,1
9883,1
9884,1
9885,2
9886,0
9887,0
9888,0
9889,2
9890,2
9891,2
9892,0
9893,2
9894,1
9895,2
9896,2
9897,0
9898,0
9899,1
9900,0
9901,2
9902,2
9903,2
9904,0
9905,2
9906,1
9907,0
9908,0
9909,1
9910,2
9911,2
9912,2
9913,0
9914,2
9915,0
9916,0
9917,0
9918,0
9919,0
9920,1
9921,2
9922,0
9923,2
9924,2
9925,0
9926,1
9927,1
9928,0
9929,2
9930,2
9931,1
9932,2
9933,0
9934,0
9935,0
9936,1
9937,2
9938,0
9939,0
9940,0
9941,1
9942,0
9943,2
9944,0
9945,1
9946,0
9947,0
9948,1
9949,0
9950,2
9951,1
9952,2
9953,2
9954,0
9955,1
9956,0
9957,2
9958,0
9959,0
9960,0
9961,0
9962,1
9963,0
9964,1
9965,0
9966,2
9967,0
9968,0
9969,2
9970,0
9971,1
9972,2
9973,2
9974,0
9975,1
9976,0
9977,0
9978,2
9979,1
9980,1
9981,2
9982,1
9983,0
9984,1
9985,0
9986,0
9987,0
9988,0
9989,2
9990,0
9991,2
9992,2
9993,2
9994,2
9995,2
9996,1
9997,2
9998,0
9999,1
10000,2
10001,0
10002,2
10003,0
10004,1
10005,0
10006,2
10007,1
10008,2
10009,1
10010,0
10011,2
10012,0
10013,1
10014,0
10015,2
10016,2
10017,0
10018,1
10019,2
10020,2
10021,0
10022,2
10023,1
10024,1
10025,0
10026,0
10027,1
10028,1
10029,2
10030,0
10031,2
10032,0
10033,1
10034,2
10035,0
10036,1
10037,0
10038,1
10039,1
10040,2
10041,1
10042,1
10043,2
10044,0
10045,0
10046,1
10047,0
10048,2
10049,2
10050,1
10051,2
10052,0
10053,0
10054,0
10055,1
10056,1
10057,2
10058,1
10059,0
10060,1
10061,0
10062,1
10063,0
10064,1
10065,2
10066,1
10067,1
10068,0
10069,1
10070,2
10071,0
10072,1
10073,2
10074,1
10075,1
10076,0
10077,2
10078,2
10079,2
10080,2
10081,2
10082,2
10083,2
10084,0
10085,1
10086,0
10087,2
10088,2
10089,0
10090,0
10091,0
10092,1
10093,0
10094,2
10095,1
10096,0
10097,1
10098,0
10099,1
10100,1
10101,1
10102,2
10103,1
10104,1
10105,0
10106,2
10107,2
10108,2
10109,1
10110,2
10111,0
10112,1
10113,2
10114,1
10115,2
10116,0
10117,2
10118,1
10119,0
10120,2
10121,0
10122,2
10123,2
10124,2
10125,1
10126,2
10127,0
10128,2
10129,2
10130,2
10131,0
10132,2
10133,2
10134,0
10135,2
10136,0
10137,0
10138,1
10139,0
10140,2
10141,2
10142,2
10143,0
10144,2
10145,0
10146,2
10147,0
10148,2
10149,1
10150,0
10151,1
10152,0
10153,0
10154,0
10155,0
10156,1
10157,2
10158,2
10159,0
10160,0
10161,2
10162,0
10163,0
10164,1
10165,0
10166,0
10167,2
10168,2
10169,0
10170,2
10171,0
10172,0
10173,2
10174,1
10175,1
10176,0
10177,0
10178,2
10179,2
10180,0
10181,0
10182,0
10183,0
10184,2
10185,1
10186,2
10187,2
10188,0
10189,0
10190,2
10191,0
10192,0
10193,2
10194,2
10195,0
10196,1
10197,2
10198,2
10199,2
10200,1
10201,1
10202,0
10203,2
10204,2
10205,0
10206,2
10207,0
10208,1
10209,1
10210,0
10211,2
10212,1
10213,2
10214,0
10215,0
10216,2
10217,2
10218,2
10219,0
10220,2
10221,1
10222,2
10223,0
10224,1
10225,0
10226,2
10227,0
10228,0
10229,2
10230,0
10231,0
10232,0
10233,0
10234,2
10235,0
10236,1
10237,2
10238,0
10239,1
10240,1
10241,1
10242,1
10243,0
10244,0
10245,0
10246,2
10247,1
10248,1
10249,0
10250,0
10251,0
10252,0
10253,2
10254,0
10255,0
10256,1
10257,2
10258,1
10259,0
10260,1
10261,0
10262,1
10263,2
10264,0
10265,1
10266,2
10267,2
10268,0
10269,0
10270,0
10271,0
10272,0
10273,0
10274,0
10275,0
10276,0
10277,0
10278,2
10279,1
10280,1
10281,2
10282,2
10283,0
10284,0
10285,2
10286,0
10287,1
10288,1
10289,2
10290,2
10291,0
10292,2
10293,0
10294,1
10295,0
10296,1
10297,0
10298,1
10299,2
10300,2
10301,0
10302,0
10303,2
10304,0
10305,0
10306,2
10307,2
10308,0
10309,0
10310,0
10311,0
10312,2
10313,2
10314,0
10315,2
10316,0
10317,1
10318,2
10319,2
10320,0
10321,2
10322,0
10323,2
10324,0
10325,1
10326,2
10327,2
10328,2
10329,0
10330,1
10331,0
10332,2
10333,2
10334,0
10335,0
10336,1
10337,1
10338,0
10339,2
10340,0
10341,2
10342,1
10343,0
10344,0
10345,1
10346,2
10347,0
10348,0
10349,1
10350,2
10351,0
10352,2
10353,1
10354,0
10355,0
10356,1
10357,2
10358,2
10359,2
10360,0
10361,2
10362,0
10363,2
10364,1
10365,2
10366,1
10367,0
10368,2
10369,0
10370,0
10371,2
10372,1
10373,0
10374,2
10375,2
10376,0
10377,1
10378,2
10379,2
10380,0
10381,1
10382,0
10383,2
10384,0
10385,0
10386,0
10387,0
10388,2
10389,0
10390,0
10391,2
10392,0
10393,0
10394,0
10395,0
10396,2
10397,2
10398,2
10399,2
10400,2
10401,1
10402,2
10403,2
10404,0
10405,2
10406,0
10407,2
10408,2
10409,2
10410,0
10411,2
10412,0
10413,1
10414,1
10415,2
10416,2
10417,0
10418,2
10419,2
10420,2
10421,0
10422,0
10423,1
10424,0
10425,2
10426,1
10427,0
10428,2
10429,2
10430,2
10431,0
10432,0
10433,2
10434,0
10435,2
10436,2
10437,1
10438,0
10439,0
10440,1
10441,0
10442,1
10443,2
10444,1
10445,0
10446,2
10447,2
10448,0
10449,2
10450,0
10451,0
10452,0
10453,2
10454,2
10455,2
10456,1
10457,1
10458,0
10459,2
10460,2
10461,2
10462,2
10463,1
10464,2
10465,0
10466,0
10467,2
10468,0
10469,0
10470,2
10471,1
10472,2
10473,2
10474,0
10475,1
10476,1
10477,1
10478,2
10479,0
10480,0
10481,1
10482,1
10483,0
10484,1
10485,1
10486,2
10487,0
10488,0
10489,2
10490,1
10491,2
10492,2
10493,2
10494,2
10495,0
10496,2
10497,2
10498,2
10499,2
10500,2
10501,0
10502,2
10503,0
10504,1
10505,2
10506,2
10507,2
10508,0
10509,1
10510,0
10511,0
10512,0
10513,0
10514,2
10515,2
10516,2
10517,0
10518,1
10519,2
10520,2
10521,2
10522,2
10523,1
10524,0
10525,2
10526,0
10527,2
10528,2
10529,0
10530,0
10531,2
10532,2
10533,2
10534,0
10535,1
10536,0
10537,2
10538,1
10539,2
10540,2
10541,2
10542,2
10543,2
10544,0
10545,2
10546,0
10547,0
10548,2
10549,2
10550,0
10551,1
10552,2
10553,2
10554,1
10555,2
10556,1
10557,2
10558,2
10559,2
10560,0
10561,0
10562,0
10563,2
10564,2
10565,2
10566,0
10567,1
10568,1
10569,2
10570,2
10571,2
10572,0
10573,1
10574,1
10575,0
10576,1
10577,1
10578,2
10579,2
10580,2
10581,1
10582,0
10583,2
10584,1
10585,0
10586,0
10587,2
10588,2
10589,2
10590,2
10591,2
10592,1
10593,0
10594,1
10595,1
10596,2
10597,2
10598,0
10599,2
10600,2
10601,2
10602,1
10603,1
10604,0
10605,2
10606,0
10607,2
10608,2
10609,2
10610,2
10611,2
10612,2
10613,2
10614,0
10615,0
10616,0
10617,2
10618,0
10619,0
10620,0
10621,2
10622,0
10623,0
10624,0
10625,0
10626,2
10627,1
10628,0
10629,0
10630,1
10631,0
10632,0
10633,2
10634,1
10635,2
10636,0
10637,0
10638,1
10639,1
10640,1
10641,0
10642,2
10643,2
10644,1
10645,2
10646,0
10647,2
10648,2
10649,2
10650,1
10651,1
10652,2
10653,0
10654,2
10655,2
10656,1
10657,0
10658,0
10659,0
10660,1
10661,2
10662,2
10663,0
10664,0
10665,2
10666,2
10667,1
10668,2
10669,1
10670,1
10671,2
10672,0
10673,0
10674,2
10675,0
10676,0
10677,0
10678,0
10679,2
10680,0
10681,2
10682,0
10683,2
10684,0
10685,0
10686,0
10687,1
10688,1
10689,2
10690,2
10691,0
10692,1
10693,2
10694,0
10695,0
10696,0
10697,0
10698,0
10699,2
10700,0
10701,2
10702,2
10703,0
10704,1
10705,1
10706,0
10707,1
10708,1
10709,2
10710,1
10711,1
10712,2
10713,2
10714,0
10715,0
10716,1
10717,1
10718,0
10719,0
10720,1
10721,2
10722,2
10723,0
10724,2
10725,0
10726,1
10727,2
10728,0
10729,1
10730,2
10731,1
10732,2
10733,1
10734,1
10735,1
10736,1
10737,0
10738,1
10739,0
10740,0
10741,1
10742,0
10743,2
10744,2
10745,2
10746,2
10747,2
10748,0
10749,0
10750,0
10751,1
10752,0
10753,1
10754,0
10755,2
10756,0
10757,1
10758,2
10759,1
10760,0
10761,0
10762,2
10763,0
10764,1
10765,2
10766,0
10767,0
10768,0
10769,0
10770,1
10771,1
10772,1
10773,1
10774,0
10775,1
10776,1
10777,1
10778,2
10779,2
10780,1
10781,0
10782,2
10783,0
10784,1
10785,1
10786,0
10787,0
10788,2
10789,2
10790,0
10791,1
10792,0
10793,0
10794,0
10795,0
10796,2
10797,2
10798,0
10799,0
10800,0
10801,0
10802,2
10803,2
10804,2
10805,0
10806,1
10807,0
10808,0
10809,2
10810,0
10811,1
10812,2
10813,2
10814,0
10815,2
10816,0
10817,2
10818,1
10819,0
10820,0
10821,2
10822,1
10823,1
10824,0
10825,2
10826,2
10827,1
10828,1
10829,1
10830,0
10831,2
10832,2
10833,1
10834,0
10835,2
10836,0
10837,2
10838,0
10839,1
10840,0
10841,2
10842,2
10843,0
10844,2
10845,0
10846,0
10847,1
10848,1
10849,0
10850,2
10851,0
10852,0
10853,1
10854,1
10855,2
10856,1
10857,2
10858,2
10859,2
10860,1
10861,2
10862,2
10863,1
10864,0
10865,2
10866,1
10867,0
10868,0
10869,0
10870,0
10871,1
10872,1
10873,2
10874,1
10875,2
10876,0
10877,2
10878,1
10879,0
10880,1
10881,2
10882,0
10883,1
10884,1
10885,0
10886,1
10887,2
10888,2
10889,0
10890,0
10891,0
10892,0
10893,2
10894,0
10895,1
10896,2
10897,0
10898,1
10899,0
10900,0
10901,2
10902,2
10903,1
10904,2
10905,0
10906,2
10907,0
10908,2
10909,0
10910,1
10911,1
10912,2
10913,1
10914,2
10915,1
10916,0
10917,1
10918,0
10919,2
10920,0
10921,2
10922,0
10923,1
10924,0
10925,2
10926,1
10927,2
10928,0
10929,0
10930,0
10931,0
10932,2
10933,2
10934,1
10935,1
10936,0
10937,1
10938,0
10939,1
10940,0
10941,2
10942,1
10943,2
10944,1
10945,0
10946,1
10947,1
10948,2
10949,0
10950,0
10951,2
10952,2
10953,1
10954,0
10955,1
10956,0
10957,2
10958,1
10959,2
10960,2
10961,0
10962,1
10963,2
10964,2
10965,0
10966,0
10967,0
10968,0
10969,1
10970,2
10971,2
10972,2
10973,0
10974,2
10975,0
10976,0
10977,1
10978,2
10979,0
10980,1
10981,2
10982,2
10983,0
10984,2
10985,1
10986,1
10987,0
10988,1
10989,1
10990,1
10991,2
10992,2
10993,0
10994,1
10995,1
10996,0
10997,0
10998,1
10999,0
11000,0
11001,0
11002,0
11003,2
11004,0
11005,2
11006,2
11007,0
11008,2
11009,1
11010,2
11011,0
11012,0
11013,0
11014,0
11015,1
11016,0
11017,0
11018,0
11019,2
11020,0
11021,2
11022,0
11023,0
11024,2
11025,2
11026,0
11027,2
11028,2
11029,2
11030,0
11031,2
11032,1
11033,1
11034,0
11035,2
11036,0
11037,2
11038,1
11039,0
11040,1
11041,2
11042,1
11043,2
11044,2
11045,0
11046,2
11047,0
11048,2
11049,1
11050,0
11051,2
11052,1
11053,0
11054,0
11055,2
11056,1
11057,1
11058,2
11059,2
11060,1
11061,0
11062,2
11063,1
11064,2
11065,2
11066,0
11067,0
11068,2
11069,0
11070,2
11071,0
11072,0
11073,1
11074,0
11075,2
11076,0
11077,2
11078,1
11079,0
11080,1
11081,1
11082,2
11083,0
11084,2
11085,2
11086,2
11087,2
11088,0
11089,0
11090,0
11091,0
11092,2
11093,0
11094,0
11095,1
11096,2
11097,1
11098,2
11099,2
11100,1
11101,1
11102,2
11103,2
11104,2
11105,0
11106,2
11107,1
11108,2
11109,2
11110,2
11111,2
11112,1
11113,1
11114,2
11115,1
11116,2
11117,0
11118,0
11119,0
11120,0
11121,1
11122,2
11123,0
11124,2
11125,2
11126,1
11127,1
11128,1
11129,0
11130,2
11131,2
11132,0
11133,0
11134,0
11135,2
11136,0
11137,1
11138,0
11139,1
11140,2
11141,0
11142,2
11143,0
11144,2
11145,2
11146,2
11147,2
11148,1
11149,0
11150,1
11151,0
11152,2
11153,0
11154,0
11155,0
11156,2
11157,0
11158,2
11159,2
11160,2
11161,2
11162,1
11163,0
11164,2
11165,2
11166,1
11167,0
11168,0
11169,2
11170,0
11171,0
11172,2
11173,0
11174,0
11175,0
11176,0
11177,2
11178,1
11179,0
11180,1
11181,2
11182,2
11183,2
11184,0
11185,2
11186,0
11187,0
11188,0
11189,1
11190,2
11191,2
11192,0
11193,1
11194,1
11195,1
11196,0
11197,1
11198,1
11199,0
11200,0
11201,2
11202,0
11203,2
11204,0
11205,2
11206,2
11207,0
11208,0
11209,0
11210,0
11211,2
11212,0
11213,0
11214,2
11215,2
11216,0
11217,0
11218,2
11219,1
11220,1
11221,0
11222,0
11223,2
11224,2
11225,2
11226,0
11227,0
11228,1
11229,2
11230,0
11231,2
11232,1
11233,1
11234,1
11235,0
11236,0
11237,2
11238,1
11239,1
11240,2
11241,0
11242,2
11243,2
11244,0
11245,2
11246,1
11247,2
11248,1
11249,2
11250,1
11251,0
11252,2
11253,2
11254,0
11255,0
11256,0
11257,2
11258,2
11259,0
11260,2
11261,2
11262,0
11263,0
11264,0
11265,1
11266,1
11267,0
11268,2
11269,2
11270,2
11271,1
11272,0
11273,0
11274,1
11275,2
11276,2
11277,0
11278,1
11279,1
11280,1
11281,2
11282,0
11283,1
11284,0
11285,0
11286,2
11287,2
11288,2
11289,0
11290,0
11291,0
11292,1
11293,0
11294,1
11295,0
11296,1
11297,2
11298,2
11299,2
11300,2
11301,2
11302,1
11303,0
11304,1
11305,2
11306,2
11307,2
11308,0
11309,0
11310,0
11311,0
11312,2
11313,2
11314,1
11315,2
11316,2
11317,1
11318,1
11319,2
11320,0
11321,2
11322,0
11323,0
11324,0
11325,2
11326,1
11327,2
11328,0
11329,2
11330,2
11331,2
11332,2
11333,2
11334,0
11335,2
11336,0
11337,0
11338,0
11339,0
11340,2
11341,2
11342,1
11343,0
11344,0
11345,2
11346,1
11347,2
11348,0
11349,1
11350,2
11351,0
11352,0
11353,1
11354,0
11355,2
11356,0
11357,1
11358,1
11359,0
11360,2
11361,0
11362,2
11363,2
11364,2
11365,0
11366,0
11367,2
11368,2
11369,0
11370,2
11371,2
11372,0
11373,2
11374,0
11375,2
11376,2
11377,0
11378,2
11379,2
11380,2
11381,1
11382,2
11383,1
11384,1
11385,1
11386,1
11387,0
11388,2
11389,1
11390,0
11391,0
11392,1
11393,2
11394,0
11395,0
11396,0
11397,2
11398,0
11399,1
11400,2
11401,0
11402,1
11403,2
11404,2
11405,2
11406,0
11407,0
11408,0
11409,2
11410,0
11411,2
11412,0
11413,1
11414,0
11415,2
11416,2
11417,2
11418,2
11419,2
11420,1
11421,0
11422,0
11423,0
11424,0
11425,2
11426,0
11427,1
11428,2
11429,2
11430,0
11431,2
11432,1
11433,1
11434,2
11435,0
11436,0
11437,2
11438,0
11439,2
11440,0
11441,2
11442,2
11443,0
11444,1
11445,2
11446,1
11447,0
11448,1
11449,0
11450,1
11451,1
11452,0
11453,2
11454,0
11455,1
11456,2
11457,1
11458,2
11459,2
11460,1
11461,2
11462,0
11463,0
11464,0
11465,2
11466,1
11467,0
11468,0
11469,0
11470,1
11471,2
11472,1
11473,0
11474,2
11475,0
11476,0
11477,2
11478,1
11479,0
11480,0
11481,0
11482,1
11483,2
11484,1
11485,0
11486,1
11487,1
11488,0
11489,1
11490,1
11491,2
11492,2
11493,1
11494,0
11495,1
11496,2
11497,2
11498,0
11499,0
11500,2
11501,0
11502,2
11503,1
11504,1
11505,1
11506,0
11507,2
11508,0
11509,2
11510,2
11511,1
11512,2
11513,1
11514,1
11515,2
11516,0
11517,2
11518,2
11519,0
11520,1
11521,0
11522,2
11523,2
11524,0
11525,2
11526,1
11527,1
11528,1
11529,0
11530,1
11531,2
11532,0
11533,0
11534,0
11535,2
11536,1
11537,2
11538,2
11539,0
11540,2
11541,0
11542,1
11543,0
11544,0
11545,2
11546,1
11547,2
11548,0
11549,2
11550,1
11551,2
11552,0
11553,0
11554,0
11555,0
11556,0
11557,0
11558,2
11559,0
11560,2
11561,2
11562,2
11563,2
11564,0
11565,2
11566,2
11567,2
11568,2
11569,0
11570,2
11571,0
11572,0
11573,1
11574,2
11575,1
11576,2
11577,2
11578,0
11579,2
11580,2
11581,2
11582,1
11583,1
11584,2
11585,1
11586,1
11587,0
11588,0
11589,0
11590,2
11591,0
11592,0
11593,0
11594,0
11595,0
11596,1
11597,0
11598,2
11599,2
11600,0
11601,0
11602,2
11603,1
11604,1
11605,1
11606,1
11607,0
11608,0
11609,2
11610,1
11611,0
11612,1
11613,0
11614,2
11615,2
11616,1
11617,2
11618,0
11619,2
11620,2
11621,1
11622,2
11623,1
11624,2
11625,2
11626,0
11627,2
11628,2
11629,2
11630,2
11631,2
11632,0
11633,1
11634,0
11635,0
11636,2
11637,2
11638,1
11639,0
11640,2
11641,0
11642,0
11643,1
11644,2
11645,0
11646,0
11647,1
11648,2
11649,0
11650,0
11651,0
11652,0
11653,0
11654,0
11655,2
11656,0
11657,2
11658,2
11659,2
11660,0
11661,1
11662,2
11663,2
11664,0
11665,1
11666,2
11667,1
11668,2
11669,2
11670,2
11671,0
11672,1
11673,2
11674,1
11675,1
11676,2
11677,2
11678,0
11679,0
11680,0
11681,0
11682,1
11683,1
11684,0
11685,2
11686,2
11687,0
11688,0
11689,2
11690,2
11691,2
11692,2
11693,0
11694,2
11695,0
11696,2
11697,0
11698,0
11699,2
11700,0
11701,2
11702,1
11703,2
11704,2
11705,1
11706,0
11707,0
11708,2
11709,0
11710,2
11711,1
11712,0
11713,0
11714,2
11715,0
11716,1
11717,0
11718,2
11719,0
11720,1
11721,1
11722,2
11723,0
11724,0
11725,2
11726,2
11727,0
11728,2
11729,2
11730,0
11731,1
11732,0
11733,2
11734,2
11735,1
11736,2
11737,2
11738,0
11739,0
11740,0
11741,1
11742,1
11743,2
11744,1
11745,0
11746,2
11747,1
11748,0
11749,2
11750,2
11751,2
11752,0
11753,1
11754,1
11755,0
11756,2
11757,2
11758,0
11759,0
11760,2
11761,2
11762,0
11763,0
11764,1
11765,1
11766,2
11767,1
11768,0
11769,0
11770,0
11771,2
11772,0
11773,0
11774,2
11775,0
11776,0
11777,0
11778,0
11779,2
11780,2
11781,2
11782,0
11783,2
11784,1
11785,2
11786,0
11787,1
11788,0
11789,1
11790,1
11791,2
11792,0
11793,2
11794,2
11795,2
11796,2
11797,2
11798,1
11799,0
11800,2
11801,1
11802,1
11803,2
11804,0
11805,1
11806,2
11807,1
11808,2
11809,0
11810,1
11811,2
11812,0
11813,2
11814,0
11815,1
11816,2
11817,1
11818,0
11819,2
11820,2
11821,1
11822,0
11823,1
11824,0
11825,0
11826,0
11827,0
11828,0
11829,0
11830,0
11831,0
11832,1
11833,0
11834,0
11835,1
11836,2
11837,1
11838,2
11839,1
11840,2
11841,2
11842,0
11843,1
11844,1
11845,2
11846,0
11847,0
11848,1
11849,1
11850,1
11851,2
11852,2
11853,2
11854,1
11855,0
11856,0
11857,2
11858,1
11859,0
11860,0
11861,0
11862,2
11863,2
11864,0
11865,1
11866,0
11867,0
11868,2
11869,0
11870,0
11871,0
11872,1
11873,2
11874,0
11875,0
11876,0
11877,2
11878,0
11879,0
11880,1
11881,1
11882,2
11883,1
11884,1
11885,2
11886,1
11887,2
11888,0
11889,1
11890,0
11891,1
11892,0
11893,0
11894,2
11895,0
11896,0
11897,2
11898,1
11899,2
11900,2
11901,1
11902,2
11903,1
11904,2
11905,0
11906,1
11907,0
11908,0
11909,0
11910,0
11911,1
11912,2
11913,1
11914,2
11915,0
11916,1
11917,2
11918,1
11919,0
11920,1
11921,0
11922,2
11923,0
11924,2
11925,1
11926,2
11927,1
11928,0
11929,0
11930,0
11931,1
11932,2
11933,1
11934,0
11935,1
11936,1
11937,0
11938,0
11939,2
11940,2
11941,1
11942,2
11943,2
11944,2
11945,0
11946,0
11947,0
11948,2
11949,0
11950,2
11951,0
11952,0
11953,2
11954,0
11955,1
11956,2
11957,0
11958,0
11959,2
11960,2
11961,2
11962,2
11963,0
11964,0
11965,1
11966,0
11967,1
11968,2
11969,1
11970,2
11971,0
11972,1
11973,0
11974,2
11975,2
11976,1
11977,0
11978,2
11979,0
11980,0
11981,0
11982,0
11983,0
11984,0
11985,0
11986,0
11987,1
11988,1
11989,2
11990,0
11991,2
11992,1
11993,2
11994,2
11995,1
11996,0
11997,2
11998,1
11999,2
12000,0
12001,1
12002,0
12003,1
12004,2
12005,0
12006,0
12007,2
12008,0
12009,1
12010,0
12011,0
12012,0
12013,2
12014,0
12015,1
12016,0
12017,1
12018,2
12019,1
12020,0
12021,2
12022,0
12023,0
12024,1
12025,2
12026,2
12027,2
12028,2
12029,2
12030,2
12031,2
12032,2
12033,2
12034,2
12035,0
12036,0
12037,2
12038,0
12039,0
12040,0
12041,2
12042,0
12043,1
12044,0
12045,0
12046,1
12047,0
12048,2
12049,2
12050,2
12051,2
12052,1
12053,2
12054,2
12055,0
12056,1
12057,0
12058,2
12059,2
12060,0
12061,2
12062,0
12063,0
12064,0
12065,2
12066,2
12067,1
12068,1
12069,2
12070,2
12071,2
12072,1
12073,1
12074,2
12075,0
12076,0
12077,0
12078,2
12079,2
12080,2
12081,2
12082,0
12083,2
12084,0
12085,2
12086,2
12087,0
12088,0
12089,2
12090,2
12091,0
12092,2
12093,2
12094,2
12095,0
12096,2
12097,1
12098,0
12099,2
12100,0
12101,1
12102,0
12103,2
12104,0
12105,2
12106,0
12107,0
12108,1
12109,2
12110,0
12111,2
12112,0
12113,1
12114,0
12115,0
12116,2
12117,2
12118,0
12119,1
12120,1
12121,1
12122,0
12123,0
12124,0
12125,0
12126,1
12127,0
12128,2
12129,0
12130,2
12131,1
12132,2
12133,0
12134,2
12135,2
12136,0
12137,1
12138,2
12139,2
12140,0
12141,2
12142,0
12143,1
12144,0
12145,0
12146,0
12147,1
12148,0
12149,2
12150,0
12151,0
12152,1
12153,0
12154,2
12155,2
12156,1
12157,0
12158,1
12159,2
12160,0
12161,0
12162,0
12163,0
12164,0
12165,2
12166,0
12167,2
12168,0
12169,2
12170,2
12171,0
12172,0
12173,0
12174,2
12175,2
12176,0
12177,2
12178,2
12179,1
12180,0
12181,2
12182,2
12183,0
12184,0
12185,1
12186,0
12187,2
12188,2
12189,1
12190,2
12191,2
12192,1
12193,0
12194,2
12195,0
12196,0
12197,1
12198,2
12199,0
12200,0
12201,0
12202,0
12203,2
12204,2
12205,0
12206,0
12207,1
12208,1
12209,1
12210,0
12211,1
12212,0
12213,2
12214,0
12215,0
12216,0
12217,1
12218,0
12219,2
12220,0
12221,1
12222,2
12223,2
12224,1
12225,0
12226,0
12227,1
12228,0
12229,2
12230,2
12231,1
12232,0
12233,0
12234,2
12235,2
12236,0
12237,2
12238,0
12239,1
12240,0
12241,0
12242,0
12243,2
12244,0
12245,1
12246,1
12247,0
12248,0
12249,2
12250,2
12251,1
12252,1
12253,2
12254,1
12255,2
12256,0
12257,2
12258,2
12259,0
12260,2
12261,1
12262,2
12263,2
12264,1
12265,0
12266,0
12267,0
12268,1
12269,2
12270,2
12271,2
12272,2
12273,2
12274,0
12275,0
12276,2
12277,2
12278,0
12279,2
12280,0
12281,1
12282,1
12283,2
12284,2
12285,2
12286,2
12287,1
12288,2
12289,2
12290,0
12291,1
12292,2
12293,2
12294,2
12295,0
12296,0
12297,2
12298,0
12299,2
12300,1
12301,0
12302,1
12303,0
12304,2
12305,0
12306,1
12307,0
12308,0
12309,2
12310,2
12311,2
12312,2
12313,1
12314,0
12315,2
12316,1
12317,1
12318,0
12319,1
12320,2
12321,2
12322,2
12323,2
12324,0
12325,0
12326,2
12327,0
12328,0
12329,1
12330,1
12331,0
12332,2
12333,2
12334,2
12335,1
12336,2
12337,0
12338,1
12339,0
12340,2
12341,1
12342,1
12343,1
12344,0
12345,2
12346,1
12347,2
12348,2
12349,1
12350,2
12351,1
12352,0
12353,0
12354,1
12355,1
12356,1
12357,2
12358,0
12359,2
12360,2
12361,0
12362,0
12363,0
12364,2
12365,2
12366,2
12367,2
12368,2
12369,0
12370,0
12371,0
12372,1
12373,2
12374,1
12375,0
12376,0
12377,1
12378,0
12379,2
12380,0
12381,1
12382,0
12383,0
12384,1
12385,1
12386,0
12387,0
12388,0
12389,2
12390,2
12391,2
12392,2
12393,2
12394,2
12395,1
12396,1
12397,0
12398,2
12399,1
12400,2
12401,1
12402,0
12403,0
12404,2
12405,1
12406,2
12407,2
12408,2
12409,2
12410,2
12411,2
12412,2
12413,2
12414,0
12415,0
12416,0
12417,0
12418,2
12419,2
12420,1
12421,2
12422,0
12423,1
12424,2
12425,0
12426,2
12427,2
12428,2
12429,0
12430,0
12431,1
12432,0
12433,2
12434,0
12435,0
12436,2
12437,0
12438,1
12439,0
12440,0
12441,1
12442,2
12443,1
12444,2
12445,1
12446,2
12447,0
12448,2
12449,0
12450,0
12451,1
12452,1
12453,1
12454,0
12455,0
12456,1
12457,1
12458,2
12459,0
12460,2
12461,1
12462,2
12463,2
12464,2
12465,2
12466,1
12467,0
12468,0
12469,1
12470,2
12471,2
12472,1
12473,1
12474,2
12475,0
12476,0
12477,0
12478,1
12479,2
12480,2
12481,0
12482,2
12483,0
12484,1
12485,2
12486,2
12487,0
12488,0
12489,1
12490,1
12491,2
12492,0
12493,2
12494,2
12495,1
12496,0
12497,2
12498,0
12499,0
12500,0
12501,0
12502,1
12503,2
12504,1
12505,0
12506,2
12507,2
12508,2
12509,0
12510,2
12511,0
12512,0
12513,0
12514,2
12515,1
12516,1
12517,0
12518,0
12519,1
12520,2
12521,2
12522,0
12523,2
12524,2
12525,2
12526,1
12527,2
12528,2
12529,0
12530,2
12531,1
12532,1
12533,2
12534,0
12535,2
12536,0
12537,0
12538,0
12539,0
12540,2
12541,2
12542,2
12543,0
12544,0
12545,1
12546,1
12547,0
12548,2
12549,2
12550,0
12551,1
12552,1
12553,2
12554,2
12555,2
12556,2
12557,2
12558,0
12559,1
12560,2
12561,0
12562,2
12563,0
12564,2
12565,0
12566,1
12567,2
12568,1
12569,2
12570,0
12571,1
12572,0
12573,0
12574,0
12575,0
12576,2
12577,2
12578,2
12579,1
12580,2
12581,1
12582,0
12583,1
12584,0
12585,0
12586,1
12587,1
12588,2
12589,0
12590,0
12591,2
12592,0
12593,2
12594,2
12595,0
12596,1
12597,0
12598,0
12599,2
12600,0
12601,0
12602,1
12603,2
12604,2
12605,0
12606,2
12607,0
12608,2
12609,1
12610,1
12611,0
12612,0
12613,1
12614,0
12615,0
12616,0
12617,1
12618,2
12619,2
12620,0
12621,0
12622,2
12623,2
12624,0
12625,2
12626,2
12627,0
12628,0
12629,0
12630,2
12631,1
12632,2
12633,0
12634,0
12635,1
12636,2
12637,0
12638,0
12639,0
12640,2
12641,2
12642,2
12643,2
12644,2
12645,1
12646,2
12647,2
12648,2
12649,0
12650,2
12651,0
12652,0
12653,0
12654,0
12655,0
12656,1
12657,2
12658,1
12659,2
12660,2
12661,2
12662,2
12663,2
12664,2
12665,1
12666,1
12667,0
12668,1
12669,1
12670,1
12671,1
12672,2
12673,0
12674,0
12675,0
12676,2
12677,2
12678,0
12679,1
12680,2
12681,1
12682,2
12683,1
12684,2
12685,0
12686,2
12687,2
12688,0
12689,1
12690,1
12691,0
12692,2
12693,2
12694,2
12695,0
12696,2
12697,1
12698,1
12699,1
12700,1
12701,0
12702,2
12703,0
12704,0
12705,0
12706,0
12707,0
12708,1
12709,0
12710,2
12711,2
12712,2
12713,0
12714,0
12715,2
12716,0
12717,0
12718,1
12719,0
12720,2
12721,2
12722,0
12723,2
12724,2
12725,0
12726,2
12727,0
12728,0
12729,1
12730,0
12731,2
12732,0
12733,0
12734,1
12735,1
12736,1
12737,2
12738,2
12739,0
12740,1
12741,0
12742,0
12743,1
12744,1
12745,2
12746,0
12747,0
12748,2
12749,0
12750,2
12751,2
12752,0
12753,1
12754,2
12755,1
12756,0
12757,2
12758,1
12759,0
12760,0
12761,0
12762,0
12763,1
12764,0
12765,0
12766,0
12767,2
12768,0
12769,0
12770,2
12771,1
12772,0
12773,0
12774,0
12775,0
12776,1
12777,0
12778,1
12779,0
12780,1
12781,0
12782,0
12783,2
12784,2
12785,2
12786,0
12787,1
12788,0
12789,0
12790,1
12791,0
12792,1
12793,1
12794,2
12795,1
12796,2
12797,2
12798,1
12799,0
12800,1
12801,1
12802,0
12803,2
12804,2
12805,0
12806,2
12807,1
12808,0
12809,0
12810,1
12811,0
12812,2
12813,1
12814,2
12815,2
12816,1
12817,0
12818,0
12819,2
12820,2
12821,0
12822,2
12823,1
12824,0
12825,2
12826,1
12827,0
12828,0
12829,0
12830,0
12831,0
12832,1
12833,0
12834,1
12835,2
12836,2
12837,2
12838,0
12839,2
12840,1
12841,0
12842,2
12843,2
12844,0
12845,0
12846,2
12847,2
12848,1
12849,0
12850,0
12851,2
12852,1
12853,0
12854,0
12855,2
12856,0
12857,2
12858,1
12859,1
12860,2
12861,2
12862,2
12863,2
12864,0
12865,2
12866,2
12867,1
12868,0
12869,0
12870,1
12871,2
12872,0
12873,2
12874,1
12875,1
12876,0
12877,2
12878,1
12879,0
12880,1
12881,2
12882,0
12883,2
12884,2
12885,2
12886,2
12887,1
12888,2
12889,1
12890,0
12891,2
12892,1
12893,2
12894,2
12895,1
12896,0
12897,2
12898,0
12899,0
12900,0
12901,0
12902,2
12903,2
12904,1
12905,0
12906,0
12907,2
12908,1
12909,2
12910,1
12911,2
12912,2
12913,2
12914,0
12915,2
12916,1
12917,0
12918,0
12919,2
12920,2
12921,1
12922,1
12923,2
12924,1
12925,2
12926,2
12927,2
12928,0
12929,1
12930,0
12931,0
12932,0
12933,2
12934,2
12935,1
12936,1
12937,0
12938,0
12939,2
12940,1
12941,0
12942,2
12943,0
12944,1
12945,0
12946,0
12947,0
12948,0
12949,0
12950,0
12951,0
12952,2
12953,2
12954,0
12955,1
12956,0
12957,1
12958,0
12959,2
12960,0
12961,2
12962,2
12963,0
12964,2
12965,2
12966,1
12967,1
12968,2
12969,2
12970,0
12971,1
12972,0
12973,0
12974,0
12975,1
12976,0
12977,0
12978,0
12979,0
12980,2
12981,2
12982,2
12983,2
12984,1
12985,1
12986,0
12987,0
12988,0
12989,0
12990,1
12991,0
12992,0
12993,2
12994,0
12995,2
12996,2
12997,2
12998,0
12999,0
13000,1
13001,2
13002,0
13003,2
13004,1
13005,2
13006,1
13007,1
13008,2
13009,2
13010,0
13011,2
13012,2
13013,1
13014,2
13015,2
13016,1
13017,0
13018,0
13019,0
13020,2
13021,1
13022,2
13023,1
13024,1
13025,2
13026,2
13027,1
13028,2
13029,0
13030,2
13031,0
13032,2
13033,2
13034,2
13035,1
13036,0
13037,1
13038,0
13039,0
13040,2
13041,2
13042,2
13043,0
13044,2
13045,1
13046,2
13047,2
13048,1
13049,2
13050,1
13051,0
13052,1
13053,2
13054,2
13055,0
13056,1
13057,2
13058,2
13059,1
13060,0
13061,1
13062,2
13063,2
13064,2
13065,1
13066,1
13067,1
13068,1
13069,0
13070,0
13071,2
13072,0
13073,1
13074,0
13075,1
13076,2
13077,0
13078,0
13079,2
13080,1
13081,2
13082,2
13083,1
13084,2
13085,2
13086,1
13087,1
13088,0
13089,2
13090,2
13091,1
13092,0
13093,0
13094,1
13095,2
13096,2
13097,2
13098,0
13099,2
13100,2
13101,0
13102,0
13103,2
13104,0
13105,2
13106,2
13107,0
13108,1
13109,2
13110,1
13111,2
13112,2
13113,0
13114,2
13115,0
13116,0
13117,0
13118,1
13119,0
13120,2
13121,0
13122,2
13123,1
13124,0
13125,0
13126,1
13127,1
13128,1
13129,2
13130,1
13131,0
13132,2
13133,1
13134,2
13135,2
13136,2
13137,2
13138,0
13139,0
13140,2
13141,2
13142,1
13143,1
13144,1
13145,0
13146,0
13147,0
13148,0
13149,2
13150,0
13151,1
13152,0
13153,2
13154,0
13155,2
13156,0
13157,0
13158,2
13159,1
13160,0
13161,0
13162,0
13163,2
13164,0
13165,2
13166,2
13167,0
13168,2
13169,0
13170,2
13171,0
13172,2
13173,2
13174,0
13175,0
13176,1
13177,2
13178,2
13179,2
13180,1
13181,2
13182,0
13183,0
13184,2
13185,2
13186,0
13187,0
13188,0
13189,1
13190,1
13191,0
13192,1
13193,0
13194,2
13195,2
13196,0
13197,1
13198,1
13199,0
13200,0
13201,2
13202,0
13203,1
13204,2
13205,2
13206,0
13207,1
13208,0
13209,0
13210,2
13211,0
13212,2
13213,0
13214,2
13215,1
13216,0
13217,0
13218,1
13219,0
13220,1
13221,0
13222,2
13223,0
13224,0
13225,0
13226,0
13227,2
13228,2
13229,0
13230,1
13231,1
13232,1
13233,0
13234,1
13235,0
13236,0
13237,1
13238,1
13239,0
13240,2
13241,1
13242,2
13243,0
13244,2
13245,2
13246,2
13247,2
13248,1
13249,2
13250,0
13251,2
13252,2
13253,0
13254,2
13255,1
13256,2
13257,2
13258,2
13259,2
13260,2
13261,0
13262,0
13263,0
13264,1
13265,2
13266,0
13267,0
13268,1
13269,0
13270,2
13271,0
13272,0
13273,0
13274,0
13275,2
13276,2
13277,2
13278,0
13279,0
13280,1
13281,0
13282,0
13283,2
13284,0
13285,0
13286,2
13287,2
13288,1
13289,2
13290,1
13291,1
13292,0
13293,0
13294,1
13295,0
13296,2
13297,2
13298,2
13299,2
13300,1
13301,1
13302,0
13303,1
13304,2
13305,1
13306,0
13307,1
13308,2
13309,2
13310,2
13311,1
13312,1
13313,2
13314,2
13315,0
13316,0
13317,2
13318,2
13319,0
13320,2
13321,2
13322,2
13323,2
13324,2
13325,1
13326,1
13327,0
13328,2
13329,2
13330,2
13331,0
13332,2
13333,0
13334,0
13335,1
13336,0
13337,2
13338,1
13339,0
13340,2
13341,0
13342,2
13343,2
13344,0
13345,2
13346,2
13347,1
13348,2
13349,2
13350,2
13351,2
13352,2
13353,1
13354,2
13355,2
13356,1
13357,1
13358,1
13359,2
13360,2
13361,1
13362,2
13363,2
13364,1
13365,0
13366,0
13367,1
13368,2
13369,0
13370,1
13371,0
13372,2
13373,2
13374,2
13375,1
13376,2
13377,1
13378,2
13379,0
13380,2
13381,0
13382,1
13383,2
13384,0
13385,2
13386,0
13387,2
13388,0
13389,0
13390,2
13391,0
13392,1
13393,2
13394,0
13395,1
13396,0
13397,0
13398,2
13399,2
13400,1
13401,1
13402,0
13403,2
13404,0
13405,2
13406,0
13407,1
13408,2
13409,0
13410,1
13411,0
13412,0
13413,0
13414,0
13415,0
13416,0
13417,2
13418,2
13419,2
13420,0
13421,2
13422,0
13423,1
13424,0
13425,2
13426,2
13427,1
13428,2
13429,2
13430,1
13431,2
13432,1
13433,2
13434,0
13435,2
13436,2
13437,1
13438,2
13439,0
13440,2
13441,0
13442,0
13443,0
13444,0
13445,0
13446,0
13447,0
13448,1
13449,0
13450,1
13451,2
13452,1
13453,2
13454,0
13455,0
13456,1
13457,1
13458,2
13459,0
13460,1
13461,0
13462,0
13463,2
13464,2
13465,0
13466,1
13467,2
13468,2
13469,2
13470,2
13471,0
13472,2
13473,2
13474,1
13475,1
13476,2
13477,0
13478,2
13479,2
13480,2
13481,0
13482,0
13483,0
13484,0
13485,0
13486,2
13487,2
13488,1
13489,1
13490,1
13491,0
13492,1
13493,1
13494,0
13495,0
13496,2
13497,1
13498,2
13499,1
13500,2
13501,2
13502,2
13503,2
13504,0
13505,0
13506,0
13507,0
13508,2
13509,1
13510,2
13511,1
13512,0
13513,2
13514,1
13515,1
13516,0
13517,2
13518,1
13519,1
13520,2
13521,0
13522,2
13523,1
13524,0
13525,2
13526,1
13527,0
13528,2
13529,2
13530,0
13531,2
13532,1
13533,1
13534,2
13535,0
13536,2
13537,0
13538,2
13539,2
13540,2
13541,2
13542,0
13543,1
13544,1
13545,2
13546,0
13547,0
13548,1
13549,0
13550,1
13551,2
13552,0
13553,1
13554,2
13555,2
13556,1
13557,0
13558,1
13559,2
13560,0
13561,2
13562,0
13563,2
13564,1
13565,1
13566,0
13567,0
13568,0
13569,1
13570,2
13571,1
13572,1
13573,0
13574,2
13575,0
13576,2
13577,0
13578,2
13579,0
13580,2
13581,2
13582,2
13583,2
13584,2
13585,1
13586,2
13587,1
13588,2
13589,0
13590,1
13591,0
13592,0
13593,2
13594,2
13595,1
13596,2
13597,0
13598,1
13599,1
13600,1
13601,2
13602,1
13603,0
13604,2
13605,0
13606,2
13607,0
13608,2
13609,1
13610,2
13611,2
13612,0
13613,2
13614,0
13615,2
13616,2
13617,0
13618,0
13619,0
13620,0
13621,1
13622,2
13623,2
13624,0
13625,0
13626,1
13627,0
13628,2
13629,0
13630,2
13631,0
13632,2
13633,2
13634,1
13635,2
13636,0
13637,0
13638,0
13639,0
13640,0
13641,2
13642,0
13643,2
13644,0
13645,2
13646,2
13647,2
13648,2
13649,0
13650,0
13651,0
13652,0
13653,0
13654,0
13655,1
13656,2
13657,0
13658,2
13659,1
13660,2
13661,0
13662,0
13663,2
13664,1
13665,2
13666,0
13667,0
13668,2
13669,1
13670,0
13671,0
13672,0
13673,1
13674,0
13675,0
13676,1
13677,2
13678,1
13679,2
13680,0
13681,0
13682,2
13683,0
13684,1
13685,2
13686,2
13687,0
13688,0
13689,0
13690,0
13691,2
13692,1
13693,0
13694,0
13695,0
13696,1
13697,0
13698,1
13699,0
13700,2
13701,0
13702,0
13703,2
13704,2
13705,0
13706,2
13707,0
13708,0
13709,1
13710,2
13711,0
13712,2
13713,1
13714,0
13715,0
13716,2
13717,0
13718,1
13719,0
13720,0
13721,1
13722,2
13723,2
13724,2
13725,0
13726,2
13727,2
13728,1
13729,0
13730,2
13731,2
13732,1
13733,0
13734,1
13735,0
13736,1
13737,1
13738,0
13739,1
13740,0
13741,1
13742,2
13743,2
13744,0
13745,0
13746,2
13747,2
13748,0
13749,2
13750,1
13751,2
13752,2
13753,0
13754,2
13755,2
13756,0
13757,1
13758,2
13759,2
13760,0
13761,1
13762,2
13763,2
13764,1
13765,2
13766,1
13767,0
13768,0
13769,2
13770,0
13771,0
13772,2
13773,2
13774,0
13775,0
13776,2
13777,1
13778,0
13779,2
13780,0
13781,0
13782,2
13783,2
13784,2
13785,0
13786,2
13787,2
13788,1
13789,1
13790,2
13791,2
13792,0
13793,2
13794,0
13795,1
13796,1
13797,1
13798,2
13799,2
13800,2
13801,2
13802,0
13803,2
13804,2
13805,0
13806,0
13807,2
13808,1
13809,2
13810,2
13811,1
13812,2
13813,1
13814,1
13815,1
13816,2
13817,0
13818,1
13819,0
13820,1
13821,1
13822,2
13823,1
13824,0
13825,0
13826,2
13827,0
13828,0
13829,2
13830,2
13831,2
13832,1
13833,2
13834,2
13835,2
13836,0
13837,0
13838,2
13839,2
13840,2
13841,0
13842,2
13843,1
13844,1
13845,1
13846,0
13847,2
13848,1
13849,2
13850,2
13851,2
13852,1
13853,1
13854,2
13855,2
13856,0
13857,0
13858,0
13859,2
13860,2
13861,1
13862,2
13863,1
13864,1
13865,0
13866,0
13867,2
13868,0
13869,0
13870,0
13871,2
13872,2
13873,2
13874,0
13875,0
13876,1
13877,2
13878,1
13879,0
13880,1
13881,2
13882,2
13883,2
13884,0
13885,1
13886,2
13887,0
13888,0
13889,1
13890,2
13891,0
13892,0
13893,0
13894,1
13895,1
13896,0
13897,1
13898,0
13899,2
13900,0
13901,1
13902,0
13903,1
13904,1
13905,0
13906,1
13907,0
13908,0
13909,1
13910,2
13911,0
13912,0
13913,0
13914,2
13915,2
13916,0
13917,0
13918,2
13919,2
13920,2
13921,2
13922,0
13923,2
13924,2
13925,2
13926,0
13927,0
13928,0
13929,1
13930,2
13931,0
13932,0
13933,1
13934,0
13935,2
13936,2
13937,1
13938,0
13939,0
13940,2
13941,1
13942,0
13943,2
13944,2
13945,0
13946,0
13947,0
13948,2
13949,1
13950,1
13951,0
13952,0
13953,0
13954,2
13955,0
13956,1
13957,0
13958,1
13959,2
13960,0
13961,1
13962,0
13963,0
13964,0
13965,1
13966,2
13967,1
13968,2
13969,1
13970,1
13971,2
13972,2
13973,0
13974,0
13975,0
13976,0
13977,2
13978,2
13979,2
13980,1
13981,0
13982,1
13983,2
13984,2
13985,0
13986,0
13987,0
13988,2
13989,0
13990,1
13991,2
13992,0
13993,2
13994,2
13995,2
13996,1
13997,1
13998,1
13999,0
14000,1
14001,0
14002,0
14003,0
14004,2
14005,2
14006,1
14007,1
14008,0
14009,2
14010,1
14011,2
14012,2
14013,2
14014,1
14015,1
14016,2
14017,1
14018,0
14019,1
14020,2
14021,2
14022,1
14023,2
14024,0
14025,0
14026,2
14027,2
14028,2
14029,0
14030,0
14031,2
14032,0
14033,2
14034,2
14035,0
14036,2
14037,2
14038,2
14039,2
14040,2
14041,2
14042,2
14043,0
14044,2
14045,0
14046,0
14047,2
14048,2
14049,0
14050,1
14051,0
14052,2
14053,0
14054,0
14055,0
14056,2
14057,2
14058,0
14059,2
14060,0
14061,2
14062,2
14063,2
14064,1
14065,2
14066,2
14067,1
14068,2
14069,0
14070,0
14071,0
14072,2
14073,0
14074,1
14075,2
14076,1
14077,2
14078,0
14079,1
14080,1
14081,2
14082,2
14083,2
14084,1
14085,2
14086,0
14087,1
14088,1
14089,1
14090,2
14091,1
14092,2
14093,2
14094,2
14095,2
14096,0
14097,0
14098,1
14099,2
14100,1
14101,2
14102,0
14103,0
14104,2
14105,2
14106,0
14107,0
14108,0
14109,0
14110,0
14111,1
14112,2
14113,1
14114,0
14115,0
14116,0
14117,2
14118,1
14119,2
14120,1
14121,0
14122,0
14123,1
14124,2
14125,2
14126,0
14127,1
14128,0
14129,0
14130,2
14131,0
14132,2
14133,2
14134,1
14135,1
14136,2
14137,0
14138,1
14139,2
14140,2
14141,0
14142,0
14143,2
14144,0
14145,1
14146,2
14147,0
14148,1
14149,2
14150,2
14151,0
14152,0
14153,2
14154,1
14155,0
14156,1
14157,0
14158,2
14159,2
14160,0
14161,1
14162,0
14163,2
14164,2
14165,0
14166,0
14167,0
14168,1
14169,2
14170,2
14171,2
14172,2
14173,2
14174,2
14175,1
14176,0
14177,0
14178,0
14179,2
14180,0
14181,2
14182,0
14183,0
14184,1
14185,0
14186,2
14187,1
14188,1
14189,0
14190,0
14191,2
14192,1
14193,2
14194,1
14195,0
14196,2
14197,0
14198,0
14199,0
14200,2
14201,0
14202,1
14203,0
14204,1
14205,1
14206,0
14207,0
14208,0
14209,0
14210,1
14211,0
14212,1
14213,2
14214,0
14215,1
14216,0
14217,0
14218,0
14219,1
14220,2
14221,0
14222,2
14223,0
14224,0
14225,2
14226,2
14227,0
14228,2
14229,2
14230,0
14231,0
14232,2
14233,0
14234,1
14235,1
14236,2
14237,2
14238,0
14239,2
14240,1
14241,1
14242,2
14243,0
14244,1
14245,0
14246,2
14247,1
14248,0
14249,2
14250,1
14251,0
14252,0
14253,0
14254,0
14255,2
14256,0
14257,2
14258,0
14259,2
14260,1
14261,2
14262,2
14263,0
14264,1
14265,0
14266,0
14267,2
14268,2
14269,0
14270,1
14271,2
14272,0
14273,0
14274,2
14275,2
14276,0
14277,0
14278,1
14279,1
14280,2
14281,0
14282,1
14283,2
14284,1
14285,2
14286,0
14287,0
14288,0
14289,2
14290,1
14291,2
14292,1
14293,2
14294,1
14295,0
14296,1
14297,2
14298,0
14299,0
14300,0
14301,2
14302,2
14303,0
14304,0
14305,1
14306,2
14307,2
14308,0
14309,0
14310,2
14311,0
14312,0
14313,0
14314,0
14315,2
14316,2
14317,2
14318,2
14319,1
14320,2
14321,1
14322,2
14323,2
14324,0
14325,2
14326,0
14327,0
14328,1
14329,1
14330,2
14331,2
14332,1
14333,1
14334,2
14335,1
14336,2
14337,2
14338,2
14339,2
14340,2
14341,1
14342,0
14343,2
14344,0
14345,0
14346,1
14347,1
14348,2
14349,0
14350,1
14351,0
14352,0
14353,1
14354,0
14355,0
14356,0
14357,0
14358,2
14359,0
14360,2
14361,1
14362,0
14363,2
14364,2
14365,2
14366,0
14367,1
14368,1
14369,0
14370,1
14371,2
14372,1
14373,1
14374,2
14375,0
14376,2
14377,1
14378,0
14379,0
14380,0
14381,1
14382,1
14383,0
14384,0
14385,0
14386,2
14387,2
14388,2
14389,0
14390,0
14391,1
14392,2
14393,1
14394,0
14395,0
14396,2
14397,1
14398,1
14399,2
14400,0
14401,0
14402,0
14403,1
14404,2
14405,2
14406,2
14407,2
14408,2
14409,1
14410,1
14411,2
14412,2
14413,2
14414,2
14415,2
14416,2
14417,0
14418,1
14419,0
14420,0
14421,2
14422,0
14423,1
14424,1
14425,0
14426,0
14427,1
14428,0
14429,0
14430,2
14431,1
14432,1
14433,2
14434,1
14435,1
14436,2
14437,2
14438,2
14439,2
14440,2
14441,0
14442,2
14443,0
14444,0
14445,1
14446,1
14447,0
14448,0
14449,1
14450,2
14451,2
14452,2
14453,1
14454,0
14455,0
14456,0
14457,1
14458,0
14459,2
14460,0
14461,2
14462,0
14463,1
14464,1
14465,2
14466,1
14467,2
14468,2
14469,0
14470,0
14471,0
14472,2
14473,0
14474,2
14475,2
14476,2
14477,0
14478,2
14479,0
14480,0
14481,2
14482,2
14483,1
14484,1
14485,0
14486,1
14487,1
14488,1
14489,2
14490,2
14491,0
14492,0
14493,2
14494,2
14495,2
14496,1
14497,2
14498,2
14499,1
14500,0
14501,1
14502,0
14503,2
14504,1
14505,0
14506,0
14507,1
14508,1
14509,1
14510,1
14511,0
14512,0
14513,2
14514,0
14515,0
14516,0
14517,1
14518,1
14519,1
14520,1
14521,0
14522,0
14523,2
14524,1
14525,2
14526,0
14527,0
14528,2
14529,1
14530,0
14531,0
14532,1
14533,0
14534,2
14535,0
14536,0
14537,1
14538,2
14539,0
14540,2
14541,1
14542,2
14543,2
14544,1
14545,2
14546,2
14547,2
14548,0
14549,0
14550,2
14551,0
14552,1
14553,1
14554,1
14555,1
14556,1
14557,2
14558,2
14559,2
14560,1
14561,2
14562,0
14563,2
14564,2
14565,2
14566,0
14567,1
14568,0
14569,2
14570,0
14571,0
14572,2
14573,1
14574,0
14575,2
14576,2
14577,0
14578,1
14579,2
14580,2
14581,0
14582,0
14583,0
14584,0
14585,0
14586,2
14587,2
14588,1
14589,1
14590,0
14591,2
14592,0
14593,0
14594,0
14595,0
14596,2
14597,2
14598,1
14599,0
14600,0
14601,2
14602,2
14603,1
14604,0
14605,2
14606,0
14607,2
14608,2
14609,1
14610,2
14611,2
14612,1
14613,2
14614,0
14615,2
14616,2
14617,2
14618,0
14619,2
14620,0
14621,2
14622,0
14623,2
14624,2
14625,2
14626,2
14627,2
14628,2
14629,0
14630,2
14631,0
14632,0
14633,2
14634,0
14635,2
14636,1
14637,2
14638,2
14639,0
14640,0
14641,2
14642,0
14643,0
14644,2
14645,2
14646,2
14647,0
14648,0
14649,2
14650,0
14651,2
14652,0
14653,2
14654,0
14655,1
14656,1
14657,2
14658,2
14659,1
14660,0
14661,0
14662,1
14663,2
14664,2
14665,2
14666,2
14667,0
14668,0
14669,2
14670,2
14671,2
14672,0
14673,0
14674,2
14675,0
14676,0
14677,1
14678,0
14679,0
14680,0
14681,0
14682,0
14683,1
14684,0
14685,2
14686,2
14687,0
14688,2
14689,2
14690,2
14691,1
14692,2
14693,2
14694,2
14695,0
14696,1
14697,0
14698,0
14699,0
14700,0
14701,0
14702,0
14703,1
14704,2
14705,2
14706,0
14707,2
14708,0
14709,0
14710,0
14711,2
14712,1
14713,2
14714,0
14715,2
14716,2
14717,0
14718,1
14719,0
14720,2
14721,0
14722,2
14723,2
14724,2
14725,1
14726,0
14727,0
14728,2
14729,1
14730,1
14731,0
14732,0
14733,1
14734,2
14735,0
14736,1
14737,0
14738,2
14739,2
14740,1
14741,1
14742,2
14743,0
14744,1
14745,1
14746,1
14747,2
14748,2
14749,2
14750,2
14751,0
14752,0
14753,2
14754,0
14755,0
14756,1
14757,0
14758,2
14759,2
14760,0
14761,0
14762,1
14763,2
14764,1
14765,1
14766,1
14767,2
14768,0
14769,0
14770,2
14771,1
14772,0
14773,1
14774,0
14775,0
14776,2
14777,2
14778,2
14779,0
14780,2
14781,0
14782,2
14783,1
14784,0
14785,1
14786,2
14787,2
14788,2
14789,2
14790,1
14791,0
14792,2
14793,0
14794,0
14795,1
14796,1
14797,1
14798,1
14799,1
14800,1
14801,2
14802,2
14803,0
14804,1
14805,2
14806,2
14807,2
14808,2
14809,2
14810,0
14811,0
14812,0
14813,2
14814,1
14815,0
14816,2
14817,1
14818,2
14819,2
14820,2
14821,2
14822,0
14823,2
14824,0
14825,0
14826,0
14827,0
14828,1
14829,0
14830,0
14831,0
14832,0
14833,0
14834,2
14835,0
14836,2
14837,2
14838,0
14839,0
14840,2
14841,0
14842,1
14843,2
14844,2
14845,0
14846,1
14847,1
14848,0
14849,2
14850,2
14851,0
14852,1
14853,0
14854,2
14855,2
14856,2
14857,2
14858,1
14859,1
14860,0
14861,2
14862,2
14863,2
14864,0
14865,0
14866,2
14867,1
14868,1
14869,2
14870,2
14871,0
14872,2
14873,1
14874,0
14875,0
14876,2
14877,2
14878,0
14879,0
14880,0
14881,0
14882,2
14883,1
14884,0
14885,2
14886,0
14887,1
14888,2
14889,1
14890,1
14891,0
14892,1
14893,0
14894,2
14895,1
14896,0
14897,2
14898,0
14899,1
14900,0
14901,0
14902,2
14903,2
14904,0
14905,1
14906,0
14907,2
14908,2
14909,1
14910,1
14911,2
14912,1
14913,1
14914,0
14915,0
14916,1
14917,2
14918,0
14919,2
14920,0
14921,0
14922,0
14923,2
14924,2
14925,1
14926,0
14927,0
14928,1
14929,1
14930,1
14931,0
14932,2
14933,2
14934,1
14935,2
14936,0
14937,2
14938,0
14939,2
14940,2
14941,2
14942,0
14943,1
14944,0
14945,1
14946,2
14947,2
14948,0
14949,0
14950,0
14951,2
14952,0
14953,2
14954,0
14955,1
14956,2
14957,2
14958,0
14959,1
14960,0
14961,0
14962,2
14963,2
14964,2
14965,0
14966,1
14967,0
14968,0
14969,0
14970,2
14971,1
14972,0
14973,2
14974,2
14975,0
14976,0
14977,0
14978,2
14979,1
14980,0
14981,0
14982,2
14983,2
14984,1
14985,2
14986,2
14987,2
14988,2
14989,0
14990,1
14991,0
14992,0
14993,0
14994,0
14995,1
14996,2
14997,0
14998,2
14999,0
15000,2
15001,2
15002,0
15003,1
15004,0
15005,1
15006,1
15007,1
15008,2
15009,1
15010,0
15011,1
15012,0
15013,1
15014,2
15015,2
15016,2
15017,0
15018,2
15019,2
15020,2
15021,2
15022,1
15023,2
15024,2
15025,2
15026,2
15027,0
15028,2
15029,2
15030,2
15031,0
15032,2
15033,0
15034,2
15035,0
15036,0
15037,0
15038,1
15039,0
15040,0
15041,2
15042,0
15043,0
15044,2
15045,0
15046,0
15047,1
15048,0
15049,1
15050,2
15051,0
15052,0
15053,0
15054,2
15055,2
15056,1
15057,2
15058,1
15059,2
15060,2
15061,2
15062,0
15063,2
15064,0
15065,1
15066,0
15067,0
15068,2
15069,2
15070,2
15071,0
15072,0
15073,0
15074,2
15075,0
15076,0
15077,1
15078,0
15079,1
15080,0
15081,2
15082,0
15083,0
15084,2
15085,2
15086,0
15087,0
15088,0
15089,2
15090,0
15091,2
15092,0
15093,0
15094,1
15095,2
15096,2
15097,2
15098,1
15099,2
15100,0
15101,0
15102,0
15103,1
15104,2
15105,1
15106,2
15107,2
15108,0
15109,0
15110,2
15111,1
15112,0
15113,1
15114,0
15115,2
15116,2
15117,1
15118,2
15119,2
15120,2
15121,2
15122,0
15123,2
15124,2
15125,0
15126,2
15127,2
15128,0
15129,2
15130,2
15131,0
15132,2
15133,0
15134,2
15135,1
15136,2
15137,2
15138,1
15139,0
15140,1
15141,2
15142,0
15143,2
15144,1
15145,1
15146,1
15147,1
15148,1
15149,0
15150,0
15151,0
15152,0
15153,2
15154,2
15155,1
15156,0
15157,2
15158,0
15159,0
15160,1
15161,2
15162,2
15163,1
15164,2
15165,1
15166,1
15167,2
15168,2
15169,2
15170,2
15171,2
15172,2
15173,0
15174,0
15175,1
15176,0
15177,2
15178,0
15179,2
15180,2
15181,1
15182,0
15183,1
15184,1
15185,0
15186,2
15187,2
15188,1
15189,1
15190,1
15191,2
15192,2
15193,0
15194,2
15195,1
15196,2
15197,2
15198,0
15199,1
15200,0
15201,2
15202,2
15203,0
15204,1
15205,0
15206,0
15207,0
15208,2
15209,1
15210,2
15211,2
15212,1
15213,0
15214,2
15215,0
15216,2
15217,2
15218,0
15219,0
15220,2
15221,2
15222,2
15223,0
15224,2
15225,2
15226,1
15227,0
15228,2
15229,1
15230,0
15231,2
15232,1
15233,1
15234,0
15235,0
15236,0
15237,2
15238,0
15239,0
15240,1
15241,2
15242,1
15243,0
15244,1
15245,1
15246,0
15247,1
15248,1
15249,1
15250,1
15251,1
15252,0
15253,0
15254,2
15255,0
15256,0
15257,2
15258,1
15259,0
15260,2
15261,1
15262,1
15263,2
15264,0
15265,2
15266,0
15267,0
15268,0
15269,2
15270,1
15271,0
15272,1
15273,0
15274,2
15275,2
15276,0
15277,0
15278,2
15279,2
15280,1
15281,1
15282,0
15283,0
15284,1
15285,2
15286,1
15287,0
15288,0
15289,1
15290,1
15291,2
15292,1
15293,1
15294,2
15295,2
15296,0
15297,1
15298,0
15299,2
15300,2
15301,0
15302,0
15303,2
15304,0
15305,2
15306,0
15307,2
15308,2
15309,0
15310,0
15311,1
15312,2
15313,0
15314,1
15315,2
15316,2
15317,0
15318,2
15319,0
15320,2
15321,2
15322,1
15323,0
15324,2
15325,2
15326,2
15327,0
15328,0
15329,1
15330,0
15331,2
15332,0
15333,1
15334,0
15335,2
15336,2
15337,0
15338,1
15339,2
15340,2
15341,2
15342,0
15343,1
15344,1
15345,1
15346,0
15347,0
15348,0
15349,2
15350,0
15351,2
15352,0
15353,1
15354,0
15355,1
15356,0
15357,2
15358,1
15359,1
15360,2
15361,2
15362,1
15363,0
15364,2
15365,0
15366,0
15367,1
15368,0
15369,1
15370,0
15371,2
15372,2
15373,2
15374,2
15375,1
15376,2
15377,1
15378,0
15379,2
15380,2
15381,0
15382,1
15383,1
15384,2
15385,1
15386,2
15387,2
15388,0
15389,2
15390,1
15391,2
15392,1
15393,1
15394,1
15395,2
15396,2
15397,0
15398,2
15399,2
15400,0
15401,2
15402,0
15403,2
15404,1
15405,0
15406,0
15407,2
15408,2
15409,2
15410,1
15411,2
15412,0
15413,1
15414,1
15415,1
15416,1
15417,1
15418,2
15419,2
15420,2
15421,1
15422,0
15423,2
15424,2
15425,1
15426,1
15427,1
15428,1
15429,2
15430,2
15431,0
15432,1
15433,2
15434,1
15435,0
15436,2
15437,0
15438,1
15439,2
15440,1
15441,1
15442,0
15443,2
15444,0
15445,0
15446,1
15447,2
15448,1
15449,2
15450,1
15451,2
15452,1
15453,2
15454,0
15455,2
15456,2
15457,1
15458,2
15459,1
15460,2
15461,0
15462,0
15463,0
15464,1
15465,2
15466,1
15467,2
15468,2
15469,0
15470,1
15471,0
15472,0
15473,2
15474,2
15475,1
15476,1
15477,0
15478,1
15479,1
15480,0
15481,2
15482,2
15483,0
15484,2
15485,0
15486,2
15487,2
15488,1
15489,2
15490,1
15491,1
15492,0
15493,0
15494,2
15495,2
15496,1
15497,2
15498,0
15499,0
15500,2
15501,1
15502,0
15503,2
15504,0
15505,0
15506,0
15507,1
15508,1
15509,1
15510,1
15511,0
15512,0
15513,0
15514,0
15515,0
15516,0
15517,0
15518,0
15519,2
15520,0
15521,2
15522,0
15523,2
15524,2
15525,2
15526,0
15527,0
15528,2
15529,2
15530,0
15531,2
15532,2
15533,0
15534,2
15535,0
15536,0
15537,2
15538,0
15539,0
15540,0
15541,2
15542,2
15543,0
15544,2
15545,2
15546,2
15547,1
15548,2
15549,2
15550,0
15551,2
15552,1
15553,1
15554,2
15555,1
15556,2
15557,1
15558,2
15559,0
15560,2
15561,1
15562,2
15563,0
15564,0
15565,2
15566,0
15567,2
15568,0
15569,1
15570,2
15571,1
15572,2
15573,2
15574,1
15575,0
15576,1
15577,0
15578,1
15579,2
15580,0
15581,2
15582,0
15583,2
15584,0
15585,0
15586,0
15587,0
15588,2
15589,1
15590,1
15591,1
15592,1
15593,1
15594,0
15595,1
15596,2
15597,2
15598,2
15599,0
15600,0
15601,2
15602,1
15603,0
15604,0
15605,2
15606,0
15607,0
15608,2
15609,2
15610,1
15611,2
15612,1
15613,0
15614,0
15615,2
15616,0
15617,2
15618,1
15619,0
15620,0
15621,0
15622,0
15623,2
15624,1
15625,1
15626,2
15627,2
15628,1
15629,2
15630,1
15631,1
15632,0
15633,2
15634,2
15635,0
15636,1
15637,2
15638,0
15639,1
15640,0
15641,2
15642,0
15643,1
15644,2
15645,2
15646,2
15647,2
15648,2
15649,0
15650,2
15651,2
15652,1
15653,2
15654,2
15655,0
15656,2
15657,2
15658,0
15659,1
15660,1
15661,2
15662,0
15663,1
15664,2
15665,0
15666,0
15667,0
15668,2
15669,0
15670,1
15671,1
15672,2
15673,1
15674,2
15675,0
15676,1
15677,2
15678,1
15679,0
15680,2
15681,0
15682,1
15683,2
15684,0
15685,0
15686,1
15687,2
15688,0
15689,2
15690,1
15691,0
15692,0
15693,0
15694,0
15695,1
15696,1
15697,0
15698,2
15699,0
15700,0
15701,0
15702,0
15703,0
15704,0
15705,0
15706,2
15707,0
15708,0
15709,2
15710,1
15711,1
15712,2
15713,2
15714,0
15715,2
15716,2
15717,2
15718,0
15719,2
15720,0
15721,2
15722,2
15723,1
15724,2
15725,2
15726,1
15727,0
15728,0
15729,2
15730,0
15731,2
15732,1
15733,0
15734,2
15735,1
15736,1
15737,0
15738,1
15739,0
15740,2
15741,2
15742,2
15743,1
15744,1
15745,0
15746,2
15747,0
15748,1
15749,1
15750,1
15751,2
15752,2
15753,1
15754,0
15755,2
15756,0
15757,2
15758,0
15759,2
15760,0
15761,0
15762,1
15763,2
15764,0
15765,0
15766,0
15767,0
15768,1
15769,2
15770,2
15771,2
15772,1
15773,0
15774,1
15775,1
15776,2
15777,2
15778,2
15779,0
15780,2
15781,2
15782,2
15783,2
15784,0
15785,2
15786,0
15787,2
15788,2
15789,1
15790,0
15791,1
15792,1
15793,2
15794,1
15795,1
15796,2
15797,2
15798,2
15799,0
15800,0
15801,0
15802,2
15803,0
15804,1
15805,2
15806,1
15807,0
15808,0
15809,2
15810,0
15811,0
15812,1
15813,0
15814,0
15815,0
15816,2
15817,2
15818,1
15819,2
15820,0
15821,0
15822,0
15823,2
15824,0
15825,2
15826,0
15827,0
15828,0
15829,0
15830,2
15831,1
15832,2
15833,1
15834,1
15835,1
15836,0
15837,2
15838,0
15839,0
15840,0
15841,2
15842,1
15843,0
15844,0
15845,0
15846,0
15847,1
15848,0
15849,2
15850,2
15851,2
15852,2
15853,2
15854,2
15855,0
15856,0
15857,1
15858,0
15859,1
15860,2
15861,0
15862,2
15863,1
15864,0
15865,1
15866,2
15867,2
15868,1
15869,1
15870,1
15871,2
15872,2
15873,0
15874,0
15875,1
15876,2
15877,1
15878,2
15879,2
15880,1
15881,0
15882,2
15883,2
15884,0
15885,0
15886,2
15887,0
15888,2
15889,0
15890,0
15891,0
15892,1
15893,2
15894,2
15895,0
15896,2
15897,0
15898,2
15899,0
15900,2
15901,0
15902,2
15903,0
15904,1
15905,0
15906,2
15907,0
15908,0
15909,1
15910,2
15911,2
15912,1
15913,0
15914,0
15915,0
15916,2
15917,0
15918,0
15919,0
15920,2
15921,1
15922,1
15923,0
15924,1
15925,1
15926,2
15927,0
15928,0
15929,2
15930,2
15931,1
15932,1
15933,2
15934,2
15935,0
15936,0
15937,0
15938,2
15939,0
15940,2
15941,0
15942,0
15943,0
15944,0
15945,1
15946,2
15947,2
15948,2
15949,1
15950,2
15951,2
15952,0
15953,1
15954,2
15955,1
15956,0
15957,2
15958,0
15959,0
15960,2
15961,0
15962,1
15963,2
15964,0
15965,0
15966,2
15967,2
15968,0
15969,1
15970,1
15971,2
15972,2
15973,2
15974,1
15975,0
15976,1
15977,2
15978,0
15979,0
15980,1
15981,0
15982,0
15983,0
15984,0
15985,1
15986,0
15987,0
15988,0
15989,2
15990,0
15991,0
15992,2
15993,0
15994,1
15995,2
15996,0
15997,0
15998,0
15999,0
16000,1
16001,2
16002,1
16003,2
16004,2
16005,2
16006,0
16007,0
16008,0
16009,0
16010,2
16011,1
16012,1
16013,0
16014,2
16015,0
16016,0
16017,0
16018,0
16019,2
16020,0
16021,1
16022,2
16023,2
16024,0
16025,0
16026,2
16027,0
16028,0
16029,2
16030,0
16031,0
16032,2
16033,1
16034,0
16035,1
16036,0
16037,0
16038,0
16039,0
16040,0
16041,2
16042,2
16043,0
16044,1
16045,2
16046,0
16047,2
16048,1
16049,0
16050,2
16051,0
16052,0
16053,2
16054,0
16055,1
16056,2
16057,2
16058,0
16059,2
16060,2
16061,1
16062,2
16063,0
16064,0
16065,2
16066,0
16067,0
16068,0
16069,2
16070,2
16071,2
16072,0
16073,2
16074,0
16075,2
16076,1
16077,0
16078,1
16079,0
16080,2
16081,0
16082,0
16083,0
16084,2
16085,2
16086,2
16087,0
16088,1
16089,2
16090,0
16091,2
16092,2
16093,0
16094,1
16095,2
16096,0
16097,1
16098,1
16099,2
16100,0
16101,0
16102,0
16103,0
16104,1
16105,2
16106,1
16107,2
16108,1
16109,0
16110,0
16111,1
16112,2
16113,2
16114,1
16115,2
16116,0
16117,1
16118,2
16119,2
16120,0
16121,1
16122,2
16123,2
16124,1
16125,0
16126,0
16127,2
16128,2
16129,0
16130,1
16131,0
16132,0
16133,1
16134,2
16135,1
16136,0
16137,2
16138,1
16139,0
16140,2
16141,2
16142,2
16143,1
16144,2
16145,0
16146,0
16147,2
16148,1
16149,1
16150,1
16151,2
16152,2
16153,0
16154,2
16155,2
16156,2
16157,1
16158,2
16159,2
16160,2
16161,2
16162,1
16163,0
16164,0
16165,2
16166,2
16167,0
16168,0
16169,1
16170,0
16171,0
16172,0
16173,0
16174,1
16175,0
16176,0
16177,0
16178,2
16179,2
16180,2
16181,2
16182,2
16183,2
16184,0
16185,2
16186,2
16187,0
16188,0
16189,1
16190,1
16191,2
16192,0
16193,2
16194,2
16195,2
16196,2
16197,0
16198,2
16199,0
16200,2
16201,1
16202,1
16203,1
16204,0
16205,1
16206,2
16207,0
16208,2
16209,0
16210,1
16211,1
16212,1
16213,0
16214,1
16215,2
16216,2
16217,1
16218,2
16219,0
16220,0
16221,2
16222,1
16223,2
16224,2
16225,2
16226,1
16227,1
16228,2
16229,0
16230,0
16231,1
16232,1
16233,0
16234,2
16235,0
16236,1
16237,2
16238,2
16239,1
16240,0
16241,0
16242,2
16243,0
16244,2
16245,2
16246,1
16247,1
16248,2
16249,0
16250,2
16251,0
16252,2
16253,0
16254,2
16255,1
16256,2
16257,0
16258,2
16259,0
16260,0
16261,2
16262,1
16263,1
16264,2
16265,0
16266,2
16267,0
16268,1
16269,0
16270,0
16271,0
16272,0
16273,0
16274,2
16275,2
16276,0
16277,0
16278,2
16279,2
16280,2
16281,2
16282,0
16283,0
16284,2
16285,0
16286,0
16287,2
16288,1
16289,2
16290,2
16291,0
16292,0
16293,2
16294,0
16295,1
16296,0
16297,0
16298,0
16299,2
16300,1
16301,1
16302,0
16303,0
16304,1
16305,2
16306,1
16307,2
16308,1
16309,0
16310,1
16311,2
16312,2
16313,2
16314,0
16315,0
16316,2
16317,0
16318,0
16319,2
16320,1
16321,0
16322,2
16323,2
16324,0
16325,0
16326,0
16327,2
16328,0
16329,0
16330,1
16331,2
16332,2
16333,0
16334,0
16335,0
16336,0
16337,0
16338,2
16339,0
16340,1
16341,0
16342,2
16343,0
16344,2
16345,0
16346,0
16347,2
16348,0
16349,2
16350,1
16351,2
16352,2
16353,2
16354,0
16355,0
16356,0
16357,0
16358,2
16359,2
16360,0
16361,1
16362,0
16363,1
16364,2
16365,2
16366,0
16367,0
16368,1
16369,0
16370,2
16371,0
16372,0
16373,2
16374,0
16375,2
16376,0
16377,0
16378,1
16379,0
16380,2
16381,1
16382,0
16383,1
16384,2
16385,1
16386,2
16387,2
16388,0
16389,1
16390,0
16391,0
16392,1
16393,1
16394,0
16395,0
16396,0
16397,1
16398,0
16399,1
16400,0
16401,0
16402,1
16403,1
16404,1
16405,2
16406,1
16407,2
16408,2
16409,0
16410,1
16411,2
16412,2
16413,0
16414,2
16415,0
16416,2
16417,2
16418,1
16419,0
16420,0
16421,0
16422,0
16423,1
16424,1
16425,2
16426,1
16427,1
16428,2
16429,2
16430,2
16431,2
16432,1
16433,2
16434,2
16435,0
16436,1
16437,0
16438,0
16439,1
16440,1
16441,0
16442,0
16443,0
16444,1
16445,2
16446,2
16447,0
16448,2
16449,2
16450,2
16451,0
16452,2
16453,0
16454,2
16455,0
16456,0
16457,2
16458,1
16459,2
16460,0
16461,2
16462,2
16463,1
16464,0
16465,0
16466,2
16467,0
16468,1
16469,1
16470,0
16471,2
16472,2
16473,0
16474,1
16475,1
16476,2
16477,2
16478,0
16479,1
16480,1
16481,0
16482,0
16483,2
16484,1
16485,1
16486,2
16487,1
16488,0
16489,0
16490,2
16491,2
16492,2
16493,2
16494,2
16495,1
16496,2
16497,0
16498,0
16499,0
16500,1
16501,2
16502,1
16503,2
16504,0
16505,2
16506,2
16507,2
16508,2
16509,1
16510,2
16511,2
16512,0
16513,2
16514,0
16515,1
16516,1
16517,1
16518,2
16519,2
16520,0
16521,0
16522,0
16523,2
16524,1
16525,2
16526,0
16527,1
16528,0
16529,2
16530,0
16531,0
16532,1
16533,2
16534,1
16535,0
16536,2
16537,0
16538,0
16539,0
16540,2
16541,2
16542,1
16543,2
16544,0
16545,0
16546,0
16547,0
16548,0
16549,1
16550,1
16551,1
16552,2
16553,0
16554,2
16555,0
16556,2
16557,0
16558,0
16559,1
16560,2
16561,1
16562,2
16563,2
16564,1
16565,2
16566,0
16567,0
16568,0
16569,1
16570,1
16571,0
16572,2
16573,1
16574,2
16575,0
16576,1
16577,2
16578,1
16579,1
16580,0
16581,0
16582,0
16583,1
16584,2
16585,1
16586,1
16587,1
16588,2
16589,0
16590,2
16591,0
16592,1
16593,0
16594,2
16595,0
16596,0
16597,1
16598,2
16599,0
16600,0
16601,2
16602,2
16603,2
16604,2
16605,1
16606,0
16607,0
16608,0
16609,0
16610,0
16611,2
16612,0
16613,0
16614,2
16615,1
16616,0
16617,1
16618,2
16619,1
16620,0
16621,2
16622,2
16623,2
16624,2
16625,0
16626,1
16627,1
16628,0
16629,2
16630,1
16631,0
16632,0
16633,1
16634,0
16635,2
16636,0
16637,1
16638,2
16639,0
16640,1
16641,1
16642,1
16643,0
16644,1
16645,1
16646,2
16647,0
16648,2
16649,1
16650,1
16651,2
16652,0
16653,1
16654,1
16655,2
16656,1
16657,0
16658,0
16659,0
16660,0
16661,0
16662,2
16663,0
16664,0
16665,2
16666,0
16667,2
16668,1
16669,2
16670,1
16671,2
16672,0
16673,0
16674,1
16675,2
16676,0
16677,0
16678,1
16679,0
16680,1
16681,0
16682,0
16683,0
16684,2
16685,2
16686,0
16687,2
16688,1
16689,2
16690,0
16691,2
16692,1
16693,2
16694,1
16695,0
16696,2
16697,0
16698,0
16699,2
16700,0
16701,1
16702,2
16703,2
16704,2
16705,0
16706,0
16707,2
16708,0
16709,0
16710,2
16711,0
16712,0
16713,1
16714,2
16715,0
16716,0
16717,0
16718,1
16719,0
16720,0
16721,1
16722,1
16723,1
16724,1
16725,2
16726,1
16727,1
16728,2
16729,0
16730,2
16731,0
16732,0
16733,2
16734,0
16735,2
16736,0
16737,1
16738,0
16739,1
16740,2
16741,2
16742,2
16743,2
16744,2
16745,2
16746,2
16747,0
16748,0
16749,0
16750,0
16751,2
16752,0
16753,1
16754,2
16755,1
16756,2
16757,2
16758,0
16759,2
16760,2
16761,0
16762,2
16763,0
16764,1
16765,1
16766,0
16767,2
16768,1
16769,0
16770,0
16771,1
16772,0
16773,2
16774,0
16775,0
16776,1
16777,1
16778,1
16779,2
16780,2
16781,0
16782,0
16783,1
16784,0
16785,1
16786,0
16787,2
16788,2
16789,0
16790,2
16791,1
16792,1
16793,0
16794,0
16795,2
16796,1
16797,1
16798,0
16799,0
16800,2
16801,2
16802,1
16803,1
16804,0
16805,2
16806,2
16807,1
16808,2
16809,0
16810,0
16811,0
16812,2
16813,0
16814,0
16815,1
16816,0
16817,2
16818,0
16819,2
16820,1
16821,1
16822,0
16823,0
16824,1
16825,2
16826,2
16827,0
16828,2
16829,2
16830,1
16831,1
16832,1
16833,2
16834,0
16835,0
16836,2
16837,1
16838,2
16839,2
16840,2
16841,1
16842,2
16843,2
16844,2
16845,2
16846,2
16847,1
16848,0
16849,2
16850,1
16851,0
16852,2
16853,2
16854,1
16855,1
16856,2
16857,0
16858,0
16859,0
16860,0
16861,0
16862,0
16863,1
16864,2
16865,2
16866,2
16867,2
16868,2
16869,0
16870,0
16871,0
16872,2
16873,0
16874,0
16875,0
16876,0
16877,2
16878,2
16879,0
16880,0
16881,2
16882,2
16883,2
16884,2
16885,2
16886,1
16887,2
16888,0
16889,1
16890,2
16891,1
16892,1
16893,0
16894,1
16895,2
16896,2
16897,2
16898,1
16899,0
16900,2
16901,1
16902,2
16903,1
16904,2
16905,0
16906,2
16907,2
16908,2
16909,0
16910,1
16911,2
16912,0
16913,2
16914,1
16915,0
16916,1
16917,2
16918,0
16919,0
16920,0
16921,2
16922,1
16923,1
16924,0
16925,0
16926,1
16927,2
16928,1
16929,2
16930,0
16931,2
16932,2
16933,2
16934,0
16935,0
16936,1
16937,2
16938,2
16939,1
16940,0
16941,0
16942,2
16943,2
16944,2
16945,2
16946,0
16947,1
16948,2
16949,0
16950,0
16951,2
16952,2
16953,0
16954,1
16955,0
16956,0
16957,2
16958,2
16959,1
16960,2
16961,1
16962,0
16963,1
16964,1
16965,0
16966,0
16967,1
16968,1
16969,0
16970,2
16971,0
16972,1
16973,2
16974,0
16975,2
16976,2
16977,2
16978,2
16979,2
16980,0
16981,2
16982,0
16983,2
16984,2
16985,2
16986,2
16987,0
16988,2
16989,2
16990,2
16991,0
16992,1
16993,1
16994,0
16995,1
16996,1
16997,0
16998,0
16999,1
17000,2
17001,0
17002,0
17003,0
17004,2
17005,0
17006,0
17007,2
17008,1
17009,1
17010,0
17011,1
17012,2
17013,0
17014,2
17015,2
17016,0
17017,2
17018,0
17019,0
17020,1
17021,0
17022,2
17023,0
17024,2
17025,2
17026,0
17027,2
17028,2
17029,1
17030,1
17031,1
17032,2
17033,0
17034,2
17035,0
17036,2
17037,0
17038,2
17039,0
17040,2
17041,2
17042,1
17043,2
17044,1
17045,2
17046,2
17047,0
17048,1
17049,0
17050,0
17051,1
17052,0
17053,1
17054,1
17055,0
17056,0
17057,2
17058,2
17059,2
17060,1
17061,0
17062,1
17063,0
17064,2
17065,0
17066,2
17067,0
17068,2
17069,0
17070,0
17071,0
17072,2
17073,0
17074,1
17075,2
17076,2
17077,2
17078,0
17079,0
17080,0
17081,2
17082,2
17083,2
17084,2
17085,1
17086,1
17087,1
17088,0
17089,2
17090,0
17091,1
17092,0
17093,1
17094,0
17095,1
17096,2
17097,1
17098,1
17099,0
17100,0
17101,0
17102,0
17103,2
17104,0
17105,2
17106,0
17107,1
17108,2
17109,1
17110,2
17111,0
17112,1
17113,0
17114,0
17115,0
17116,2
17117,0
17118,2
17119,2
17120,0
17121,2
17122,2
17123,2
17124,0
17125,1
17126,0
17127,0
17128,2
17129,2
17130,1
17131,2
17132,0
17133,0
17134,2
17135,0
17136,2
17137,0
17138,0
17139,0
17140,2
17141,1
17142,1
17143,2
17144,2
17145,2
17146,0
17147,0
17148,0
17149,1
17150,0
17151,0
17152,0
17153,0
17154,0
17155,0
17156,1
17157,2
17158,2
17159,1
17160,2
17161,0
17162,1
17163,0
17164,0
17165,2
17166,0
17167,0
17168,0
17169,1
17170,2
17171,1
17172,0
17173,1
17174,1
17175,1
17176,0
17177,2
17178,0
17179,1
17180,2
17181,2
17182,1
17183,0
17184,0
17185,2
17186,0
17187,2
17188,0
17189,0
17190,0
17191,0
17192,2
17193,2
17194,0
17195,2
17196,2
17197,2
17198,0
17199,1
17200,0
17201,1
17202,0
17203,2
17204,2
17205,0
17206,1
17207,2
17208,2
17209,0
17210,2
17211,0
17212,0
17213,1
17214,2
17215,2
17216,2
17217,0
17218,2
17219,2
17220,0
17221,2
17222,2
17223,2
17224,1
17225,2
17226,2
17227,0
17228,0
17229,0
17230,1
17231,0
17232,2
17233,2
17234,0
17235,0
17236,1
17237,2
17238,2
17239,0
17240,0
17241,1
17242,0
17243,1
17244,0
17245,2
17246,2
17247,0
17248,1
17249,1
17250,0
17251,0
17252,0
17253,1
17254,2
17255,2
17256,2
17257,1
17258,0
17259,2
17260,2
17261,0
17262,0
17263,0
17264,1
17265,2
17266,0
17267,1
17268,2
17269,2
17270,0
17271,0
17272,2
17273,0
17274,2
17275,1
17276,2
17277,0
17278,1
17279,1
17280,0
17281,1
17282,0
17283,2
17284,2
17285,2
17286,2
17287,0
17288,2
17289,2
17290,1
17291,1
17292,2
17293,2
17294,2
17295,1
17296,0
17297,1
17298,0
17299,2
17300,0
17301,0
17302,0
17303,1
17304,0
17305,0
17306,2
17307,0
17308,1
17309,2
17310,1
17311,1
17312,2
17313,2
17314,0
17315,2
17316,2
17317,2
17318,1
17319,0
17320,2
17321,1
17322,0
17323,0
17324,2
17325,0
17326,2
17327,0
17328,0
17329,2
17330,0
17331,2
17332,1
17333,0
17334,1
17335,1
17336,2
17337,1
17338,1
17339,2
17340,2
17341,2
17342,0
17343,2
17344,2
17345,2
17346,0
17347,1
17348,1
17349,0
17350,1
17351,0
17352,2
17353,2
17354,1
17355,2
17356,2
17357,0
17358,0
17359,2
17360,0
17361,0
17362,2
17363,1
17364,0
17365,2
17366,0
17367,0
17368,0
17369,1
17370,2
17371,1
17372,0
17373,1
17374,0
17375,1
17376,2
17377,0
17378,0
17379,2
17380,2
17381,1
17382,0
17383,0
17384,0
17385,2
17386,0
17387,0
17388,0
17389,1
17390,2
17391,1
17392,0
17393,2
17394,0
17395,1
17396,2
17397,2
17398,2
17399,0
17400,0
17401,0
17402,1
17403,0
17404,0
17405,0
17406,2
17407,0
17408,1
17409,2
17410,1
17411,1
17412,2
17413,0
17414,1
17415,0
17416,2
17417,2
17418,0
17419,0
17420,0
17421,0
17422,2
17423,0
17424,0
17425,1
17426,0
17427,2
17428,0
17429,0
17430,0
17431,0
17432,1
17433,2
17434,0
17435,2
17436,0
17437,2
17438,0
17439,1
17440,2
17441,0
17442,0
17443,2
17444,1
17445,1
17446,0
17447,2
17448,0
17449,2
17450,2
17451,0
17452,2
17453,1
17454,0
17455,2
17456,2
17457,0
17458,1
17459,2
17460,0
17461,1
17462,0
17463,2
17464,2
17465,0
17466,0
17467,0
17468,1
17469,2
17470,0
17471,0
17472,0
17473,1
17474,1
17475,1
17476,2
17477,1
17478,2
17479,2
17480,0
17481,2
17482,1
17483,0
17484,0
17485,2
17486,2
17487,2
17488,1
17489,1
17490,0
17491,2
17492,1
17493,0
17494,1
17495,1
17496,2
17497,0
17498,1
17499,1
17500,0
17501,0
17502,2
17503,2
17504,2
17505,1
17506,1
17507,0
17508,0
17509,1
17510,0
17511,0
17512,1
17513,1
17514,0
17515,0
17516,2
17517,2
17518,0
17519,0
17520,1
17521,0
17522,2
17523,2
17524,0
17525,1
17526,2
17527,2
17528,0
17529,2
17530,0
17531,0
17532,2
17533,2
17534,1
17535,0
17536,1
17537,0
17538,0
17539,2
17540,2
17541,1
17542,2
17543,2
17544,2
17545,0
17546,2
17547,0
17548,2
17549,2
17550,1
17551,2
17552,0
17553,2
17554,0
17555,1
17556,0
17557,2
17558,0
17559,2
17560,0
17561,2
17562,0
17563,2
17564,2
17565,0
17566,0
17567,0
17568,1
17569,0
17570,2
17571,1
17572,0
17573,1
17574,0
17575,1
17576,2
17577,0
17578,2
17579,0
17580,2
17581,2
17582,2
17583,2
17584,2
17585,2
17586,2
17587,1
17588,2
17589,0
17590,0
17591,1
17592,2
17593,0
17594,2
17595,0
17596,2
17597,1
17598,0
17599,0
17600,0
17601,1
17602,2
17603,2
17604,2
17605,0
17606,2
17607,0
17608,2
17609,2
17610,0
17611,2
17612,2
17613,2
17614,2
17615,0
17616,1
17617,2
17618,0
17619,1
17620,0
17621,2
17622,1
17623,1
17624,2
17625,2
17626,1
17627,1
17628,1
17629,2
17630,0
17631,0
17632,0
17633,2
17634,1
17635,0
17636,0
17637,1
17638,1
17639,2
17640,2
17641,0
17642,0
17643,1
17644,2
17645,2
17646,0
17647,2
17648,0
17649,0
17650,2
17651,2
17652,0
17653,0
17654,2
17655,1
17656,2
17657,2
17658,2
17659,1
17660,0
17661,0
17662,1
17663,0
17664,0
17665,0
17666,2
17667,2
17668,1
17669,0
17670,1
17671,0
17672,2
17673,2
17674,2
17675,0
17676,2
17677,2
17678,0
17679,0
17680,2
17681,1
17682,2
17683,0
17684,1
17685,2
17686,0
17687,1
17688,1
17689,2
17690,0
17691,1
17692,2
17693,2
17694,2
17695,2
17696,1
17697,1
17698,2
17699,2
17700,2
17701,0
17702,2
17703,1
17704,2
17705,0
17706,2
17707,0
17708,1
17709,0
17710,2
17711,2
17712,2
17713,1
17714,0
17715,1
17716,0
17717,2
17718,2
17719,2
17720,2
17721,0
17722,1
17723,1
17724,2
17725,0
17726,1
17727,1
17728,1
17729,2
17730,0
17731,0
17732,0
17733,0
17734,2
17735,1
17736,0
17737,0
17738,2
17739,0
17740,1
17741,1
17742,0
17743,2
17744,1
17745,0
17746,2
17747,2
17748,2
17749,2
17750,0
17751,0
17752,1
17753,0
17754,2
17755,0
17756,0
17757,2
17758,2
17759,2
17760,2
17761,0
17762,2
17763,1
17764,0
17765,0
17766,0
17767,1
17768,0
17769,2
17770,2
17771,1
17772,0
17773,0
17774,2
17775,1
17776,2
17777,2
17778,1
17779,1
17780,1
17781,0
17782,0
17783,1
17784,0
17785,2
17786,0
17787,0
17788,2
17789,2
17790,0
17791,0
17792,1
17793,0
17794,0
17795,1
17796,1
17797,2
17798,1
17799,1
17800,1
17801,2
17802,2
17803,0
17804,0
17805,1
17806,1
17807,2
17808,0
17809,0
17810,1
17811,2
17812,0
17813,0
17814,2
17815,2
17816,2
17817,2
17818,0
17819,0
17820,0
17821,2
17822,0
17823,2
17824,0
17825,0
17826,0
17827,0
17828,1
17829,0
17830,0
17831,0
17832,2
17833,2
17834,2
17835,2
17836,2
17837,0
17838,2
17839,0
17840,1
17841,0
17842,0
17843,2
17844,2
17845,2
17846,2
17847,0
17848,2
17849,2
17850,2
17851,2
17852,2
17853,0
17854,2
17855,2
17856,2
17857,1
17858,2
17859,0
17860,1
17861,1
17862,1
17863,0
17864,0
17865,1
17866,1
17867,0
17868,1
17869,2
17870,1
17871,0
17872,1
17873,0
17874,0
17875,2
17876,2
17877,0
17878,2
17879,0
17880,2
17881,2
17882,2
17883,0
17884,2
17885,2
17886,2
17887,0
17888,2
17889,1
17890,2
17891,0
17892,1
17893,0
17894,0
17895,0
17896,1
17897,2
17898,0
17899,1
17900,2
17901,0
17902,2
17903,0
17904,0
17905,0
17906,0
17907,0
17908,2
17909,0
17910,1
17911,2
17912,0
17913,0
17914,1
17915,2
17916,0
17917,2
17918,2
17919,1
17920,2
17921,2
17922,0
17923,2
17924,0
17925,1
17926,1
17927,0
17928,1
17929,2
17930,1
17931,2
17932,1
17933,2
17934,0
17935,1
17936,2
17937,0
17938,2
17939,0
17940,1
17941,2
17942,2
17943,0
17944,0
17945,0
17946,2
17947,2
17948,0
17949,0
17950,1
17951,0
17952,2
17953,1
17954,0
17955,0
17956,2
17957,0
17958,0
17959,0
17960,2
17961,2
17962,2
17963,0
17964,2
17965,2
17966,0
17967,1
17968,0
17969,2
17970,2
17971,1
17972,0
17973,1
17974,0
17975,2
17976,1
17977,1
17978,2
17979,2
17980,1
17981,0
17982,0
17983,0
17984,1
17985,2
17986,0
17987,1
17988,2
17989,0
17990,0
17991,2
17992,0
17993,2
17994,2
17995,0
17996,2
17997,1
17998,2
17999,2
18000,0
18001,2
18002,0
18003,2
18004,1
18005,0
18006,2
18007,0
18008,2
18009,0
18010,1
18011,2
18012,1
18013,2
18014,0
18015,0
18016,0
18017,2
18018,0
18019,2
18020,2
18021,2
18022,2
18023,0
18024,2
18025,0
18026,0
18027,1
18028,0
18029,0
18030,2
18031,2
18032,0
18033,1
18034,1
18035,0
18036,2
18037,0
18038,2
18039,1
18040,0
18041,0
18042,0
18043,0
18044,2
18045,1
18046,0
18047,1
18048,1
18049,2
18050,1
18051,0
18052,2
18053,0
18054,2
18055,1
18056,1
18057,0
18058,0
18059,1
18060,2
18061,0
18062,0
18063,0
18064,2
18065,0
18066,0
18067,0
18068,0
18069,0
18070,2
18071,0
18072,0
18073,2
18074,1
18075,2
18076,0
18077,2
18078,2
18079,0
18080,0
18081,0
18082,1
18083,0
18084,2
18085,2
18086,0
18087,2
18088,2
18089,0
18090,2
18091,2
18092,0
18093,1
18094,1
18095,1
18096,0
18097,2
18098,2
18099,1
18100,0
18101,2
18102,1
18103,2
18104,0
18105,1
18106,0
18107,1
18108,2
18109,0
18110,0
18111,2
18112,2
18113,2
18114,0
18115,2
18116,2
18117,2
18118,0
18119,2
18120,0
18121,1
18122,0
18123,0
18124,2
18125,2
18126,2
18127,0
18128,2
18129,0
18130,0
18131,2
18132,2
18133,1
18134,2
18135,2
18136,2
18137,1
18138,0
18139,2
18140,0
18141,2
18142,0
18143,1
18144,0
18145,2
18146,0
18147,1
18148,2
18149,1
18150,1
18151,0
18152,1
18153,1
18154,1
18155,1
18156,2
18157,0
18158,2
18159,0
18160,0
18161,0
18162,1
18163,0
18164,2
18165,0
18166,0
18167,2
18168,2
18169,1
18170,2
18171,1
18172,1
18173,1
18174,0
18175,2
18176,2
18177,2
18178,0
18179,2
18180,0
18181,1
18182,0
18183,2
18184,2
18185,2
18186,0
18187,1
18188,2
18189,0
18190,0
18191,1
18192,0
18193,0
18194,2
18195,2
18196,2
18197,2
18198,0
18199,2
18200,0
18201,1
18202,0
18203,0
18204,0
18205,0
18206,2
18207,0
18208,0
18209,0
18210,1
18211,2
18212,0
18213,2
18214,0
18215,0
18216,2
18217,2
18218,0
18219,1
18220,0
18221,1
18222,0
18223,2
18224,0
18225,2
18226,2
18227,2
18228,0
18229,0
18230,2
18231,2
18232,2
18233,0
18234,0
18235,1
18236,0
18237,1
18238,1
18239,0
18240,2
18241,0
18242,1
18243,2
18244,1
18245,1
18246,0
18247,1
18248,1
18249,2
18250,0
18251,2
18252,2
18253,2
18254,0
18255,2
18256,0
18257,0
18258,1
18259,0
18260,2
18261,2
18262,2
18263,2
18264,0
18265,2
18266,0
18267,1
18268,0
18269,1
18270,0
18271,1
18272,2
18273,2
18274,1
18275,2
18276,1
18277,2
18278,1
18279,1
18280,2
18281,2
18282,0
18283,2
18284,2
18285,2
18286,0
18287,1
18288,2
18289,1
18290,1
18291,0
18292,1
18293,1
18294,2
18295,0
18296,0
18297,1
18298,2
18299,1
18300,2
18301,2
18302,0
18303,0
18304,0
18305,0
18306,0
18307,1
18308,0
18309,2
18310,1
18311,0
18312,2
18313,0
18314,0
18315,2
18316,1
18317,0
18318,2
18319,2
18320,1
18321,2
18322,2
18323,1
18324,0
18325,1
18326,1
18327,1
18328,2
18329,0
18330,2
18331,0
18332,1
18333,2
18334,0
18335,1
18336,2
18337,2
18338,2
18339,1
18340,2
18341,0
18342,2
18343,0
18344,2
18345,0
18346,0
18347,2
18348,2
18349,0
18350,0
18351,2
18352,2
18353,2
18354,2
18355,1
18356,1
18357,0
18358,0
18359,0
18360,2
18361,0
18362,1
18363,0
18364,0
18365,2
18366,1
18367,2
18368,0
18369,2
18370,2
18371,2
18372,0
18373,0
18374,0
18375,0
18376,0
18377,2
18378,1
18379,1
18380,2
18381,0
18382,0
18383,0
18384,0
18385,2
18386,1
18387,0
18388,2
18389,2
18390,1
18391,0
18392,0
18393,2
18394,1
18395,0
18396,1
18397,1
18398,1
18399,2
18400,2
18401,0
18402,2
18403,0
18404,0
18405,0
18406,0
18407,2
18408,0
18409,0
18410,1
18411,1
18412,2
18413,2
18414,2
18415,2
18416,1
18417,2
18418,2
18419,2
18420,2
18421,0
18422,0
18423,0
18424,0
18425,0
18426,0
18427,2
18428,2
18429,0
18430,0
18431,1
18432,1
18433,1
18434,2
18435,2
18436,2
18437,0
18438,0
18439,0
18440,2
18441,0
18442,0
18443,1
18444,0
18445,0
18446,0
18447,2
18448,1
18449,1
18450,1
18451,0
18452,0
18453,2
18454,0
18455,1
18456,1
18457,0
18458,2
18459,0
18460,0
18461,0
18462,0
18463,0
18464,0
18465,0
18466,0
18467,0
18468,0
18469,0
18470,2
18471,2
18472,1
18473,2
18474,2
18475,2
18476,0
18477,2
18478,0
18479,0
18480,0
18481,0
18482,2
18483,0
18484,0
18485,2
18486,2
18487,2
18488,0
18489,0
18490,1
18491,0
18492,2
18493,0
18494,0
18495,2
18496,0
18497,0
18498,2
18499,2
18500,0
18501,2
18502,2
18503,2
18504,1
18505,2
18506,1
18507,0
18508,1
18509,2
18510,2
18511,1
18512,2
18513,1
18514,1
18515,2
18516,0
18517,2
18518,0
18519,1
18520,1
18521,0
18522,1
18523,2
18524,2
18525,1
18526,1
18527,1
18528,0
18529,0
18530,2
18531,0
18532,1
18533,2
18534,2
18535,1
18536,0
18537,0
18538,2
18539,0
18540,0
18541,0
18542,1
18543,2
18544,0
18545,1
18546,1
18547,0
18548,0
18549,1
18550,2
18551,2
18552,2
18553,0
18554,2
18555,2
18556,1
18557,0
18558,0
18559,2
18560,0
18561,0
18562,1
18563,0
18564,2
18565,0
18566,2
18567,2
18568,0
18569,1
18570,2
18571,0
18572,2
18573,0
18574,2
18575,1
18576,2
18577,2
18578,0
18579,2
18580,2
18581,2
18582,2
18583,0
18584,0
18585,0
18586,2
18587,1
18588,2
18589,0
18590,2
18591,1
18592,0
18593,0
18594,0
18595,0
18596,0
18597,1
18598,0
18599,2
18600,1
18601,2
18602,2
18603,0
18604,1
18605,2
18606,2
18607,2
18608,2
18609,2
18610,0
18611,1
18612,0
18613,0
18614,2
18615,2
18616,2
18617,0
18618,0
18619,1
18620,1
18621,0
18622,2
18623,0
18624,1
18625,0
18626,2
18627,1
18628,1
18629,0
18630,0
18631,0
18632,0
18633,2
18634,0
18635,2
18636,0
18637,0
18638,1
18639,0
18640,0
18641,0
18642,0
18643,2
18644,1
18645,0
18646,1
18647,0
18648,0
18649,0
18650,2
18651,2
18652,2
18653,0
18654,1
18655,2
18656,0
18657,2
18658,1
18659,2
18660,2
18661,1
18662,0
18663,2
18664,0
18665,0
18666,0
18667,0
18668,0
18669,2
18670,0
18671,1
18672,1
18673,1
18674,2
18675,2
18676,0
18677,0
18678,1
18679,2
18680,1
18681,0
18682,0
18683,0
18684,0
18685,0
18686,2
18687,0
18688,0
18689,0
18690,0
18691,2
18692,2
18693,0
18694,0
18695,0
18696,1
18697,0
18698,2
18699,2
18700,2
18701,0
18702,0
18703,2
18704,0
18705,2
18706,0
18707,0
18708,0
18709,0
18710,1
18711,2
18712,2
18713,2
18714,2
18715,1
18716,0
18717,1
18718,2
18719,2
18720,1
18721,2
18722,2
18723,1
18724,2
18725,0
18726,2
18727,2
18728,2
18729,0
18730,2
18731,2
18732,1
18733,2
18734,2
18735,0
18736,0
18737,2
18738,0
18739,0
18740,0
18741,0
18742,2
18743,0
18744,2
18745,0
18746,0
18747,0
18748,2
18749,1
18750,1
18751,2
18752,2
18753,0
18754,2
18755,0
18756,2
18757,2
18758,1
18759,1
18760,0
18761,0
18762,0
18763,0
18764,1
18765,0
18766,2
18767,0
18768,1
18769,0
18770,2
18771,2
18772,2
18773,0
18774,0
18775,0
18776,0
18777,2
18778,0
18779,0
18780,0
18781,2
18782,2
18783,2
18784,2
18785,1
18786,2
18787,0
18788,2
18789,2
18790,2
18791,0
18792,0
18793,0
18794,1
18795,0
18796,2
18797,0
18798,1
18799,2
18800,0
18801,2
18802,2
18803,2
18804,2
18805,1
18806,2
18807,0
18808,2
18809,0
18810,0
18811,0
18812,2
18813,2
18814,0
18815,2
18816,2
18817,2
18818,1
18819,1
18820,2
18821,2
18822,2
18823,2
18824,2
18825,2
18826,0
18827,1
18828,1
18829,0
18830,1
18831,1
18832,2
18833,2
18834,2
18835,0
18836,1
18837,2
18838,0
18839,2
18840,0
18841,2
18842,0
18843,2
18844,0
18845,1
18846,0
18847,0
18848,1
18849,2
18850,2
18851,2
18852,0
18853,1
18854,0
18855,2
18856,0
18857,2
18858,0
18859,2
18860,1
18861,0
18862,0
18863,2
18864,2
18865,2
18866,2
18867,2
18868,0
18869,2
18870,0
18871,2
18872,2
18873,2
18874,0
18875,2
18876,1
18877,0
18878,2
18879,0
18880,0
18881,0
18882,0
18883,1
18884,1
18885,2
18886,0
18887,2
18888,2
18889,0
18890,1
18891,1
18892,2
18893,1
18894,0
18895,2
18896,2
18897,1
18898,0
18899,2
18900,2
18901,2
18902,0
18903,0
18904,0
18905,1
18906,2
18907,2
18908,0
18909,2
18910,2
18911,1
18912,2
18913,0
18914,1
18915,2
18916,0
18917,1
18918,2
18919,0
18920,0
18921,2
18922,2
18923,0
18924,0
18925,2
18926,1
18927,0
18928,0
18929,0
18930,2
18931,2
18932,0
18933,0
18934,0
18935,2
18936,1
18937,1
18938,0
18939,2
18940,0
18941,2
18942,2
18943,1
18944,0
18945,0
18946,1
18947,0
18948,1
18949,2
18950,2
18951,1
18952,1
18953,0
18954,1
18955,0
18956,2
18957,0
18958,0
18959,0
18960,2
18961,2
18962,1
18963,0
18964,1
18965,2
18966,2
18967,2
18968,1
18969,2
18970,1
18971,0
18972,0
18973,2
18974,0
18975,2
18976,2
18977,2
18978,1
18979,0
18980,0
18981,0
18982,1
18983,0
18984,2
18985,2
18986,1
18987,1
18988,2
18989,2
18990,2
18991,2
18992,2
18993,1
18994,2
18995,0
18996,1
18997,1
18998,2
18999,2
19000,0
19001,2
19002,0
19003,0
19004,0
19005,2
19006,2
19007,1
19008,0
19009,2
19010,1
19011,0
19012,2
19013,2
19014,0
19015,2
19016,0
19017,0
19018,1
19019,1
19020,2
19021,0
19022,1
19023,0
19024,2
19025,2
19026,0
19027,0
19028,2
19029,0
19030,2
19031,2
19032,0
19033,0
19034,1
19035,2
19036,0
19037,0
19038,1
19039,0
19040,2
19041,0
19042,0
19043,2
19044,2
19045,0
19046,2
19047,1
19048,2
19049,2
19050,2
19051,2
19052,2
19053,1
19054,2
19055,1
19056,2
19057,0
19058,1
19059,0
19060,0
19061,1
19062,0
19063,2
19064,2
19065,2
19066,2
19067,2
19068,1
19069,2
19070,2
19071,0
19072,2
19073,2
19074,0
19075,2
19076,2
19077,0
19078,1
19079,2
19080,1
19081,1
19082,2
19083,0
19084,0
19085,1
19086,1
19087,1
19088,0
19089,0
19090,0
19091,0
19092,2
19093,2
19094,1
19095,2
19096,2
19097,0
19098,1
19099,2
19100,2
19101,0
19102,0
19103,0
19104,1
19105,2
19106,2
19107,0
19108,0
19109,2
19110,1
19111,2
19112,1
19113,0
19114,0
19115,0
19116,0
19117,2
19118,0
19119,1
19120,0
19121,2
19122,1
19123,2
19124,0
19125,0
19126,0
19127,2
19128,0
19129,1
19130,2
19131,0
19132,2
19133,0
19134,2
19135,1
19136,1
19137,0
19138,2
19139,2
19140,0
19141,1
19142,2
19143,0
19144,0
19145,0
19146,0
19147,0
19148,0
19149,2
19150,0
19151,0
19152,2
19153,1
19154,0
19155,2
19156,1
19157,2
19158,1
19159,0
19160,2
19161,0
19162,2
19163,1
19164,2
19165,2
19166,0
19167,0
19168,0
19169,1
19170,0
19171,0
19172,2
19173,1
19174,2
19175,0
19176,2
19177,1
19178,1
19179,1
19180,2
19181,2
19182,0
19183,2
19184,2
19185,0
19186,2
19187,1
19188,0
19189,1
19190,0
19191,2
19192,0
19193,0
19194,2
19195,2
19196,0
19197,2
19198,2
19199,1
19200,1
19201,2
19202,2
19203,1
19204,0
19205,2
19206,1
19207,0
19208,0
19209,2
19210,0
19211,2
19212,1
19213,2
19214,0
19215,0
19216,0
19217,0
19218,2
19219,1
19220,2
19221,1
19222,1
19223,0
19224,0
19225,0
19226,1
19227,0
19228,2
19229,0
19230,2
19231,0
19232,2
19233,0
19234,2
19235,2
19236,2
19237,1
19238,0
19239,0
19240,2
19241,2
19242,1
19243,0
19244,2
19245,0
19246,2
19247,2
19248,1
19249,0
19250,0
19251,0
19252,2
19253,1
19254,0
19255,0
19256,0
19257,0
19258,1
19259,2
19260,1
19261,0
19262,2
19263,1
19264,2
19265,0
19266,0
19267,1
19268,2
19269,1
19270,0
19271,0
19272,2
19273,2
19274,2
19275,2
19276,0
19277,2
19278,2
19279,2
19280,2
19281,2
19282,2
19283,2
19284,0
19285,2
19286,2
19287,0
19288,1
19289,1
19290,2
19291,1
19292,0
19293,1
19294,2
19295,0
19296,2
19297,2
19298,0
19299,1
19300,1
19301,1
19302,2
19303,2
19304,2
19305,2
19306,0
19307,0
19308,2
19309,1
19310,0
19311,2
19312,0
19313,1
19314,2
19315,2
19316,2
19317,0
19318,0
19319,0
19320,1
19321,2
19322,1
19323,0
19324,0
19325,0
19326,0
19327,0
19328,2
19329,0
19330,2
19331,2
19332,1
19333,0
19334,2
19335,0
19336,0
19337,0
19338,1
19339,1
19340,0
19341,0
19342,2
19343,2
19344,0
19345,2
19346,0
19347,1
19348,1
19349,1
19350,0
19351,1
19352,0
19353,2
19354,0
19355,1
19356,0
19357,1
19358,0
19359,0
19360,2
19361,1
19362,0
19363,1
19364,1
19365,2
19366,1
19367,2
19368,0
19369,0
19370,0
19371,2
19372,2
19373,0
19374,2
19375,1
19376,2
19377,0
19378,0
19379,1
19380,1
19381,2
19382,0
19383,0
19384,0
19385,2
19386,2
19387,0
19388,2
19389,1
19390,1
19391,1
19392,2
19393,1
19394,1
19395,0
19396,0
19397,0
19398,0
19399,0
19400,2
19401,2
19402,0
19403,1
19404,0
19405,0
19406,0
19407,1
19408,0
19409,2
19410,2
19411,2
19412,0
19413,0
19414,0
19415,2
19416,1
19417,0
19418,2
19419,0
19420,2
19421,2
19422,1
19423,1
19424,1
19425,1
19426,0
19427,2
19428,0
19429,2
19430,2
19431,0
19432,1
19433,0
19434,2
19435,0
19436,2
19437,1
19438,0
19439,2
19440,2
19441,0
19442,0
19443,1
19444,0
19445,2
19446,2
19447,0
19448,0
19449,1
19450,1
19451,0
19452,2
19453,2
19454,2
19455,2
19456,0
19457,2
19458,2
19459,1
19460,1
19461,2
19462,1
19463,2
19464,1
19465,1
19466,1
19467,1
19468,1
19469,0
19470,1
19471,2
19472,0
19473,0
19474,2
19475,0
19476,1
19477,2
19478,2
19479,2
19480,0
19481,0
19482,0
19483,1
19484,2
19485,2
19486,2
19487,2
19488,0
19489,2
19490,1
19491,2
19492,2
19493,1
19494,0
19495,0
19496,0
19497,1
19498,2
19499,0
19500,2
19501,0
19502,0
19503,1
19504,0
19505,2
19506,1
19507,2
19508,2
19509,0
19510,2
19511,0
19512,0
19513,0
19514,2
19515,1
19516,2
19517,2
19518,0
19519,0
19520,1
19521,2
19522,0
19523,2
19524,2
19525,1
19526,2
19527,1
19528,0
19529,0
19530,0
19531,1
19532,2
19533,2
19534,0
19535,0
19536,2
19537,2
19538,2
19539,0
19540,2
19541,2
19542,0
19543,2
19544,0
19545,1
19546,1
19547,2
19548,2
19549,0
19550,1
19551,1
19552,2
19553,2
19554,0
19555,2
19556,2
19557,2
19558,0
19559,0
19560,1
19561,2
19562,2
19563,0
19564,1
19565,2
19566,0
19567,0
19568,0
19569,0
19570,0
19571,0
19572,2
19573,0
19574,2
19575,0
19576,2
19577,0
19578,0
19579,0
19580,0
19581,0
19582,0
19583,0
19584,2
19585,2
19586,0
19587,2
19588,1
19589,1
19590,2
19591,2
19592,1
19593,0
19594,2
19595,0
19596,1
19597,1
19598,1
19599,0
19600,2
19601,0
19602,0
19603,0
19604,2
19605,0
19606,0
19607,1
19608,1
19609,1
19610,1
19611,2
19612,0
19613,0
19614,2
19615,1
19616,0
19617,1
19618,0
19619,1
19620,0
19621,1
19622,2
19623,0
19624,2
19625,1
19626,0
19627,2
19628,0
19629,0
19630,2
19631,0
19632,0
19633,2
19634,0
19635,1
19636,0
19637,0
19638,2
19639,2
19640,0
19641,1
19642,0
19643,0
19644,1
19645,1
19646,2
19647,2
19648,2
19649,2
19650,1
19651,0
19652,0
19653,2
19654,1
19655,1
19656,1
19657,2
19658,2
19659,0
19660,0
19661,0
19662,0
19663,0
19664,2
19665,0
19666,1
19667,2
19668,2
19669,2
19670,0
19671,0
19672,2
19673,0
19674,1
19675,2
19676,0
19677,1
19678,2
19679,2
19680,0
19681,0
19682,2
19683,0
19684,1
19685,2
19686,0
19687,2
19688,1
19689,1
19690,2
19691,0
19692,0
19693,2
19694,0
19695,1
19696,0
19697,0
19698,0
19699,0
19700,0
19701,0
19702,1
19703,1
19704,0
19705,2
19706,0
19707,0
19708,2
19709,0
19710,0
19711,0
19712,0
19713,0
19714,0
19715,2
19716,2
19717,1
19718,2
19719,2
19720,0
19721,1
19722,0
19723,2
19724,0
19725,2
19726,0
19727,0
19728,1
19729,2
19730,1
19731,1
19732,2
19733,2
19734,1
19735,2
19736,1
19737,0
19738,2
19739,0
19740,2
19741,0
19742,2
19743,2
19744,1
19745,0
19746,0
19747,1
19748,2
19749,0
19750,1
19751,2
19752,2
19753,0
19754,0
19755,2
19756,0
19757,0
19758,2
19759,0
19760,1
19761,0
19762,2
19763,0
19764,0
19765,1
19766,0
19767,1
19768,2
19769,2
19770,2
19771,0
19772,0
19773,0
19774,2
19775,1
19776,2
19777,2
19778,1
19779,0
19780,1
19781,2
19782,2
19783,2
19784,0
19785,1
19786,2
19787,1
19788,1
19789,0
19790,0
19791,0
19792,2
19793,0
19794,2
19795,0
19796,1
19797,0
19798,0
19799,2
19800,0
19801,2
19802,1
19803,0
19804,2
19805,1
19806,0
19807,0
19808,1
19809,0
19810,0
19811,0
19812,2
19813,0
19814,0
19815,1
19816,2
19817,2
19818,2
19819,0
19820,0
19821,2
19822,1
19823,2
19824,0
19825,0
19826,2
19827,2
19828,2
19829,0
19830,1
19831,0
19832,2
19833,0
19834,2
19835,0
19836,2
19837,2
19838,0
19839,0
19840,1
19841,0
19842,1
19843,2
19844,0
19845,1
19846,0
19847,2
19848,2
19849,2
19850,2
19851,2
19852,1
19853,1
19854,1
19855,1
19856,1
19857,2
19858,0
19859,0
19860,2
19861,0
19862,2
19863,2
19864,1
19865,2
19866,2
19867,1
19868,0
19869,0
19870,2
19871,0
19872,0
19873,0
19874,0
19875,2
19876,1
19877,1
19878,0
19879,1
19880,0
19881,0
19882,0
19883,2
19884,1
19885,0
19886,2
19887,2
19888,1
19889,0
19890,2
19891,2
19892,0
19893,2
19894,1
19895,0
19896,0
19897,0
19898,1
19899,0
19900,2
19901,2
19902,1
19903,0
19904,1
19905,0
19906,1
19907,2
19908,2
19909,0
19910,2
19911,2
19912,0
19913,1
19914,1
19915,0
19916,1
19917,2
19918,0
19919,2
19920,2
19921,1
19922,2
19923,0
19924,1
19925,1
19926,2
19927,0
19928,1
19929,0
19930,2
19931,2
19932,2
19933,0
19934,0
19935,0
19936,0
19937,0
19938,2
19939,2
19940,2
19941,2
19942,2
19943,2
19944,0
19945,2
19946,1
19947,0
19948,0
19949,2
19950,2
19951,2
19952,0
19953,0
19954,2
19955,0
19956,1
19957,2
19958,1
19959,0
19960,1
19961,0
19962,1
19963,0
19964,1
19965,1
19966,2
19967,2
19968,2
19969,0
19970,2
19971,0
19972,1
19973,2
19974,1
19975,0
19976,0
19977,0
19978,0
19979,2
19980,0
19981,1
19982,2
19983,1
19984,1
19985,0
19986,2
19987,2
19988,1
19989,0
19990,0
19991,0
19992,1
19993,2
19994,1
19995,0
19996,2
19997,0
19998,1
19999,0
20000,1
20001,2
20002,1
20003,0
20004,0
20005,1
20006,1
20007,2
20008,2
20009,2
20010,1
20011,0
20012,2
20013,0
20014,0
20015,0
20016,2
20017,0
20018,0
20019,0
20020,1
20021,0
20022,0
20023,1
20024,2
20025,2
20026,0
20027,1
20028,0
20029,0
20030,2
20031,2
20032,1
20033,1
20034,2
20035,1
20036,2
20037,0
20038,0
20039,0
20040,2
20041,2
20042,0
20043,1
20044,2
20045,2
20046,2
20047,2
20048,2
20049,2
20050,0
20051,0
20052,1
20053,0
20054,2
20055,2
20056,0
20057,1
20058,1
20059,0
20060,2
20061,1
20062,2
20063,1
20064,0
20065,1
20066,1
20067,1
20068,0
20069,1
20070,1
20071,0
20072,0
20073,0
20074,1
20075,1
20076,0
20077,0
20078,0
20079,2
20080,0
20081,2
20082,2
20083,1
20084,2
20085,2
20086,2
20087,0
20088,0
20089,0
20090,2
20091,0
20092,2
20093,2
20094,2
20095,1
20096,2
20097,0
20098,2
20099,2
20100,2
20101,1
20102,0
20103,0
20104,2
20105,1
20106,1
20107,2
20108,2
20109,0
20110,2
20111,0
20112,0
20113,2
20114,0
20115,2
20116,1
20117,2
20118,0
20119,0
20120,0
20121,0
20122,0
20123,1
20124,0
20125,0
20126,2
20127,0
20128,2
20129,0
20130,2
20131,1
20132,2
20133,0
20134,0
20135,2
20136,1
20137,1
20138,0
20139,1
20140,2
20141,0
20142,2
20143,1
20144,0
20145,0
20146,2
20147,2
20148,1
20149,2
20150,0
20151,1
20152,2
20153,2
20154,0
20155,2
20156,2
20157,0
20158,2
20159,1
20160,0
20161,2
20162,2
20163,1
20164,0
20165,0
20166,2
20167,0
20168,0
20169,2
20170,2
20171,0
20172,0
20173,0
20174,1
20175,2
20176,2
20177,1
20178,2
20179,2
20180,0
20181,2
20182,2
20183,2
20184,0
20185,2
20186,0
20187,0
20188,0
20189,0
20190,0
20191,0
20192,1
20193,1
20194,1
20195,2
20196,2
20197,2
20198,1
20199,2
20200,0
20201,0
20202,2
20203,2
20204,2
20205,0
20206,0
20207,0
20208,0
20209,2
20210,2
20211,0
20212,2
20213,1
20214,2
20215,1
20216,0
20217,2
20218,0
20219,0
20220,2
20221,0
20222,1
20223,0
20224,0
20225,1
20226,1
20227,0
20228,1
20229,0
20230,0
20231,0
20232,0
20233,2
20234,0
20235,2
20236,0
20237,2
20238,2
20239,0
20240,2
20241,0
20242,2
20243,2
20244,0
20245,0
20246,0
20247,0
20248,0
20249,0
20250,0
20251,0
20252,2
20253,2
20254,0
20255,0
20256,0
20257,0
20258,2
20259,2
20260,2
20261,0
20262,1
20263,1
20264,2
20265,0
20266,2
20267,0
20268,0
20269,0
20270,1
20271,0
20272,2
20273,0
20274,2
20275,0
20276,0
20277,0
20278,1
20279,2
20280,2
20281,1
20282,2
20283,2
20284,1
20285,2
20286,0
20287,0
20288,2
20289,1
20290,2
20291,2
20292,2
20293,2
20294,0
20295,0
20296,2
20297,0
20298,2
20299,1
20300,1
20301,2
20302,1
20303,0
20304,0
20305,1
20306,0
20307,0
20308,0
20309,1
20310,1
20311,0
20312,1
20313,1
20314,2
20315,2
20316,1
20317,0
20318,2
20319,2
20320,2
20321,0
20322,1
20323,2
20324,0
20325,0
20326,2
20327,2
20328,2
20329,0
20330,2
20331,0
20332,2
20333,0
20334,0
20335,0
20336,2
20337,2
20338,2
20339,2
20340,0
20341,0
20342,2
20343,2
20344,0
20345,0
20346,2
20347,1
20348,2
20349,1
20350,0
20351,1
20352,1
20353,2
20354,1
20355,2
20356,0
20357,0
20358,2
20359,0
20360,0
20361,1
20362,2
20363,0
20364,2
20365,0
20366,1
20367,2
20368,2
20369,2
20370,0
20371,0
20372,0
20373,2
20374,1
20375,2
20376,1
20377,1
20378,0
20379,2
20380,0
20381,2
20382,2
20383,0
20384,0
20385,0
20386,2
20387,0
20388,2
20389,0
20390,2
20391,1
20392,2
20393,1
20394,0
20395,0
20396,2
20397,1
20398,2
20399,0
20400,1
20401,2
20402,1
20403,2
20404,0
20405,0
20406,2
20407,0
20408,0
20409,0
20410,1
20411,1
20412,0
20413,1
20414,0
20415,0
20416,1
20417,0
20418,2
20419,0
20420,0
20421,1
20422,0
20423,1
20424,1
20425,2
20426,0
20427,2
20428,2
20429,0
20430,1
20431,0
20432,0
20433,2
20434,0
20435,0
20436,0
20437,2
20438,0
20439,2
20440,2
20441,0
20442,0
20443,1
20444,1
20445,0
20446,1
20447,0
20448,2
20449,2
20450,1
20451,2
20452,0
20453,2
20454,2
20455,1
20456,2
20457,0
20458,1
20459,1
20460,1
20461,1
20462,0
20463,0
20464,0
20465,0
20466,0
20467,2
20468,1
20469,2
20470,1
20471,0
20472,2
20473,1
20474,2
20475,0
20476,1
20477,2
20478,0
20479,1
20480,1
20481,0
20482,1
20483,1
20484,0
20485,0
20486,2
20487,2
20488,1
20489,0
20490,1
20491,1
20492,1
20493,2
20494,1
20495,1
20496,2
20497,1
20498,2
20499,0
20500,0
20501,2
20502,0
20503,2
20504,0
20505,2
20506,2
20507,2
20508,0
20509,0
20510,2
20511,1
20512,2
20513,0
20514,0
20515,0
20516,0
20517,0
20518,0
20519,0
20520,2
20521,1
20522,2
20523,1
20524,1
20525,1
20526,2
20527,1
20528,2
20529,1
20530,0
20531,2
20532,0
20533,0
20534,0
20535,0
20536,1
20537,2
20538,0
20539,1
20540,2
20541,2
20542,1
20543,2
20544,2
20545,1
20546,2
20547,2
20548,0
20549,1
20550,2
20551,0
20552,1
20553,0
20554,1
20555,0
20556,2
20557,2
20558,0
20559,1
20560,0
20561,2
20562,2
20563,0
20564,0
20565,2
20566,0
20567,2
20568,0
20569,2
20570,2
20571,1
20572,2
20573,1
20574,1
20575,0
20576,0
20577,0
20578,0
20579,2
20580,1
20581,0
20582,0
20583,0
20584,2
20585,2
20586,2
20587,2
20588,1
20589,2
20590,1
20591,1
20592,2
20593,0
20594,0
20595,2
20596,1
20597,1
20598,2
20599,0
20600,0
20601,0
20602,0
20603,1
20604,0
20605,1
20606,1
20607,0
20608,0
20609,1
20610,2
20611,1
20612,0
20613,2
20614,2
20615,2
20616,0
20617,2
20618,1
20619,0
20620,1
20621,2
20622,2
20623,1
20624,2
20625,0
20626,1
20627,2
20628,1
20629,0
20630,0
20631,0
20632,0
20633,0
20634,2
20635,2
20636,2
20637,0
20638,2
20639,1
20640,2
20641,1
20642,0
20643,1
20644,2
20645,0
20646,0
20647,1
20648,2
20649,0
20650,2
20651,2
20652,0
20653,2
20654,0
20655,1
20656,0
20657,2
20658,2
20659,0
20660,1
20661,2
20662,0
20663,1
20664,2
20665,2
20666,2
20667,2
20668,0
20669,0
20670,0
20671,0
20672,0
20673,2
20674,0
20675,2
20676,1
20677,2
20678,2
20679,0
20680,0
20681,1
20682,1
20683,0
20684,0
20685,2
20686,1
20687,2
20688,0
20689,2
20690,2
20691,2
20692,2
20693,0
20694,0
20695,2
20696,2
20697,0
20698,2
20699,0
20700,0
20701,2
20702,2
20703,2
20704,2
20705,0
20706,0
20707,0
20708,2
20709,0
20710,2
20711,0
20712,1
20713,1
20714,0
20715,2
20716,0
20717,0
20718,2
20719,0
20720,1
20721,1
20722,0
20723,1
20724,2
20725,2
20726,2
20727,0
20728,2
20729,2
20730,0
20731,1
20732,0
20733,2
20734,2
20735,1
20736,0
20737,0
20738,0
20739,0
20740,2
20741,2
20742,0
20743,0
20744,1
20745,0
20746,2
20747,0
20748,0
20749,0
20750,0
20751,2
20752,2
20753,1
20754,0
20755,0
20756,1
20757,0
20758,1
20759,0
20760,0
20761,1
20762,2
20763,1
20764,0
20765,1
20766,2
20767,2
20768,2
20769,2
20770,2
20771,1
20772,1
20773,2
20774,2
20775,0
20776,0
20777,2
20778,1
20779,1
20780,2
20781,2
20782,2
20783,2
20784,0
20785,0
20786,0
20787,0
20788,2
20789,0
20790,1
20791,0
20792,1
20793,0
20794,0
20795,0
20796,2
20797,1
20798,2
20799,2
20800,0
20801,0
20802,2
20803,0
20804,1
20805,1
20806,1
20807,1
20808,2
20809,2
20810,0
20811,2
20812,2
20813,2
20814,2
20815,1
20816,0
20817,1
20818,0
20819,1
20820,1
20821,2
20822,2
20823,2
20824,2
20825,1
20826,1
20827,2
20828,0
20829,1
20830,0
20831,2
20832,0
20833,0
20834,2
20835,2
20836,0
20837,2
20838,2
20839,1
20840,2
20841,1
20842,0
20843,0
20844,2
20845,0
20846,2
20847,2
20848,2
20849,0
20850,2
20851,2
20852,1
20853,0
20854,1
20855,1
20856,0
20857,1
20858,0
20859,1
20860,0
20861,0
20862,0
20863,2
20864,0
20865,2
20866,0
20867,2
20868,0
20869,0
20870,0
20871,0
20872,0
20873,0
20874,1
20875,1
20876,1
20877,2
20878,0
20879,1
20880,2
20881,0
20882,2
20883,1
20884,2
20885,0
20886,2
20887,2
20888,2
20889,2
20890,0
20891,2
20892,0
20893,0
20894,2
20895,0
20896,0
20897,0
20898,1
20899,1
20900,2
20901,0
20902,1
20903,1
20904,1
20905,2
20906,2
20907,2
20908,2
20909,0
20910,2
20911,0
20912,0
20913,1
20914,2
20915,2
20916,2
20917,2
20918,1
20919,0
20920,1
20921,1
20922,0
20923,0
20924,0
20925,1
20926,2
20927,1
20928,0
20929,2
20930,2
20931,0
20932,1
20933,0
20934,0
20935,1
20936,0
20937,1
20938,2
20939,1
20940,1
20941,0
20942,2
20943,0
20944,1
20945,0
20946,0
20947,2
20948,0
20949,2
20950,1
20951,1
20952,0
20953,2
20954,2
20955,1
20956,0
20957,0
20958,2
20959,2
20960,0
20961,0
20962,2
20963,2
20964,2
20965,2
20966,0
20967,2
20968,0
20969,0
20970,2
20971,0
20972,0
20973,1
20974,1
20975,0
20976,1
20977,1
20978,2
20979,2
20980,0
20981,1
20982,2
20983,0
20984,0
20985,2
20986,0
20987,2
20988,0
20989,1
20990,0
20991,0
20992,1
20993,2
20994,0
20995,0
20996,2
20997,2
20998,2
20999,2
21000,0
21001,0
21002,2
21003,0
21004,0
21005,2
21006,0
21007,2
21008,2
21009,0
21010,2
21011,1
21012,0
21013,0
21014,2
21015,2
21016,1
21017,1
21018,2
21019,0
21020,2
21021,1
21022,2
21023,2
21024,0
21025,1
21026,0
21027,1
21028,2
21029,0
21030,2
21031,2
21032,1
21033,2
21034,2
21035,1
21036,2
21037,1
21038,2
21039,0
21040,0
21041,0
21042,0
21043,0
21044,0
21045,0
21046,1
21047,0
21048,0
21049,2
21050,1
21051,1
21052,2
21053,1
21054,0
21055,2
21056,1
21057,2
21058,0
21059,2
21060,2
21061,1
21062,2
21063,2
21064,1
21065,0
21066,2
21067,0
21068,1
21069,0
21070,1
21071,1
21072,0
21073,2
21074,2
21075,1
21076,1
21077,2
21078,1
21079,2
21080,1
21081,0
21082,1
21083,2
21084,2
21085,2
21086,2
21087,2
21088,2
21089,1
21090,2
21091,2
21092,2
21093,0
21094,2
21095,2
21096,2
21097,1
21098,1
21099,0
21100,2
21101,1
21102,0
21103,1
21104,1
21105,2
21106,2
21107,1
21108,2
21109,2
21110,0
21111,1
21112,1
21113,1
21114,0
21115,1
21116,1
21117,2
21118,2
21119,2
21120,0
21121,1
21122,1
21123,2
21124,2
21125,0
21126,0
21127,1
21128,1
21129,2
21130,0
21131,2
21132,2
21133,1
21134,0
21135,0
21136,0
21137,1
21138,2
21139,0
21140,0
21141,1
21142,2
21143,2
21144,0
21145,0
21146,0
21147,0
21148,0
21149,1
21150,2
21151,1
21152,0
21153,2
21154,0
21155,0
21156,0
21157,2
21158,2
21159,0
21160,2
21161,1
21162,0
21163,1
21164,1
21165,0
21166,2
21167,1
21168,0
21169,2
21170,0
21171,2
21172,0
21173,0
21174,0
21175,2
21176,2
21177,2
21178,0
21179,1
21180,0
21181,1
21182,2
21183,1
21184,1
21185,0
21186,0
21187,1
21188,2
21189,2
21190,2
21191,0
21192,2
21193,0
21194,2
21195,2
21196,2
21197,0
21198,0
21199,1
21200,2
21201,2
21202,1
21203,0
21204,0
21205,1
21206,1
21207,0
21208,1
21209,2
21210,2
21211,1
21212,1
21213,2
21214,0
21215,0
21216,0
21217,1
21218,0
21219,1
21220,2
21221,2
21222,1
21223,0
21224,2
21225,2
21226,0
21227,2
21228,2
21229,0
21230,1
21231,1
21232,1
21233,2
21234,2
21235,1
21236,0
21237,1
21238,2
21239,0
21240,0
21241,2
21242,2
21243,0
21244,2
21245,0
21246,0
21247,0
21248,0
21249,2
21250,1
21251,1
21252,1
21253,0
21254,0
21255,2
21256,1
21257,1
21258,1
21259,0
21260,0
21261,1
21262,0
21263,0
21264,0
21265,0
21266,0
21267,2
21268,0
21269,2
21270,2
21271,0
21272,2
21273,2
21274,1
21275,0
21276,2
21277,1
21278,1
21279,0
21280,2
21281,2
21282,2
21283,1
21284,0
21285,0
21286,1
21287,1
21288,0
21289,1
21290,2
21291,0
21292,0
21293,1
21294,0
21295,2
21296,0
21297,1
21298,0
21299,2
21300,2
21301,1
21302,2
21303,1
21304,0
21305,0
21306,1
21307,1
21308,0
21309,1
21310,0
21311,0
21312,2
21313,2
21314,2
21315,1
21316,0
21317,2
21318,0
21319,1
21320,0
21321,2
21322,1
21323,2
21324,0
21325,2
21326,0
21327,0
21328,0
21329,1
21330,2
21331,0
21332,2
21333,1
21334,0
21335,2
21336,1
21337,0
21338,0
21339,2
21340,0
21341,0
21342,2
21343,1
21344,0
21345,0
21346,0
21347,2
21348,1
21349,0
21350,0
21351,2
21352,0
21353,2
21354,2
21355,0
21356,0
21357,0
21358,1
21359,1
21360,1
21361,2
21362,2
21363,2
21364,2
21365,0
21366,2
21367,0
21368,2
21369,1
21370,0
21371,0
21372,2
21373,2
21374,0
21375,0
21376,2
21377,0
21378,1
21379,2
21380,2
21381,2
21382,2
21383,0
21384,2
21385,0
21386,0
21387,0
21388,2
21389,2
21390,0
21391,2
21392,2
21393,0
21394,0
21395,2
21396,0
21397,0
21398,0
21399,2
21400,2
21401,2
21402,1
21403,2
21404,2
21405,0
21406,0
21407,2
21408,0
21409,0
21410,2
21411,2
21412,2
21413,0
21414,2
21415,1
21416,0
21417,0
21418,0
21419,0
21420,2
21421,0
21422,1
21423,2
21424,1
21425,2
21426,0
21427,2
21428,2
21429,2
21430,0
21431,2
21432,1
21433,0
21434,0
21435,2
21436,1
21437,2
21438,2
21439,2
21440,0
21441,1
21442,1
21443,0
21444,2
21445,0
21446,1
21447,2
21448,2
21449,1
21450,2
21451,0
21452,0
21453,0
21454,0
21455,2
21456,2
21457,0
21458,1
21459,1
21460,1
21461,2
21462,2
21463,2
21464,2
21465,1
21466,0
21467,2
21468,2
21469,0
21470,2
21471,2
21472,0
21473,0
21474,0
21475,1
21476,2
21477,2
21478,0
21479,1
21480,0
21481,2
21482,0
21483,0
21484,0
21485,2
21486,2
21487,0
21488,0
21489,2
21490,2
21491,0
21492,0
21493,2
21494,1
21495,0
21496,0
21497,1
21498,1
21499,0
21500,2
21501,1
21502,2
21503,0
21504,2
21505,2
21506,1
21507,1
21508,0
21509,0
21510,1
21511,2
21512,2
21513,1
21514,0
21515,0
21516,2
21517,2
21518,0
21519,2
21520,0
21521,0
21522,1
21523,2
21524,1
21525,1
21526,1
21527,2
21528,1
21529,2
21530,0
21531,0
21532,1
21533,0
21534,1
21535,1
21536,0
21537,0
21538,0
21539,0
21540,1
21541,0
21542,2
21543,0
21544,2
21545,0
21546,2
21547,2
21548,0
21549,2
21550,1
21551,2
21552,2
21553,2
21554,1
21555,0
21556,2
21557,0
21558,0
21559,0
21560,0
21561,0
21562,2
21563,1
21564,2
21565,0
21566,0
21567,2
21568,2
21569,0
21570,0
21571,1
21572,0
21573,1
21574,1
21575,2
21576,1
21577,2
21578,0
21579,0
21580,1
21581,2
21582,1
21583,1
21584,2
21585,2
21586,0
21587,2
21588,2
21589,1
21590,2
21591,1
21592,0
21593,1
21594,0
21595,0
21596,2
21597,0
21598,2
21599,2
21600,2
21601,0
21602,2
21603,2
21604,2
21605,2
21606,0
21607,1
21608,1
21609,0
21610,0
21611,1
21612,2
21613,2
21614,1
21615,2
21616,2
21617,1
21618,0
21619,2
21620,2
21621,2
21622,0
21623,0
21624,0
21625,2
21626,0
21627,1
21628,0
21629,1
21630,0
21631,0
21632,1
21633,2
21634,0
21635,0
21636,0
21637,1
21638,2
21639,1
21640,2
21641,0
21642,1
21643,0
21644,1
21645,2
21646,2
21647,2
21648,0
21649,0
21650,0
21651,2
21652,1
21653,2
21654,0
21655,2
21656,2
21657,2
21658,1
21659,1
21660,2
21661,0
21662,0
21663,2
21664,2
21665,0
21666,2
21667,1
21668,1
21669,0
21670,0
21671,2
21672,0
21673,0
21674,0
21675,1
21676,1
21677,2
21678,2
21679,0
21680,1
21681,2
21682,2
21683,2
21684,0
21685,2
21686,1
21687,2
21688,2
21689,2
21690,0
21691,2
21692,0
21693,2
21694,0
21695,0
21696,2
21697,0
21698,2
21699,2
21700,2
21701,0
21702,2
21703,0
21704,0
21705,0
21706,2
21707,0
21708,1
21709,2
21710,1
21711,2
21712,2
21713,0
21714,1
21715,1
21716,0
21717,2
21718,0
21719,1
21720,2
21721,0
21722,1
21723,2
21724,2
21725,0
21726,0
21727,0
21728,2
21729,1
21730,1
21731,2
21732,1
21733,2
21734,2
21735,2
21736,1
21737,0
21738,1
21739,1
21740,1
21741,2
21742,1
21743,1
21744,2
21745,0
21746,1
21747,2
21748,1
21749,0
21750,0
21751,0
21752,1
21753,2
21754,0
21755,0
21756,2
21757,2
21758,1
21759,0
21760,0
21761,0
21762,1
21763,2
21764,1
21765,1
21766,0
21767,2
21768,0
21769,2
21770,2
21771,0
21772,0
21773,0
21774,0
21775,0
21776,2
21777,1
21778,0
21779,0
21780,2
21781,1
21782,2
21783,2
21784,2
21785,1
21786,0
21787,0
21788,0
21789,0
21790,1
21791,2
21792,0
21793,1
21794,0
21795,0
21796,2
21797,2
21798,2
21799,2
21800,0
21801,1
21802,2
21803,2
21804,1
21805,1
21806,2
21807,2
21808,0
21809,2
21810,2
21811,2
21812,1
21813,0
21814,2
21815,0
21816,1
21817,0
21818,1
21819,2
21820,1
21821,0
21822,0
21823,2
21824,0
21825,1
21826,0
21827,0
21828,0
21829,1
21830,0
21831,0
21832,2
21833,1
21834,1
21835,2
21836,0
21837,1
21838,1
21839,0
21840,1
21841,0
21842,0
21843,2
21844,2
21845,0
21846,1
21847,0
21848,2
21849,0
21850,1
21851,2
21852,1
21853,0
21854,2
21855,2
21856,1
21857,1
21858,0
21859,0
21860,1
21861,2
21862,2
21863,1
21864,1
21865,0
21866,2
21867,0
21868,1
21869,0
21870,1
21871,1
21872,0
21873,0
21874,1
21875,0
21876,0
21877,2
21878,2
21879,1
21880,0
21881,2
21882,2
21883,1
21884,2
21885,2
21886,2
21887,2
21888,1
21889,0
21890,0
21891,1
21892,0
21893,1
21894,0
21895,0
21896,1
21897,2
21898,2
21899,2
21900,0
21901,0
21902,2
21903,2
21904,2
21905,2
21906,1
21907,0
21908,0
21909,2
21910,2
21911,1
21912,2
21913,2
21914,0
21915,2
21916,1
21917,0
21918,2
21919,0
21920,0
21921,0
21922,0
21923,2
21924,1
21925,1
21926,0
21927,2
21928,2
21929,0
21930,0
21931,0
21932,2
21933,2
21934,2
21935,0
21936,0
21937,0
21938,2
21939,1
21940,2
21941,1
21942,0
21943,0
21944,2
21945,0
21946,1
21947,0
21948,1
21949,2
21950,2
21951,2
21952,1
21953,1
21954,1
21955,2
21956,0
21957,2
21958,1
21959,2
21960,1
21961,0
21962,2
21963,1
21964,1
21965,2
21966,0
21967,2
21968,1
21969,2
21970,0
21971,0
21972,2
21973,1
21974,2
21975,2
21976,0
21977,1
21978,1
21979,0
21980,0
21981,1
21982,0
21983,2
21984,1
21985,2
21986,2
21987,2
21988,0
21989,0
21990,2
21991,2
21992,2
21993,2
21994,0
21995,2
21996,2
21997,0
21998,2
21999,0
22000,0
22001,2
22002,0
22003,2
22004,0
22005,0
22006,0
22007,0
22008,1
22009,0
22010,2
22011,0
22012,1
22013,1
22014,2
22015,2
22016,2
22017,0
22018,0
22019,0
22020,0
22021,0
22022,2
22023,2
22024,1
22025,0
22026,2
22027,0
22028,2
22029,2
22030,1
22031,0
22032,1
22033,1
22034,0
22035,2
22036,2
22037,2
22038,2
22039,1
22040,2
22041,2
22042,2
22043,0
22044,2
22045,2
22046,2
22047,2
22048,0
22049,1
22050,1
22051,2
22052,1
22053,0
22054,0
22055,2
22056,0
22057,1
22058,2
22059,2
22060,0
22061,1
22062,1
22063,0
22064,1
22065,1
22066,1
22067,1
22068,1
22069,0
22070,0
22071,2
22072,0
22073,1
22074,0
22075,2
22076,0
22077,2
22078,0
22079,0
22080,2
22081,1
22082,1
22083,2
22084,0
22085,0
22086,2
22087,0
22088,2
22089,2
22090,2
22091,0
22092,0
22093,2
22094,0
22095,2
22096,1
22097,2
22098,0
22099,2
22100,0
22101,2
22102,1
22103,0
22104,1
22105,2
22106,0
22107,2
22108,1
22109,1
22110,2
22111,0
22112,2
22113,1
22114,0
22115,0
22116,0
22117,2
22118,1
22119,2
22120,2
22121,0
22122,1
22123,2
22124,2
22125,0
22126,1
22127,2
22128,1
22129,0
22130,0
22131,0
22132,2
22133,0
22134,0
22135,2
22136,1
22137,0
22138,2
22139,0
22140,2
22141,2
22142,1
22143,1
22144,2
22145,2
22146,2
22147,1
22148,2
22149,1
22150,0
22151,2
22152,0
22153,1
22154,0
22155,2
22156,1
22157,0
22158,2
22159,0
22160,2
22161,1
22162,1
22163,0
22164,2
22165,2
22166,1
22167,2
22168,2
22169,2
22170,2
22171,0
22172,0
22173,0
22174,1
22175,0
22176,0
22177,2
22178,1
22179,1
22180,0
22181,0
22182,0
22183,0
22184,0
22185,2
22186,2
22187,0
22188,1
22189,0
22190,0
22191,1
22192,0
22193,0
22194,0
22195,2
22196,2
22197,2
22198,0
22199,2
22200,1
22201,1
22202,1
22203,1
22204,2
22205,0
22206,2
22207,0
22208,0
22209,2
22210,0
22211,1
22212,0
22213,0
22214,1
22215,1
22216,0
22217,2
22218,0
22219,2
22220,2
22221,2
22222,0
22223,1
22224,1
22225,0
22226,2
22227,2
22228,2
22229,0
22230,0
22231,2
22232,1
22233,1
22234,0
22235,1
22236,0
22237,2
22238,2
22239,0
22240,1
22241,2
22242,0
22243,0
22244,2
22245,0
22246,1
22247,1
22248,0
22249,0
22250,0
22251,1
22252,2
22253,0
22254,2
22255,0
22256,0
22257,2
22258,0
22259,0
22260,0
22261,0
22262,2
22263,0
22264,0
22265,1
22266,1
22267,0
22268,0
22269,2
22270,1
22271,1
22272,0
22273,2
22274,2
22275,1
22276,0
22277,0
22278,2
22279,0
22280,1
22281,0
22282,0
22283,0
22284,0
22285,0
22286,2
22287,1
22288,0
22289,2
22290,2
22291,1
22292,0
22293,1
22294,2
22295,2
22296,2
22297,1
22298,0
22299,0
22300,0
22301,0
22302,1
22303,1
22304,2
22305,2
22306,2
22307,2
22308,0
22309,0
22310,1
22311,2
22312,0
22313,2
22314,0
22315,0
22316,0
22317,1
22318,1
22319,2
22320,2
22321,0
22322,0
22323,0
22324,2
22325,1
22326,0
22327,2
22328,0
22329,2
22330,1
22331,2
22332,1
22333,2
22334,1
22335,1
22336,2
22337,2
22338,0
22339,0
22340,1
22341,2
22342,1
22343,2
22344,0
22345,2
22346,0
22347,1
22348,0
22349,0
22350,0
22351,1
22352,1
22353,0
22354,2
22355,1
22356,0
22357,1
22358,2
22359,2
22360,2
22361,2
22362,1
22363,2
22364,2
22365,0
22366,2
22367,0
22368,2
22369,0
22370,1
22371,0
22372,1
22373,2
22374,2
22375,0
22376,2
22377,1
22378,0
22379,0
22380,1
22381,0
22382,2
22383,2
22384,2
22385,0
22386,2
22387,2
22388,1
22389,0
22390,1
22391,2
22392,0
22393,2
22394,1
22395,1
22396,0
22397,0
22398,0
22399,0
22400,2
22401,0
22402,1
22403,2
22404,1
22405,0
22406,0
22407,0
22408,0
22409,0
22410,0
22411,1
22412,0
22413,2
22414,2
22415,0
22416,2
22417,1
22418,0
22419,2
22420,1
22421,0
22422,0
22423,0
22424,2
22425,1
22426,1
22427,0
22428,1
22429,1
22430,2
22431,2
22432,0
22433,0
22434,2
22435,2
22436,2
22437,0
22438,1
22439,0
22440,2
22441,1
22442,2
22443,1
22444,0
22445,2
22446,2
22447,0
22448,0
22449,0
22450,0
22451,0
22452,0
22453,2
22454,2
22455,1
22456,1
22457,2
22458,0
22459,0
22460,2
22461,0
22462,0
22463,1
22464,2
22465,0
22466,2
22467,2
22468,0
22469,2
22470,1
22471,0
22472,0
22473,2
22474,1
22475,2
22476,0
22477,0
22478,2
22479,0
22480,2
22481,1
22482,2
22483,1
22484,2
22485,0
22486,1
22487,0
22488,2
22489,2
22490,2
22491,2
22492,0
22493,0
22494,0
22495,2
22496,0
22497,0
22498,2
22499,0
22500,1
22501,0
22502,2
22503,1
22504,0
22505,2
22506,0
22507,0
22508,0
22509,2
22510,0
22511,2
22512,2
22513,2
22514,1
22515,0
22516,0
22517,2
22518,0
22519,1
22520,2
22521,2
22522,1
22523,0
22524,1
22525,1
22526,2
22527,0
22528,0
22529,1
22530,2
22531,0
22532,2
22533,1
22534,0
22535,0
22536,0
22537,0
22538,2
22539,2
22540,1
22541,0
22542,2
22543,0
22544,2
22545,0
22546,0
22547,2
22548,0
22549,0
22550,0
22551,0
22552,1
22553,0
22554,0
22555,1
22556,1
22557,1
22558,1
22559,0
22560,0
22561,2
22562,2
22563,0
22564,2
22565,2
22566,2
22567,2
22568,0
22569,0
22570,1
22571,0
22572,2
22573,0
22574,2
22575,2
22576,1
22577,2
22578,1
22579,0
22580,0
22581,2
22582,2
22583,2
22584,2
22585,0
22586,2
22587,2
22588,1
22589,2
22590,2
22591,1
22592,0
22593,2
22594,0
22595,0
22596,2
22597,0
22598,2
22599,1
22600,2
22601,1
22602,2
22603,0
22604,2
22605,1
22606,0
22607,0
22608,0
22609,2
22610,2
22611,0
22612,2
22613,0
22614,1
22615,0
22616,2
22617,0
22618,0
22619,1
22620,0
22621,0
22622,2
22623,1
22624,2
22625,1
22626,2
22627,1
22628,1
22629,1
22630,2
22631,1
22632,1
22633,0
22634,1
22635,2
22636,0
22637,2
22638,2
22639,0
22640,1
22641,1
22642,1
22643,1
22644,0
22645,1
22646,1
22647,0
22648,2
22649,1
22650,2
22651,0
22652,0
22653,2
22654,1
22655,0
22656,2
22657,0
22658,2
22659,1
22660,0
22661,2
22662,1
22663,2
22664,1
22665,2
22666,2
22667,2
22668,0
22669,2
22670,2
22671,1
22672,0
22673,1
22674,2
22675,1
22676,2
22677,2
22678,0
22679,0
22680,2
22681,2
22682,2
22683,1
22684,0
22685,1
22686,1
22687,2
22688,0
22689,2
22690,2
22691,0
22692,2
22693,2
22694,0
22695,2
22696,0
22697,1
22698,0
22699,1
22700,2
22701,0
22702,0
22703,1
22704,2
22705,2
22706,0
22707,0
22708,1
22709,1
22710,1
22711,2
22712,2
22713,2
22714,0
22715,2
22716,0
22717,0
22718,2
22719,1
22720,2
22721,2
22722,1
22723,0
22724,1
22725,1
22726,1
22727,2
22728,2
22729,1
22730,0
22731,0
22732,2
22733,0
22734,2
22735,2
22736,0
22737,1
22738,2
22739,1
22740,1
22741,2
22742,0
22743,1
22744,1
22745,2
22746,2
22747,0
22748,2
22749,2
22750,0
22751,1
22752,0
22753,2
22754,2
22755,2
22756,1
22757,0
22758,2
22759,2
22760,0
22761,2
22762,1
22763,0
22764,0
22765,2
22766,1
22767,2
22768,2
22769,0
22770,1
22771,2
22772,0
22773,2
22774,1
22775,2
22776,1
22777,0
22778,2
22779,1
22780,2
22781,2
22782,0
22783,2
22784,0
22785,0
22786,0
22787,2
22788,0
22789,2
22790,1
22791,0
22792,2
22793,0
22794,1
22795,2
22796,2
22797,0
22798,0
22799,0
22800,2
22801,2
22802,0
22803,1
22804,0
22805,1
22806,0
22807,0
22808,2
22809,1
22810,0
22811,2
22812,0
22813,1
22814,2
22815,0
22816,1
22817,2
22818,1
22819,0
22820,2
22821,0
22822,2
22823,1
22824,0
22825,0
22826,0
22827,2
22828,0
22829,2
22830,0
22831,1
22832,2
22833,2
22834,2
22835,0
22836,1
22837,0
22838,2
22839,0
22840,0
22841,0
22842,1
22843,2
22844,0
22845,0
22846,2
22847,2
22848,0
22849,1
22850,2
22851,0
22852,0
22853,2
22854,0
22855,2
22856,2
22857,0
22858,1
22859,2
22860,2
22861,1
22862,0
22863,2
22864,1
22865,0
22866,2
22867,2
22868,2
22869,2
22870,0
22871,2
22872,1
22873,1
22874,2
22875,0
22876,0
22877,2
22878,2
22879,2
22880,0
22881,2
22882,2
22883,1
22884,2
22885,1
22886,1
22887,0
22888,1
22889,2
22890,0
22891,2
22892,0
22893,1
22894,2
22895,1
22896,0
22897,1
22898,2
22899,0
22900,0
22901,2
22902,1
22903,2
22904,2
22905,1
22906,2
22907,1
22908,0
22909,2
22910,2
22911,0
22912,0
22913,2
22914,2
22915,2
22916,2
22917,2
22918,1
22919,2
22920,1
22921,0
22922,1
22923,2
22924,2
22925,2
22926,2
22927,2
22928,0
22929,2
22930,1
22931,0
22932,1
22933,0
22934,0
22935,0
22936,0
22937,0
22938,0
22939,1
22940,2
22941,0
22942,0
22943,1
22944,2
22945,2
22946,1
22947,1
22948,0
22949,0
22950,0
22951,2
22952,0
22953,2
22954,2
22955,1
22956,0
22957,1
22958,1
22959,0
22960,1
22961,2
22962,2
22963,1
22964,0
22965,0
22966,0
22967,0
22968,2
22969,2
22970,1
22971,2
22972,1
22973,0
22974,1
22975,0
22976,2
22977,1
22978,0
22979,2
22980,2
22981,1
22982,0
22983,2
22984,2
22985,0
22986,2
22987,2
22988,2
22989,0
22990,2
22991,1
22992,1
22993,2
22994,2
22995,1
22996,0
22997,2
22998,0
22999,0
23000,0
23001,0
23002,2
23003,0
23004,2
23005,1
23006,0
23007,2
23008,2
23009,0
23010,0
23011,0
23012,1
23013,0
23014,2
23015,2
23016,2
23017,2
23018,0
23019,1
23020,0
23021,1
23022,0
23023,0
23024,2
23025,0
23026,0
23027,1
23028,1
23029,1
23030,2
23031,0
23032,0
23033,2
23034,2
23035,0
23036,0
23037,2
23038,0
23039,0
23040,2
23041,0
23042,2
23043,2
23044,0
23045,0
23046,2
23047,0
23048,0
23049,2
23050,0
23051,2
23052,2
23053,2
23054,1
23055,0
23056,0
23057,2
23058,2
23059,0
23060,0
23061,0
23062,2
23063,0
23064,2
23065,2
23066,2
23067,2
23068,0
23069,0
23070,2
23071,0
23072,0
23073,2
23074,1
23075,1
23076,2
23077,2
23078,2
23079,1
23080,0
23081,2
23082,0
23083,0
23084,2
23085,1
23086,2
23087,2
23088,1
23089,1
23090,2
23091,2
23092,1
23093,2
23094,1
23095,2
23096,2
23097,0
23098,2
23099,0
23100,0
23101,0
23102,1
23103,1
23104,2
23105,2
23106,2
23107,2
23108,1
23109,1
23110,2
23111,0
23112,0
23113,2
23114,2
23115,1
23116,2
23117,1
23118,1
23119,0
23120,2
23121,0
23122,0
23123,1
23124,0
23125,0
23126,2
23127,0
23128,2
23129,1
23130,1
23131,2
23132,1
23133,1
23134,0
23135,0
23136,0
23137,2
23138,1
23139,2
23140,2
23141,2
23142,1
23143,1
23144,0
23145,2
23146,2
23147,0
23148,2
23149,0
23150,2
23151,2
23152,2
23153,1
23154,0
23155,1
23156,0
23157,0
23158,0
23159,2
23160,2
23161,1
23162,1
23163,0
23164,2
23165,0
23166,2
23167,1
23168,2
23169,2
23170,0
23171,2
23172,0
23173,0
23174,2
23175,2
23176,2
23177,1
23178,0
23179,2
23180,1
23181,1
23182,0
23183,2
23184,0
23185,2
23186,0
23187,0
23188,2
23189,0
23190,0
23191,0
23192,1
23193,0
23194,2
23195,2
23196,2
23197,2
23198,2
23199,1
23200,1
23201,2
23202,0
23203,1
23204,0
23205,2
23206,1
23207,2
23208,0
23209,2
23210,2
23211,0
23212,2
23213,0
23214,0
23215,0
23216,1
23217,2
23218,2
23219,1
23220,1
23221,1
23222,1
23223,2
23224,0
23225,0
23226,2
23227,1
23228,2
23229,1
23230,1
23231,0
23232,1
23233,1
23234,2
23235,2
23236,0
23237,0
23238,2
23239,0
23240,1
23241,2
23242,0
23243,0
23244,0
23245,0
23246,1
23247,2
23248,2
23249,1
23250,2
23251,1
23252,2
23253,1
23254,1
23255,2
23256,2
23257,2
23258,2
23259,0
23260,2
23261,2
23262,2
23263,0
23264,0
23265,0
23266,0
23267,2
23268,0
23269,2
23270,1
23271,0
23272,2
23273,0
23274,0
23275,0
23276,2
23277,0
23278,1
23279,2
23280,2
23281,0
23282,2
23283,0
23284,2
23285,0
23286,1
23287,2
23288,0
23289,1
23290,0
23291,2
23292,0
23293,1
23294,1
23295,1
23296,2
23297,1
23298,0
23299,2
23300,0
23301,1
23302,1
23303,0
23304,2
23305,0
23306,1
23307,0
23308,2
23309,2
23310,0
23311,1
23312,1
23313,0
23314,2
23315,0
23316,2
23317,2
23318,1
23319,2
23320,1
23321,1
23322,1
23323,1
23324,1
23325,0
23326,2
23327,2
23328,2
23329,0
23330,0
23331,1
23332,0
23333,2
23334,2
23335,0
23336,1
23337,0
23338,2
23339,2
23340,1
23341,1
23342,2
23343,2
23344,0
23345,0
23346,0
23347,2
23348,0
23349,2
23350,0
23351,0
23352,2
23353,2
23354,2
23355,0
23356,0
23357,0
23358,2
23359,2
23360,1
23361,2
23362,0
23363,1
23364,0
23365,0
23366,0
23367,2
23368,0
23369,2
23370,2
23371,0
23372,0
23373,1
23374,0
23375,2
23376,1
23377,2
23378,2
23379,2
23380,2
23381,2
23382,0
23383,0
23384,1
23385,0
23386,2
23387,0
23388,0
23389,1
23390,1
23391,0
23392,2
23393,1
23394,2
23395,2
23396,2
23397,0
23398,2
23399,1
23400,2
23401,1
23402,2
23403,2
23404,0
23405,0
23406,2
23407,2
23408,2
23409,1
23410,0
23411,1
23412,0
23413,2
23414,2
23415,2
23416,0
23417,2
23418,2
23419,0
23420,2
23421,2
23422,0
23423,2
23424,2
23425,2
23426,2
23427,2
23428,0
23429,0
23430,0
23431,2
23432,2
23433,2
23434,0
23435,2
23436,1
23437,0
23438,1
23439,0
23440,1
23441,1
23442,0
23443,0
23444,2
23445,2
23446,2
23447,2
23448,0
23449,0
23450,0
23451,0
23452,1
23453,0
23454,0
23455,2
23456,0
23457,0
23458,0
23459,0
23460,2
23461,2
23462,2
23463,0
23464,2
23465,1
23466,0
23467,2
23468,0
23469,2
23470,1
23471,0
23472,2
23473,0
23474,2
23475,1
23476,2
23477,1
23478,0
23479,0
23480,2
23481,0
23482,1
23483,1
23484,2
23485,0
23486,0
23487,2
23488,2
23489,1
23490,2
23491,0
23492,0
23493,2
23494,1
23495,2
23496,2
23497,1
23498,2
23499,0
23500,0
23501,2
23502,1
23503,0
23504,2
23505,0
23506,0
23507,1
23508,2
23509,2
23510,0
23511,0
23512,2
23513,1
23514,0
23515,2
23516,0
23517,2
23518,0
23519,1
23520,1
23521,2
23522,2
23523,0
23524,1
23525,2
23526,0
23527,1
23528,0
23529,0
23530,0
23531,0
23532,2
23533,2
23534,2
23535,1
23536,0
23537,1
23538,2
23539,2
23540,0
23541,2
23542,0
23543,1
23544,0
23545,2
23546,0
23547,1
23548,2
23549,0
23550,0
23551,2
23552,0
23553,2
23554,1
23555,0
23556,1
23557,1
23558,1
23559,0
23560,0
23561,1
23562,0
23563,2
23564,0
23565,1
23566,1
23567,0
23568,2
23569,1
23570,0
23571,2
23572,1
23573,0
23574,1
23575,0
23576,0
23577,2
23578,1
23579,2
23580,0
23581,2
23582,2
23583,2
23584,2
23585,1
23586,0
23587,0
23588,1
23589,2
23590,1
23591,2
23592,2
23593,2
23594,0
23595,1
23596,0
23597,0
23598,0
23599,1
23600,1
23601,2
23602,1
23603,2
23604,2
23605,2
23606,2
23607,2
23608,0
23609,0
23610,2
23611,1
23612,2
23613,0
23614,0
23615,2
23616,0
23617,2
23618,0
23619,2
23620,2
23621,1
23622,2
23623,2
23624,0
23625,0
23626,2
23627,1
23628,2
23629,1
23630,0
23631,1
23632,2
23633,2
23634,1
23635,0
23636,0
23637,1
23638,2
23639,2
23640,1
23641,1
23642,2
23643,0
23644,0
23645,2
23646,2
23647,0
23648,0
23649,2
23650,2
23651,2
23652,2
23653,1
23654,1
23655,1
23656,2
23657,1
23658,2
23659,1
23660,2
23661,0
23662,0
23663,0
23664,0
23665,2
23666,2
23667,2
23668,2
23669,1
23670,1
23671,0
23672,2
23673,1
23674,2
23675,2
23676,1
23677,1
23678,2
23679,0
23680,1
23681,2
23682,0
23683,0
23684,2
23685,2
23686,0
23687,1
23688,2
23689,0
23690,0
23691,2
23692,0
23693,2
23694,1
23695,0
23696,2
23697,0
23698,2
23699,0
23700,2
23701,0
23702,1
23703,1
23704,1
23705,2
23706,1
23707,0
23708,0
23709,2
23710,2
23711,0
23712,2
23713,0
23714,2
23715,0
23716,2
23717,0
23718,0
23719,0
23720,0
23721,1
23722,1
23723,1
23724,2
23725,2
23726,2
23727,1
23728,2
23729,2
23730,0
23731,0
23732,0
23733,0
23734,2
23735,2
23736,0
23737,0
23738,1
23739,0
23740,0
23741,1
23742,2
23743,1
23744,0
23745,0
23746,1
23747,2
23748,2
23749,2
23750,2
23751,1
23752,1
23753,0
23754,1
23755,2
23756,2
23757,2
23758,2
23759,2
23760,0
23761,0
23762,0
23763,1
23764,2
23765,2
23766,0
23767,1
23768,0
23769,2
23770,0
23771,1
23772,0
23773,0
23774,2
23775,2
23776,0
23777,0
23778,2
23779,1
23780,1
23781,2
23782,0
23783,1
23784,1
23785,0
23786,0
23787,2
23788,1
23789,0
23790,0
23791,2
23792,2
23793,2
23794,1
23795,2
23796,0
23797,0
23798,0
23799,1
23800,0
23801,2
23802,2
23803,0
23804,0
23805,0
23806,2
23807,2
23808,0
23809,1
23810,2
23811,1
23812,0
23813,1
23814,2
23815,1
23816,2
23817,0
23818,1
23819,0
23820,0
23821,1
23822,0
23823,0
23824,1
23825,0
23826,2
23827,2
23828,0
23829,0
23830,1
23831,0
23832,0
23833,2
23834,1
23835,2
23836,1
23837,2
23838,0
23839,2
23840,0
23841,1
23842,0
23843,2
23844,2
23845,0
23846,0
23847,2
23848,1
23849,2
23850,0
23851,2
23852,1
23853,2
23854,0
23855,0
23856,2
23857,2
23858,0
23859,0
23860,2
23861,0
23862,0
23863,1
23864,0
23865,0
23866,1
23867,2
23868,1
23869,2
23870,1
23871,0
23872,2
23873,2
23874,2
23875,2
23876,2
23877,1
23878,2
23879,0
23880,2
23881,1
23882,0
23883,0
23884,2
23885,0
23886,0
23887,1
23888,2
23889,2
23890,1
23891,2
23892,0
23893,1
23894,0
23895,1
23896,0
23897,2
23898,2
23899,2
23900,0
23901,0
23902,1
23903,2
23904,0
23905,0
23906,2
23907,2
23908,1
23909,0
23910,2
23911,2
23912,0
23913,0
23914,0
23915,0
23916,1
23917,2
23918,0
23919,2
23920,0
23921,1
23922,0
23923,0
23924,2
23925,0
23926,2
23927,2
23928,1
23929,2
23930,0
23931,2
23932,2
23933,0
23934,2
23935,1
23936,0
23937,1
23938,0
23939,1
23940,0
23941,2
23942,2
23943,0
23944,1
23945,2
23946,0
23947,1
23948,2
23949,2
23950,2
23951,0
23952,2
23953,0
23954,2
23955,0
23956,0
23957,2
23958,1
23959,0
23960,2
23961,0
23962,1
23963,0
23964,2
23965,2
23966,2
23967,2
23968,0
23969,2
23970,2
23971,1
23972,0
23973,0
23974,0
23975,2
23976,0
23977,2
23978,0
23979,0
23980,2
23981,0
23982,0
23983,0
23984,0
23985,0
23986,1
23987,0
23988,1
23989,1
23990,1
23991,0
23992,0
23993,1
23994,0
23995,0
23996,0
23997,2
23998,0
23999,2
24000,1
24001,2
24002,0
24003,0
24004,0
24005,0
24006,2
24007,0
24008,2
24009,1
24010,1
24011,0
24012,0
24013,2
24014,0
24015,2
24016,2
24017,2
24018,0
24019,0
24020,0
24021,0
24022,2
24023,2
24024,2
24025,2
24026,2
24027,1
24028,1
24029,2
24030,2
24031,2
24032,2
24033,2
24034,2
24035,2
24036,0
24037,1
24038,0
24039,2
24040,0
24041,0
24042,1
24043,0
24044,1
24045,2
24046,0
24047,0
24048,0
24049,0
24050,0
24051,2
24052,2
24053,2
24054,2
24055,1
24056,2
24057,2
24058,2
24059,2
24060,0
24061,1
24062,0
24063,0
24064,1
24065,0
24066,2
24067,0
24068,1
24069,2
24070,1
24071,0
24072,2
24073,2
24074,0
24075,0
24076,2
24077,2
24078,2
24079,2
24080,1
24081,0
24082,1
24083,2
24084,0
24085,2
24086,0
24087,1
24088,0
24089,1
24090,0
24091,2
24092,0
24093,0
24094,2
24095,1
24096,0
24097,0
24098,2
24099,1
24100,0
24101,1
24102,0
24103,2
24104,2
24105,0
24106,2
24107,2
24108,0
24109,2
24110,0
24111,2
24112,2
24113,0
24114,0
24115,1
24116,0
24117,1
24118,2
24119,1
24120,2
24121,0
24122,2
24123,1
24124,2
24125,0
24126,2
24127,0
24128,0
24129,2
24130,0
24131,2
24132,2
24133,0
24134,1
24135,1
24136,1
24137,0
24138,1
24139,2
24140,2
24141,2
24142,2
24143,1
24144,0
24145,0
24146,1
24147,0
24148,1
24149,1
24150,1
24151,2
24152,1
24153,1
24154,0
24155,0
24156,0
24157,0
24158,2
24159,2
24160,2
24161,2
24162,0
24163,2
24164,2
24165,2
24166,0
24167,2
24168,0
24169,0
24170,1
24171,2
24172,1
24173,0
24174,0
24175,1
24176,0
24177,2
24178,0
24179,2
24180,1
24181,1
24182,0
24183,0
24184,2
24185,2
24186,2
24187,0
24188,2
24189,1
24190,1
24191,0
24192,1
24193,1
24194,2
24195,0
24196,1
24197,2
24198,2
24199,0
24200,2
24201,1
24202,1
24203,2
24204,0
24205,0
24206,0
24207,2
24208,1
24209,2
24210,1
24211,0
24212,2
24213,1
24214,2
24215,2
24216,0
24217,2
24218,1
24219,1
24220,2
24221,0
24222,1
24223,0
24224,2
24225,0
24226,2
24227,0
24228,0
24229,1
24230,0
24231,1
24232,0
24233,2
24234,2
24235,1
24236,2
24237,2
24238,0
24239,2
24240,1
24241,0
24242,0
24243,1
24244,0
24245,0
24246,1
24247,1
24248,2
24249,1
24250,0
24251,1
24252,2
24253,0
24254,0
24255,1
24256,0
24257,0
24258,2
24259,1
24260,0
24261,0
24262,0
24263,2
24264,2
24265,0
24266,0
24267,1
24268,1
24269,1
24270,0
24271,0
24272,2
24273,0
24274,0
24275,2
24276,0
24277,1
24278,0
24279,2
24280,0
24281,0
24282,0
24283,0
24284,2
24285,0
24286,1
24287,0
24288,0
24289,0
24290,1
24291,2
24292,0
24293,1
24294,0
24295,1
24296,0
24297,0
24298,0
24299,0
24300,2
24301,0
24302,2
24303,2
24304,2
24305,0
24306,2
24307,2
24308,0
24309,2
24310,0
24311,2
24312,2
24313,0
24314,0
24315,0
24316,2
24317,0
24318,0
24319,2
24320,0
24321,2
24322,1
24323,2
24324,1
24325,2
24326,2
24327,1
24328,1
24329,1
24330,0
24331,2
24332,2
24333,0
24334,2
24335,2
24336,0
24337,1
24338,2
24339,0
24340,0
24341,0
24342,2
24343,1
24344,0
24345,2
24346,0
24347,2
24348,2
24349,0
24350,1
24351,0
24352,0
24353,2
24354,0
24355,0
24356,2
24357,1
24358,2
24359,0
24360,0
24361,1
24362,0
24363,1
24364,0
24365,0
24366,0
24367,1
24368,0
24369,2
24370,0
24371,0
24372,2
24373,2
24374,0
24375,2
24376,2
24377,1
24378,0
24379,2
24380,2
24381,1
24382,1
24383,1
24384,0
24385,0
24386,0
24387,2
24388,0
24389,2
24390,1
24391,1
24392,1
24393,2
24394,0
24395,1
24396,2
24397,0
24398,0
24399,2
24400,2
24401,1
24402,0
24403,0
24404,1
24405,0
24406,2
24407,1
24408,0
24409,2
24410,2
24411,1
24412,1
24413,2
24414,2
24415,2
24416,2
24417,0
24418,1
24419,0
24420,0
24421,2
24422,1
24423,2
24424,1
24425,0
24426,2
24427,0
24428,0
24429,1
24430,1
24431,2
24432,2
24433,2
24434,2
24435,0
24436,2
24437,0
24438,2
24439,1
24440,0
24441,2
24442,1
24443,1
24444,1
24445,2
24446,2
24447,1
24448,1
24449,1
24450,1
24451,1
24452,2
24453,1
24454,1
24455,2
24456,0
24457,1
24458,2
24459,1
24460,0
24461,2
24462,2
24463,0
24464,1
24465,2
24466,2
24467,0
24468,1
24469,1
24470,0
24471,0
24472,2
24473,0
24474,0
24475,2
24476,0
24477,1
24478,2
24479,2
24480,1
24481,1
24482,0
24483,1
24484,1
24485,1
24486,2
24487,1
24488,0
24489,2
24490,0
24491,1
24492,1
24493,1
24494,0
24495,0
24496,0
24497,0
24498,1
24499,0
24500,0
24501,0
24502,2
24503,2
24504,0
24505,0
24506,0
24507,0
24508,0
24509,0
24510,0
24511,0
24512,0
24513,0
24514,2
24515,0
24516,2
24517,0
24518,0
24519,1
24520,2
24521,2
24522,2
24523,0
24524,2
24525,0
24526,0
24527,0
24528,1
24529,1
24530,1
24531,0
24532,0
24533,0
24534,0
24535,2
24536,1
24537,1
24538,0
24539,2
24540,2
24541,0
24542,2
24543,2
24544,1
24545,2
24546,2
24547,0
24548,1
24549,0
24550,2
24551,2
24552,1
24553,0
24554,1
24555,1
24556,2
24557,0
24558,2
24559,2
24560,2
24561,0
24562,1
24563,0
24564,1
24565,2
24566,2
24567,0
24568,0
24569,2
24570,0
24571,2
24572,0
24573,2
24574,2
24575,1
24576,1
24577,1
24578,0
24579,1
24580,0
24581,1
24582,2
24583,2
24584,2
24585,0
24586,0
24587,1
24588,2
24589,2
24590,1
24591,0
24592,0
24593,0
24594,0
24595,1
24596,1
24597,2
24598,0
24599,1
24600,0
24601,0
24602,0
24603,1
24604,2
24605,2
24606,1
24607,1
24608,2
24609,1
24610,2
24611,0
24612,2
24613,2
24614,2
24615,0
24616,2
24617,0
24618,1
24619,0
24620,1
24621,2
24622,0
24623,1
24624,2
24625,0
24626,1
24627,2
24628,2
24629,0
24630,2
24631,0
24632,2
24633,0
24634,0
24635,2
24636,2
24637,2
24638,0
24639,0
24640,1
24641,0
24642,2
24643,0
24644,1
24645,2
24646,0
24647,2
24648,1
24649,2
24650,0
24651,2
24652,0
24653,0
24654,0
24655,1
24656,2
24657,2
24658,1
24659,2
24660,0
24661,0
24662,0
24663,2
24664,2
24665,0
24666,0
24667,2
24668,0
24669,1
24670,1
24671,1
24672,2
24673,0
24674,2
24675,1
24676,0
24677,1
24678,0
24679,2
24680,0
24681,2
24682,2
24683,0
24684,2
24685,2
24686,1
24687,0
24688,1
24689,2
24690,0
24691,0
24692,1
24693,1
24694,0
24695,0
24696,1
24697,0
24698,1
24699,0
24700,2
24701,0
24702,2
24703,2
24704,0
24705,0
24706,1
24707,1
24708,2
24709,1
24710,0
24711,0
24712,0
24713,2
24714,1
24715,2
24716,0
24717,1
24718,0
24719,2
24720,1
24721,2
24722,2
24723,1
24724,2
24725,2
24726,1
24727,1
24728,0
24729,1
24730,1
24731,1
24732,0
24733,2
24734,2
24735,1
24736,2
24737,1
24738,2
24739,2
24740,0
24741,2
24742,2
24743,0
24744,2
24745,2
24746,0
24747,1
24748,0
24749,0
24750,2
24751,1
24752,0
24753,0
24754,0
24755,2
24756,0
24757,2
24758,0
24759,2
24760,2
24761,1
24762,2
24763,0
24764,0
24765,0
24766,2
24767,2
24768,1
24769,0
24770,1
24771,2
24772,0
24773,1
24774,0
24775,0
24776,1
24777,2
24778,0
24779,0
24780,0
24781,0
24782,0
24783,2
24784,0
24785,1
24786,2
24787,2
24788,0
24789,0
24790,2
24791,2
24792,0
24793,0
24794,2
24795,1
24796,1
24797,1
24798,2
24799,1
24800,0
24801,2
24802,2
24803,2
24804,1
24805,0
24806,1
24807,0
24808,0
24809,1
24810,0
24811,1
24812,2
24813,2
24814,2
24815,0
24816,2
24817,1
24818,2
24819,0
24820,1
24821,0
24822,2
24823,1
24824,2
24825,2
24826,2
24827,0
24828,0
24829,2
24830,2
24831,2
24832,0
24833,1
24834,0
24835,2
24836,2
24837,0
24838,1
24839,2
24840,0
24841,0
24842,1
24843,0
24844,1
24845,1
24846,1
24847,2
24848,2
24849,2
24850,2
24851,0
24852,2
24853,1
24854,2
24855,0
24856,2
24857,0
24858,0
24859,0
24860,0
24861,0
24862,2
24863,1
24864,0
24865,1
24866,2
24867,0
24868,1
24869,2
24870,0
24871,2
24872,1
24873,0
24874,2
24875,2
24876,1
24877,0
24878,2
24879,1
24880,0
24881,2
24882,0
24883,2
24884,0
24885,2
24886,2
24887,1
24888,1
24889,2
24890,0
24891,1
24892,2
24893,0
24894,2
24895,2
24896,0
24897,0
24898,0
24899,2
24900,1
24901,2
24902,0
24903,2
24904,1
24905,0
24906,1
24907,1
24908,1
24909,2
24910,1
24911,2
24912,0
24913,2
24914,1
24915,2
24916,0
24917,2
24918,0
24919,2
24920,0
24921,2
24922,2
24923,0
24924,0
24925,0
24926,1
24927,1
24928,0
24929,0
24930,0
24931,1
24932,1
24933,2
24934,1
24935,0
24936,0
24937,2
24938,1
24939,2
24940,0
24941,0
24942,0
24943,2
24944,0
24945,2
24946,2
24947,0
24948,2
24949,1
24950,2
24951,2
24952,2
24953,0
24954,1
24955,0
24956,2
24957,2
24958,1
24959,0
24960,1
24961,1
24962,2
24963,2
24964,1
24965,2
24966,0
24967,0
24968,1
24969,0
24970,2
24971,2
24972,1
24973,2
24974,1
24975,1
24976,1
24977,2
24978,1
24979,0
24980,2
24981,2
24982,0
24983,1
24984,0
24985,1
24986,1
24987,2
24988,0
24989,2
24990,0
24991,1
24992,0
24993,2
24994,0
24995,0
24996,0
24997,1
24998,2
24999,0
25000,0
25001,1
25002,0
25003,1
25004,0
25005,2
25006,1
25007,1
25008,0
25009,0
25010,2
25011,0
25012,0
25013,2
25014,2
25015,0
25016,2
25017,2
25018,0
25019,2
25020,1
25021,0
25022,2
25023,2
25024,0
25025,0
25026,2
25027,1
25028,0
25029,2
25030,0
25031,1
25032,2
25033,1
25034,0
25035,0
25036,0
25037,0
25038,0
25039,0
25040,0
25041,0
25042,0
25043,0
25044,2
25045,1
25046,0
25047,0
25048,1
25049,2
25050,0
25051,1
25052,1
25053,0
25054,0
25055,1
25056,2
25057,0
25058,2
25059,0
25060,1
25061,1
25062,2
25063,1
25064,1
25065,0
25066,1
25067,0
25068,2
25069,0
25070,0
25071,1
25072,0
25073,0
25074,2
25075,1
25076,1
25077,2
25078,2
25079,0
25080,2
25081,1
25082,0
25083,0
25084,0
25085,2
25086,0
25087,2
25088,2
25089,2
25090,0
25091,1
25092,0
25093,2
25094,0
25095,0
25096,2
25097,2
25098,2
25099,1
25100,0
25101,0
25102,0
25103,2
25104,0
25105,2
25106,1
25107,1
25108,0
25109,2
25110,1
25111,2
25112,2
25113,0
25114,0
25115,1
25116,0
25117,2
25118,2
25119,0
25120,2
25121,0
25122,1
25123,1
25124,2
25125,0
25126,1
25127,1
25128,0
25129,1
25130,0
25131,2
25132,0
25133,2
25134,2
25135,2
25136,2
25137,2
25138,2
25139,2
25140,2
25141,1
25142,2
25143,0
25144,2
25145,0
25146,2
25147,1
25148,2
25149,2
25150,2
25151,0
25152,2
25153,1
25154,2
25155,0
25156,0
25157,1
25158,1
25159,0
25160,0
25161,1
25162,2
25163,1
25164,1
25165,2
25166,2
25167,0
25168,0
25169,1
25170,2
25171,2
25172,0
25173,1
25174,1
25175,2
25176,0
25177,2
25178,2
25179,1
25180,1
25181,0
25182,0
25183,0
25184,2
25185,0
25186,1
25187,2
25188,0
25189,2
25190,2
25191,0
25192,2
25193,1
25194,0
25195,1
25196,1
25197,0
25198,2
25199,2
25200,2
25201,2
25202,0
25203,0
25204,1
25205,0
25206,0
25207,0
25208,2
25209,2
25210,2
25211,0
25212,0
25213,2
25214,2
25215,0
25216,0
25217,0
25218,0
25219,2
25220,1
25221,1
25222,2
25223,2
25224,2
25225,2
25226,2
25227,2
25228,0
25229,1
25230,2
25231,2
25232,0
25233,1
25234,0
25235,2
25236,2
25237,2
25238,1
25239,0
25240,2
25241,2
25242,2
25243,2
25244,0
25245,0
25246,1
25247,0
25248,2
25249,1
25250,1
25251,0
25252,2
25253,2
25254,1
25255,2
25256,2
25257,2
25258,2
25259,2
25260,1
25261,0
25262,0
25263,1
25264,1
25265,1
25266,0
25267,0
25268,2
25269,2
25270,1
25271,1
25272,2
25273,2
25274,2
25275,0
25276,0
25277,1
25278,0
25279,0
25280,1
25281,1
25282,0
25283,2
25284,0
25285,2
25286,0
25287,2
25288,0
25289,1
25290,2
25291,2
25292,0
25293,0
25294,2
25295,1
25296,2
25297,1
25298,0
25299,2
25300,2
25301,0
25302,0
25303,2
25304,0
25305,2
25306,0
25307,0
25308,0
25309,2
25310,1
25311,1
25312,1
25313,2
25314,0
25315,0
25316,1
25317,1
25318,1
25319,2
25320,0
25321,2
25322,1
25323,0
25324,2
25325,2
25326,1
25327,1
25328,2
25329,2
25330,2
25331,0
25332,0
25333,0
25334,2
25335,0
25336,2
25337,1
25338,2
25339,0
25340,0
25341,0
25342,1
25343,2
25344,0
25345,2
25346,1
25347,1
25348,1
25349,1
25350,0
25351,2
25352,2
25353,0
25354,1
25355,2
25356,1
25357,1
25358,2
25359,1
25360,0
25361,0
25362,0
25363,1
25364,0
25365,1
25366,1
25367,1
25368,2
25369,1
25370,0
25371,0
25372,2
25373,2
25374,2
25375,0
25376,0
25377,0
25378,0
25379,1
25380,2
25381,2
25382,1
25383,2
25384,0
25385,2
25386,2
25387,0
25388,0
25389,1
25390,0
25391,2
25392,2
25393,0
25394,1
25395,1
25396,2
25397,1
25398,1
25399,2
25400,0
25401,2
25402,2
25403,0
25404,1
25405,1
25406,1
25407,1
25408,1
25409,0
25410,2
25411,1
25412,1
25413,2
25414,1
25415,0
25416,2
25417,0
25418,0
25419,0
25420,0
25421,2
25422,1
25423,0
25424,1
25425,1
25426,1
25427,1
25428,2
25429,2
25430,2
25431,1
25432,1
25433,2
25434,1
25435,2
25436,0
25437,2
25438,2
25439,1
25440,2
25441,0
25442,2
25443,1
25444,1
25445,2
25446,1
25447,0
25448,0
25449,0
25450,0
25451,0
25452,0
25453,2
25454,0
25455,0
25456,0
25457,2
25458,0
25459,0
25460,0
25461,2
25462,0
25463,2
25464,1
25465,0
25466,2
25467,2
25468,1
25469,2
25470,0
25471,0
25472,2
25473,0
25474,0
25475,0
25476,2
25477,0
25478,0
25479,0
25480,0
25481,0
25482,2
25483,1
25484,2
25485,2
25486,2
25487,0
25488,2
25489,1
25490,0
25491,0
25492,2
25493,0
25494,0
25495,1
25496,1
25497,2
25498,2
25499,1
25500,0
25501,0
25502,0
25503,0
25504,2
25505,2
25506,2
25507,0
25508,0
25509,0
25510,1
25511,1
25512,2
25513,0
25514,2
25515,2
25516,1
25517,2
25518,1
25519,0
25520,0
25521,0
25522,2
25523,2
25524,2
25525,0
25526,2
25527,0
25528,0
25529,1
25530,0
25531,2
25532,1
25533,2
25534,1
25535,1
25536,0
25537,0
25538,1
25539,2
25540,2
25541,0
25542,0
25543,2
25544,0
25545,2
25546,0
25547,0
25548,0
25549,2
25550,0
25551,2
25552,0
25553,0
25554,0
25555,0
25556,2
25557,0
25558,2
25559,2
25560,1
25561,2
25562,1
25563,2
25564,0
25565,2
25566,0
25567,2
25568,1
25569,0
25570,2
25571,0
25572,0
25573,0
25574,1
25575,1
25576,1
25577,2
25578,1
25579,1
25580,2
25581,0
25582,1
25583,1
25584,0
25585,0
25586,0
25587,0
25588,2
25589,2
25590,0
25591,0
25592,0
25593,2
25594,2
25595,0
25596,0
25597,0
25598,0
25599,1
25600,0
25601,2
25602,0
25603,2
25604,2
25605,0
25606,1
25607,1
25608,0
25609,1
25610,0
25611,0
25612,0
25613,0
25614,2
25615,2
25616,0
25617,1
25618,2
25619,2
25620,1
25621,1
25622,2
25623,0
25624,2
25625,2
25626,0
25627,0
25628,1
25629,0
25630,2
25631,0
25632,0
25633,2
25634,1
25635,0
25636,0
25637,2
25638,1
25639,0
25640,2
25641,0
25642,2
25643,0
25644,2
25645,2
25646,2
25647,2
25648,0
25649,0
25650,0
25651,2
25652,2
25653,0
25654,2
25655,1
25656,2
25657,1
25658,2
25659,0
25660,2
25661,0
25662,1
25663,0
25664,2
25665,2
25666,0
25667,2
25668,2
25669,2
25670,0
25671,2
25672,2
25673,2
25674,2
25675,2
25676,2
25677,2
25678,0
25679,0
25680,2
25681,1
25682,0
25683,0
25684,0
25685,2
25686,2
25687,2
25688,0
25689,0
25690,2
25691,0
25692,1
25693,0
25694,1
25695,0
25696,2
25697,1
25698,0
25699,1
25700,0
25701,1
25702,0
25703,1
25704,0
25705,2
25706,0
25707,2
25708,1
25709,2
25710,0
25711,1
25712,2
25713,2
25714,1
25715,2
25716,1
25717,0
25718,2
25719,1
25720,1
25721,2
25722,1
25723,2
25724,1
25725,1
25726,2
25727,2
25728,2
25729,0
25730,0
25731,0
25732,1
25733,1
25734,1
25735,1
25736,1
25737,0
25738,2
25739,0
25740,0
25741,0
25742,1
25743,0
25744,2
25745,1
25746,0
25747,1
25748,2
25749,0
25750,2
25751,0
25752,2
25753,2
25754,1
25755,2
25756,2
25757,1
25758,2
25759,1
25760,2
25761,2
25762,2
25763,1
25764,0
25765,2
25766,2
25767,1
25768,0
25769,2
25770,0
25771,0
25772,0
25773,2
25774,2
25775,2
25776,0
25777,1
25778,2
25779,2
25780,1
25781,2
25782,2
25783,0
25784,0
25785,0
25786,0
25787,2
25788,2
25789,0
25790,2
25791,2
25792,0
25793,1
25794,2
25795,0
25796,0
25797,1
25798,2
25799,0
25800,1
25801,0
25802,0
25803,2
25804,2
25805,0
25806,2
25807,2
25808,2
25809,2
25810,2
25811,0
25812,0
25813,2
25814,0
25815,2
25816,2
25817,1
25818,2
25819,2
25820,0
25821,0
25822,2
25823,2
25824,2
25825,2
25826,0
25827,0
25828,2
25829,1
25830,0
25831,2
25832,0
25833,0
25834,2
25835,2
25836,1
25837,1
25838,2
25839,0
25840,2
25841,2
25842,2
25843,0
25844,1
25845,0
25846,1
25847,0
25848,1
25849,1
25850,1
25851,1
25852,0
25853,1
25854,0
25855,0
25856,0
25857,2
25858,2
25859,1
25860,1
25861,0
25862,0
25863,1
25864,0
25865,2
25866,1
25867,0
25868,0
25869,0
25870,1
25871,1
25872,0
25873,2
25874,0
25875,0
25876,0
25877,2
25878,2
25879,0
25880,0
25881,0
25882,0
25883,2
25884,1
25885,0
25886,2
25887,0
25888,1
25889,2
25890,0
25891,1
25892,0
25893,1
25894,2
25895,0
25896,1
25897,1
25898,1
25899,1
25900,0
25901,2
25902,2
25903,1
25904,0
25905,2
25906,0
25907,0
25908,0
25909,0
25910,1
25911,1
25912,1
25913,0
25914,2
25915,0
25916,1
25917,2
25918,1
25919,0
25920,0
25921,2
25922,2
25923,2
25924,1
25925,0
25926,2
25927,2
25928,0
25929,0
25930,0
25931,2
25932,2
25933,1
25934,1
25935,2
25936,1
25937,0
25938,0
25939,1
25940,1
25941,2
25942,0
25943,0
25944,0
25945,2
25946,2
25947,0
25948,0
25949,0
25950,0
25951,1
25952,2
25953,0
25954,0
25955,2
25956,2
25957,0
25958,2
25959,2
25960,2
25961,2
25962,1
25963,2
25964,1
25965,0
25966,2
25967,1
25968,0
25969,0
25970,0
25971,2
25972,2
25973,2
25974,0
25975,0
25976,0
25977,0
25978,2
25979,1
25980,1
25981,1
25982,0
25983,2
25984,2
25985,0
25986,2
25987,0
25988,2
25989,0
25990,1
25991,0
25992,1
25993,0
25994,2
25995,0
25996,2
25997,2
25998,0
25999,1
26000,0
26001,2
26002,2
26003,0
26004,1
26005,2
26006,2
26007,0
26008,2
26009,1
26010,0
26011,0
26012,1
26013,0
26014,2
26015,0
26016,1
26017,2
26018,2
26019,0
26020,2
26021,0
26022,2
26023,0
26024,2
26025,0
26026,2
26027,0
26028,2
26029,0
26030,2
26031,1
26032,2
26033,2
26034,0
26035,0
26036,2
26037,0
26038,0
26039,2
26040,2
26041,1
26042,2
26043,0
26044,1
26045,0
26046,2
26047,2
26048,2
26049,0
26050,2
26051,0
26052,2
26053,2
26054,2
26055,2
26056,0
26057,2
26058,0
26059,2
26060,1
26061,2
26062,0
26063,1
26064,0
26065,0
26066,2
26067,2
26068,2
26069,0
26070,0
26071,0
26072,2
26073,0
26074,0
26075,0
26076,2
26077,2
26078,1
26079,0
26080,1
26081,2
26082,2
26083,2
26084,0
26085,0
26086,2
26087,0
26088,0
26089,0
26090,2
26091,2
26092,0
26093,1
26094,0
26095,2
26096,2
26097,2
26098,0
26099,2
26100,1
26101,1
26102,2
26103,0
26104,2
26105,2
26106,2
26107,1
26108,2
26109,0
26110,1
26111,1
26112,1
26113,0
26114,0
26115,2
26116,0
26117,2
26118,0
26119,2
26120,0
26121,2
26122,0
26123,0
26124,1
26125,2
26126,2
26127,0
26128,0
26129,0
26130,2
26131,2
26132,2
26133,1
26134,2
26135,0
26136,0
26137,0
26138,0
26139,0
26140,0
26141,2
26142,0
26143,0
26144,1
26145,1
26146,1
26147,2
26148,1
26149,2
26150,2
26151,1
26152,2
26153,2
26154,2
26155,1
26156,1
26157,0
26158,0
26159,2
26160,1
26161,2
26162,1
26163,0
26164,2
26165,0
26166,2
26167,1
26168,2
26169,2
26170,1
26171,0
26172,0
26173,1
26174,1
26175,2
26176,2
26177,0
26178,0
26179,0
26180,0
26181,2
26182,2
26183,2
26184,1
26185,2
26186,0
26187,2
26188,1
26189,0
26190,0
26191,2
26192,0
26193,2
26194,2
26195,0
26196,0
26197,0
26198,0
26199,0
26200,0
26201,2
26202,2
26203,0
26204,1
26205,2
26206,0
26207,0
26208,1
26209,0
26210,0
26211,2
26212,0
26213,0
26214,1
26215,0
26216,2
26217,0
26218,2
26219,2
26220,1
26221,0
26222,0
26223,2
26224,1
26225,2
26226,2
26227,0
26228,1
26229,0
26230,2
26231,2
26232,1
26233,1
26234,1
26235,0
26236,0
26237,2
26238,2
26239,2
26240,0
26241,0
26242,0
26243,0
26244,0
26245,0
26246,2
26247,2
26248,2
26249,2
26250,0
26251,0
26252,1
26253,2
26254,1
26255,2
26256,2
26257,0
26258,1
26259,2
26260,2
26261,1
26262,0
26263,1
26264,2
26265,2
26266,2
26267,0
26268,2
26269,0
26270,2
26271,1
26272,1
26273,2
26274,2
26275,2
26276,2
26277,0
26278,0
26279,0
26280,1
26281,2
26282,1
26283,0
26284,1
26285,2
26286,0
26287,0
26288,0
26289,0
26290,2
26291,2
26292,1
26293,1
26294,1
26295,0
26296,0
26297,0
26298,2
26299,2
26300,2
26301,1
26302,0
26303,1
26304,0
26305,0
26306,1
26307,1
26308,0
26309,2
26310,0
26311,2
26312,2
26313,2
26314,2
26315,2
26316,2
26317,2
26318,2
26319,2
26320,0
26321,2
26322,0
26323,0
26324,0
26325,2
26326,2
26327,0
26328,0
26329,1
26330,1
26331,2
26332,1
26333,0
26334,1
26335,2
26336,0
26337,1
26338,0
26339,1
26340,0
26341,2
26342,0
26343,0
26344,1
26345,2
26346,2
26347,0
26348,2
26349,2
26350,0
26351,2
26352,2
26353,0
26354,0
26355,1
26356,1
26357,1
26358,1
26359,1
26360,2
26361,2
26362,0
26363,0
26364,2
26365,0
26366,1
26367,0
26368,0
26369,2
26370,0
26371,1
26372,2
26373,2
26374,2
26375,2
26376,1
26377,2
26378,1
26379,1
26380,1
26381,2
26382,2
26383,2
26384,0
26385,2
26386,2
26387,2
26388,0
26389,0
26390,0
26391,2
26392,2
26393,1
26394,2
26395,0
26396,1
26397,2
26398,2
26399,1
26400,1
26401,0
26402,1
26403,0
26404,0
26405,0
26406,1
26407,0
26408,2
26409,0
26410,0
26411,1
26412,2
26413,0
26414,0
26415,1
26416,2
26417,1
26418,1
26419,0
26420,1
26421,2
26422,0
26423,2
26424,1
26425,0
26426,2
26427,2
26428,0
26429,0
26430,1
26431,2
26432,2
26433,0
26434,1
26435,2
26436,1
26437,0
26438,0
26439,2
26440,2
26441,2
26442,1
26443,1
26444,2
26445,2
26446,0
26447,2
26448,0
26449,2
26450,1
26451,2
26452,0
26453,2
26454,1
26455,2
26456,2
26457,0
26458,0
26459,0
26460,1
26461,0
26462,2
26463,2
26464,2
26465,1
26466,0
26467,1
26468,0
26469,1
26470,2
26471,1
26472,1
26473,0
26474,2
26475,0
26476,0
26477,2
26478,2
26479,1
26480,0
26481,0
26482,1
26483,0
26484,0
26485,2
26486,0
26487,0
26488,0
26489,0
26490,0
26491,2
26492,0
26493,0
26494,2
26495,0
26496,2
26497,1
26498,2
26499,1
26500,0
26501,0
26502,0
26503,2
26504,2
26505,0
26506,0
26507,1
26508,1
26509,1
26510,2
26511,0
26512,1
26513,2
26514,0
26515,0
26516,0
26517,2
26518,1
26519,2
26520,2
26521,1
26522,1
26523,2
26524,2
26525,2
26526,2
26527,1
26528,0
26529,0
26530,1
26531,2
26532,2
26533,0
26534,1
26535,0
26536,1
26537,0
26538,1
26539,1
26540,0
26541,2
26542,0
26543,0
26544,2
26545,2
26546,0
26547,2
26548,1
26549,1
26550,0
26551,0
26552,2
26553,0
26554,0
26555,2
26556,0
26557,1
26558,0
26559,0
26560,0
26561,0
26562,2
26563,2
26564,2
26565,2
26566,1
26567,2
26568,1
26569,2
26570,1
26571,1
26572,2
26573,2
26574,0
26575,0
26576,0
26577,0
26578,0
26579,0
26580,1
26581,2
26582,1
26583,1
26584,1
26585,2
26586,2
26587,0
26588,1
26589,1
26590,0
26591,0
26592,2
26593,2
26594,0
26595,2
26596,0
26597,1
26598,2
26599,0
26600,2
26601,2
26602,1
26603,2
26604,2
26605,1
26606,0
26607,0
26608,2
26609,1
26610,1
26611,2
26612,0
26613,2
26614,2
26615,2
26616,2
26617,0
26618,1
26619,2
26620,1
26621,0
26622,0
26623,1
26624,2
26625,1
26626,0
26627,0
26628,1
26629,0
26630,2
26631,0
26632,2
26633,2
26634,2
26635,2
26636,2
26637,0
26638,0
26639,1
26640,0
26641,2
26642,0
26643,0
26644,2
26645,2
26646,1
26647,0
26648,1
26649,0
26650,1
26651,0
26652,0
26653,2
26654,1
26655,1
26656,2
26657,0
26658,0
26659,0
26660,2
26661,1
26662,0
26663,1
26664,2
26665,2
26666,2
26667,2
26668,0
26669,1
26670,1
26671,1
26672,2
26673,2
26674,2
26675,1
26676,2
26677,1
26678,0
26679,1
26680,0
26681,2
26682,1
26683,2
26684,2
26685,1
26686,2
26687,0
26688,2
26689,0
26690,1
26691,0
26692,0
26693,2
26694,2
26695,0
26696,0
26697,0
26698,1
26699,0
26700,1
26701,1
26702,1
26703,2
26704,0
26705,0
26706,1
26707,2
26708,2
26709,1
26710,1
26711,1
26712,0
26713,0
26714,0
26715,1
26716,1
26717,2
26718,0
26719,2
26720,1
26721,0
26722,2
26723,0
26724,1
26725,0
26726,0
26727,0
26728,1
26729,1
26730,0
26731,1
26732,0
26733,0
26734,2
26735,0
26736,0
26737,2
26738,0
26739,1
26740,1
26741,2
26742,0
26743,1
26744,0
26745,2
26746,2
26747,0
26748,0
26749,2
26750,1
26751,1
26752,0
26753,0
26754,1
26755,1
26756,2
26757,0
26758,1
26759,0
26760,0
26761,0
26762,0
26763,0
26764,1
26765,1
26766,1
26767,2
26768,0
26769,1
26770,0
26771,0
26772,1
26773,2
26774,2
26775,0
26776,0
26777,1
26778,1
26779,0
26780,1
26781,0
26782,1
26783,2
26784,1
26785,2
26786,1
26787,0
26788,0
26789,2
26790,2
26791,2
26792,2
26793,0
26794,0
26795,0
26796,1
26797,1
26798,2
26799,0
26800,0
26801,0
26802,0
26803,0
26804,0
26805,1
26806,1
26807,2
26808,0
26809,2
26810,2
26811,1
26812,1
26813,0
26814,2
26815,0
26816,1
26817,0
26818,0
26819,2
26820,0
26821,0
26822,0
26823,1
26824,2
26825,2
26826,2
26827,0
26828,2
26829,2
26830,0
26831,2
26832,2
26833,2
26834,0
26835,2
26836,0
26837,1
26838,0
26839,2
26840,0
26841,2
26842,2
26843,2
26844,0
26845,2
26846,0
26847,2
26848,0
26849,0
26850,2
26851,0
26852,0
26853,1
26854,0
26855,0
26856,0
26857,0
26858,0
26859,2
26860,0
26861,1
26862,0
26863,1
26864,2
26865,0
26866,0
26867,1
26868,2
26869,0
26870,2
26871,0
26872,0
26873,2
26874,2
26875,2
26876,2
26877,2
26878,1
26879,2
26880,2
26881,0
26882,0
26883,2
26884,0
26885,2
26886,2
26887,1
26888,2
26889,2
26890,0
26891,2
26892,2
26893,2
26894,2
26895,2
26896,2
26897,0
26898,1
26899,1
26900,2
26901,2
26902,0
26903,2
26904,2
26905,0
26906,2
26907,0
26908,2
26909,0
26910,0
26911,0
26912,2
26913,1
26914,2
26915,2
26916,2
26917,0
26918,2
26919,2
26920,1
26921,2
26922,2
26923,1
26924,2
26925,1
26926,1
26927,0
26928,0
26929,2
26930,2
26931,0
26932,1
26933,0
26934,0
26935,1
26936,2
26937,0
26938,0
26939,2
26940,0
26941,2
26942,1
26943,1
26944,1
26945,2
26946,0
26947,2
26948,2
26949,1
26950,2
26951,2
26952,1
26953,0
26954,0
26955,1
26956,1
26957,2
26958,0
26959,0
26960,2
26961,0
26962,2
26963,2
26964,1
26965,0
26966,0
26967,0
26968,0
26969,0
26970,0
26971,1
26972,0
26973,2
26974,1
26975,0
26976,1
26977,2
26978,0
26979,2
26980,2
26981,0
26982,2
26983,2
26984,1
26985,0
26986,1
26987,0
26988,1
26989,2
26990,0
26991,0
26992,2
26993,2
26994,2
26995,1
26996,2
26997,2
26998,1
26999,1
27000,1
27001,0
27002,0
27003,1
27004,0
27005,2
27006,2
27007,1
27008,2
27009,1
27010,2
27011,1
27012,0
27013,0
27014,1
27015,1
27016,2
27017,0
27018,1
27019,2
27020,0
27021,0
27022,2
27023,2
27024,1
27025,2
27026,0
27027,1
27028,1
27029,0
27030,0
27031,1
27032,1
27033,0
27034,1
27035,0
27036,2
27037,2
27038,2
27039,0
27040,0
27041,0
27042,2
27043,0
27044,0
27045,2
27046,0
27047,0
27048,0
27049,2
27050,2
27051,0
27052,2
27053,2
27054,2
27055,0
27056,0
27057,1
27058,0
27059,2
27060,2
27061,2
27062,0
27063,2
27064,2
27065,0
27066,0
27067,1
27068,1
27069,2
27070,1
27071,0
27072,0
27073,1
27074,0
27075,2
27076,1
27077,1
27078,2
27079,0
27080,0
27081,1
27082,0
27083,1
27084,2
27085,2
27086,1
27087,1
27088,2
27089,1
27090,2
27091,2
27092,2
27093,1
27094,1
27095,1
27096,0
27097,1
27098,2
27099,0
27100,2
27101,1
27102,0
27103,1
27104,2
27105,1
27106,0
27107,0
27108,1
27109,1
27110,0
27111,2
27112,2
27113,0
27114,2
27115,0
27116,0
27117,1
27118,2
27119,0
27120,2
27121,2
27122,0
27123,2
27124,2
27125,1
27126,1
27127,0
27128,1
27129,1
27130,0
27131,2
27132,0
27133,2
27134,1
27135,0
27136,0
27137,2
27138,0
27139,0
27140,2
27141,2
27142,2
27143,2
27144,2
27145,0
27146,1
27147,0
27148,0
27149,1
27150,0
27151,2
27152,0
27153,2
27154,0
27155,0
27156,1
27157,0
27158,0
27159,0
27160,1
27161,0
27162,0
27163,0
27164,2
27165,2
27166,0
27167,2
27168,0
27169,1
27170,2
27171,2
27172,2
27173,2
27174,2
27175,2
27176,1
27177,2
27178,1
27179,2
27180,2
27181,2
27182,0
27183,1
27184,0
27185,0
27186,0
27187,2
27188,0
27189,2
27190,2
27191,0
27192,0
27193,1
27194,0
27195,2
27196,2
27197,2
27198,0
27199,2
27200,2
27201,0
27202,2
27203,1
27204,0
27205,2
27206,0
27207,2
27208,2
27209,2
27210,0
27211,0
27212,2
27213,0
27214,2
27215,0
27216,2
27217,2
27218,0
27219,2
27220,2
27221,2
27222,0
27223,2
27224,2
27225,2
27226,2
27227,0
27228,2
27229,0
27230,1
27231,0
27232,0
27233,2
27234,0
27235,1
27236,1
27237,1
27238,2
27239,2
27240,2
27241,0
27242,0
27243,2
27244,2
27245,2
27246,1
27247,1
27248,1
27249,1
27250,0
27251,1
27252,2
27253,0
27254,2
27255,0
27256,1
27257,0
27258,1
27259,2
27260,0
27261,1
27262,2
27263,1
27264,1
27265,0
27266,0
27267,0
27268,0
27269,0
27270,1
27271,0
27272,1
27273,0
27274,2
27275,0
27276,0
27277,2
27278,2
27279,0
27280,2
27281,0
27282,0
27283,2
27284,0
27285,0
27286,0
27287,0
27288,0
27289,2
27290,2
27291,1
27292,2
27293,2
27294,1
27295,0
27296,1
27297,2
27298,0
27299,0
27300,0
27301,2
27302,0
27303,1
27304,0
27305,0
27306,2
27307,0
27308,2
27309,2
27310,2
27311,1
27312,2
27313,1
27314,0
27315,0
27316,0
27317,2
27318,2
27319,2
27320,2
27321,2
27322,0
27323,2
27324,0
27325,0
27326,2
27327,0
27328,0
27329,0
27330,2
27331,2
27332,2
27333,2
27334,1
27335,0
27336,0
27337,0
27338,0
27339,2
27340,2
27341,2
27342,0
27343,0
27344,1
27345,2
27346,1
27347,2
27348,2
27349,0
27350,1
27351,0
27352,1
27353,2
27354,0
27355,0
27356,0
27357,0
27358,0
27359,2
27360,0
27361,1
27362,0
27363,0
27364,0
27365,0
27366,2
27367,2
27368,2
27369,2
27370,2
27371,2
27372,1
27373,0
27374,0
27375,0
27376,0
27377,2
27378,2
27379,2
27380,0
27381,1
27382,2
27383,0
27384,0
27385,0
27386,2
27387,0
27388,1
27389,0
27390,2
27391,2
27392,2
27393,2
27394,2
27395,2
27396,1
27397,1
27398,0
27399,2
27400,1
27401,1
27402,0
27403,2
27404,1
27405,2
27406,0
27407,2
27408,2
27409,1
27410,1
27411,0
27412,0
27413,0
27414,1
27415,2
27416,0
27417,1
27418,2
27419,2
27420,2
27421,1
27422,0
27423,2
27424,0
27425,2
27426,2
27427,0
27428,0
27429,1
27430,1
27431,1
27432,2
27433,0
27434,0
27435,2
27436,0
27437,0
27438,0
27439,2
27440,2
27441,2
27442,0
27443,0
27444,2
27445,0
27446,0
27447,1
27448,2
27449,0
27450,1
27451,1
27452,2
27453,2
27454,2
27455,2
27456,0
27457,2
27458,1
27459,0
27460,0
27461,0
27462,0
27463,1
27464,1
27465,2
27466,2
27467,0
27468,2
27469,2
27470,2
27471,1
27472,0
27473,1
27474,0
27475,2
27476,2
27477,2
27478,0
27479,0
27480,0
27481,2
27482,2
27483,0
27484,0
27485,1
27486,1
27487,0
27488,0
27489,2
27490,0
27491,2
27492,1
27493,1
27494,2
27495,2
27496,2
27497,1
27498,2
27499,1
27500,2
27501,0
27502,2
27503,0
27504,0
27505,0
27506,2
27507,0
27508,2
27509,2
27510,0
27511,0
27512,2
27513,2
27514,0
27515,1
27516,0
27517,0
27518,2
27519,0
27520,2
27521,2
27522,0
27523,0
27524,0
27525,0
27526,1
27527,1
27528,0
27529,0
27530,2
27531,0
27532,2
27533,1
27534,1
27535,2
27536,2
27537,2
27538,0
27539,2
27540,0
27541,1
27542,2
27543,2
27544,2
27545,2
27546,2
27547,0
27548,1
27549,0
27550,0
27551,2
27552,1
27553,0
27554,1
27555,1
27556,0
27557,1
27558,2
27559,1
27560,0
27561,1
27562,2
27563,0
27564,2
27565,0
27566,1
27567,1
27568,0
27569,1
27570,1
27571,2
27572,1
27573,2
27574,1
27575,0
27576,2
27577,2
27578,0
27579,2
27580,0
27581,1
27582,2
27583,0
27584,2
27585,2
27586,1
27587,1
27588,1
27589,1
27590,2
27591,2
27592,2
27593,0
27594,0
27595,2
27596,2
27597,2
27598,1
27599,0
27600,0
27601,2
27602,0
27603,2
27604,2
27605,2
27606,0
27607,1
27608,0
27609,2
27610,0
27611,2
27612,0
27613,2
27614,2
27615,0
27616,2
27617,2
27618,2
27619,0
27620,0
27621,1
27622,1
27623,0
27624,2
27625,0
27626,1
27627,2
27628,1
27629,0
27630,1
27631,0
27632,2
27633,1
27634,0
27635,0
27636,0
27637,1
27638,0
27639,1
27640,2
27641,0
27642,0
27643,2
27644,2
27645,0
27646,2
27647,0
27648,2
27649,2
27650,0
27651,2
27652,2
27653,2
27654,0
27655,2
27656,1
27657,2
27658,2
27659,0
27660,2
27661,2
27662,2
27663,1
27664,1
27665,1
27666,0
27667,0
27668,1
27669,1
27670,0
27671,2
27672,0
27673,1
27674,0
27675,1
27676,1
27677,2
27678,1
27679,0
27680,1
27681,2
27682,0
27683,2
27684,1
27685,0
27686,1
27687,0
27688,1
27689,0
27690,1
27691,1
27692,1
27693,1
27694,2
27695,2
27696,0
27697,0
27698,0
27699,1
27700,1
27701,0
27702,0
27703,2
27704,0
27705,0
27706,0
27707,0
27708,0
27709,1
27710,0
27711,0
27712,2
27713,2
27714,2
27715,1
27716,0
27717,0
27718,2
27719,0
27720,2
27721,0
27722,2
27723,0
27724,0
27725,2
27726,2
27727,2
27728,2
27729,2
27730,0
27731,1
27732,2
27733,0
27734,2
27735,0
27736,1
27737,2
27738,2
27739,0
27740,1
27741,0
27742,2
27743,2
27744,0
27745,2
27746,2
27747,2
27748,1
27749,1
27750,1
27751,2
27752,0
27753,0
27754,1
27755,1
27756,0
27757,1
27758,2
27759,1
27760,0
27761,0
27762,0
27763,2
27764,1
27765,0
27766,2
27767,2
27768,2
27769,2
27770,2
27771,0
27772,1
27773,1
27774,2
27775,2
27776,2
27777,2
27778,2
27779,2
27780,2
27781,0
27782,0
27783,2
27784,2
27785,0
27786,0
27787,0
27788,0
27789,0
27790,2
27791,1
27792,0
27793,2
27794,0
27795,2
27796,1
27797,2
27798,2
27799,1
27800,2
27801,1
27802,0
27803,2
27804,2
27805,2
27806,2
27807,0
27808,0
27809,2
27810,2
27811,1
27812,0
27813,2
27814,2
27815,0
27816,2
27817,1
27818,1
27819,0
27820,1
27821,2
27822,1
27823,2
27824,2
27825,2
27826,0
27827,2
27828,0
27829,0
27830,1
27831,0
27832,0
27833,0
27834,2
27835,0
27836,0
27837,0
27838,2
27839,2
27840,0
27841,0
27842,2
27843,0
27844,2
27845,2
27846,2
27847,2
27848,2
27849,0
27850,1
27851,0
27852,0
27853,2
27854,2
27855,0
27856,2
27857,0
27858,0
27859,2
27860,2
27861,0
27862,0
27863,2
27864,1
27865,1
27866,1
27867,2
27868,0
27869,0
27870,2
27871,0
27872,2
27873,2
27874,0
27875,1
27876,0
27877,2
27878,2
27879,0
27880,1
27881,2
27882,1
27883,2
27884,1
27885,1
27886,0
27887,0
27888,0
27889,2
27890,0
27891,1
27892,0
27893,0
27894,1
27895,0
27896,2
27897,2
27898,1
27899,0
27900,2
27901,0
27902,2
27903,2
27904,2
27905,2
27906,0
27907,2
27908,0
27909,0
27910,1
27911,1
27912,0
27913,1
27914,0
27915,0
27916,2
27917,0
27918,2
27919,2
27920,2
27921,2
27922,1
27923,2
27924,2
27925,0
27926,1
27927,2
27928,2
27929,1
27930,2
27931,0
27932,1
27933,2
27934,2
27935,2
27936,0
27937,2
27938,1
27939,2
27940,2
27941,1
27942,1
27943,2
27944,2
27945,0
27946,1
27947,2
27948,1
27949,2
27950,2
27951,2
27952,2
27953,0
27954,1
27955,1
27956,0
27957,1
27958,1
27959,0
27960,0
27961,0
27962,0
27963,0
27964,2
27965,2
27966,0
27967,2
27968,1
27969,1
27970,0
27971,2
27972,1
27973,2
27974,2
27975,0
27976,2
27977,0
27978,1
27979,2
27980,1
27981,2
27982,2
27983,2
27984,0
27985,2
27986,1
27987,2
27988,0
27989,0
27990,0
27991,2
27992,0
27993,1
27994,2
27995,1
27996,2
27997,2
27998,1
27999,2
28000,2
28001,0
28002,1
28003,2
28004,2
28005,0
28006,1
28007,2
28008,1
28009,1
28010,0
28011,2
28012,0
28013,2
28014,1
28015,0
28016,1
28017,0
28018,2
28019,0
28020,0
28021,1
28022,2
28023,0
28024,1
28025,1
28026,2
28027,0
28028,2
28029,1
28030,0
28031,2
28032,0
28033,2
28034,0
28035,0
28036,1
28037,2
28038,2
28039,0
28040,2
28041,0
28042,2
28043,2
28044,2
28045,0
28046,0
28047,0
28048,1
28049,0
28050,1
28051,0
28052,1
28053,0
28054,0
28055,1
28056,1
28057,1
28058,0
28059,2
28060,1
28061,0
28062,0
28063,0
28064,2
28065,2
28066,0
28067,2
28068,1
28069,2
28070,0
28071,2
28072,1
28073,0
28074,1
28075,1
28076,0
28077,0
28078,2
28079,0
28080,0
28081,2
28082,1
28083,1
28084,1
28085,2
28086,1
28087,0
28088,2
28089,0
28090,1
28091,1
28092,2
28093,1
28094,2
28095,0
28096,0
28097,2
28098,1
28099,1
28100,2
28101,1
28102,0
28103,0
28104,0
28105,0
28106,2
28107,0
28108,1
28109,0
28110,1
28111,2
28112,1
28113,0
28114,0
28115,0
28116,0
28117,0
28118,2
28119,2
28120,0
28121,2
28122,1
28123,1
28124,0
28125,0
28126,2
28127,1
28128,0
28129,0
28130,2
28131,1
28132,0
28133,2
28134,0
28135,2
28136,2
28137,2
28138,0
28139,2
28140,2
28141,0
28142,0
28143,2
28144,0
28145,2
28146,1
28147,2
28148,2
28149,2
28150,2
28151,0
28152,0
28153,2
28154,1
28155,1
28156,2
28157,2
28158,0
28159,2
28160,0
28161,2
28162,1
28163,2
28164,1
28165,2
28166,0
28167,2
28168,2
28169,0
28170,1
28171,0
28172,2
28173,2
28174,2
28175,0
28176,2
28177,1
28178,0
28179,1
28180,2
28181,0
28182,0
28183,1
28184,0
28185,2
28186,1
28187,1
28188,0
28189,2
28190,0
28191,0
28192,1
28193,0
28194,2
28195,2
28196,0
28197,2
28198,2
28199,0
28200,1
28201,2
28202,0
28203,1
28204,0
28205,0
28206,2
28207,2
28208,2
28209,0
28210,1
28211,0
28212,1
28213,2
28214,2
28215,1
28216,1
28217,2
28218,0
28219,0
28220,0
28221,0
28222,1
28223,0
28224,1
28225,2
28226,0
28227,0
28228,2
28229,0
28230,0
28231,2
28232,1
28233,2
28234,0
28235,0
28236,2
28237,0
28238,2
28239,0
28240,0
28241,2
28242,0
28243,2
28244,0
28245,2
28246,1
28247,2
28248,1
28249,1
28250,0
28251,2
28252,2
28253,1
28254,2
28255,2
28256,1
28257,1
28258,0
28259,2
28260,0
28261,0
28262,1
28263,2
28264,0
28265,0
28266,0
28267,0
28268,1
28269,0
28270,0
28271,1
28272,1
28273,2
28274,2
28275,0
28276,1
28277,0
28278,0
28279,0
28280,0
28281,0
28282,1
28283,1
28284,0
28285,1
28286,2
28287,2
28288,2
28289,1
28290,0
28291,2
28292,2
28293,1
28294,2
28295,2
28296,0
28297,1
28298,0
28299,0
28300,0
28301,2
28302,2
28303,0
28304,2
28305,0
28306,0
28307,0
28308,0
28309,2
28310,2
28311,2
28312,2
28313,2
28314,0
28315,1
28316,2
28317,1
28318,0
28319,2
28320,0
28321,1
28322,0
28323,0
28324,1
28325,1
28326,2
28327,0
28328,0
28329,2
28330,1
28331,2
28332,0
28333,1
28334,2
28335,0
28336,0
28337,2
28338,1
28339,0
28340,0
28341,0
28342,0
28343,1
28344,1
28345,2
28346,0
28347,2
28348,0
28349,1
28350,0
28351,1
28352,1
28353,2
28354,0
28355,0
28356,0
28357,0
28358,2
28359,1
28360,0
28361,2
28362,2
28363,2
28364,0
28365,0
28366,2
28367,2
28368,1
28369,2
28370,2
28371,2
28372,0
28373,0
28374,0
28375,0
28376,2
28377,0
28378,1
28379,1
28380,1
28381,2
28382,2
28383,0
28384,0
28385,0
28386,1
28387,0
28388,1
28389,0
28390,2
28391,0
28392,0
28393,1
28394,2
28395,1
28396,0
28397,1
28398,1
28399,0
28400,0
28401,2
28402,1
28403,1
28404,1
28405,0
28406,2
28407,2
28408,0
28409,0
28410,2
28411,2
28412,0
28413,1
28414,0
28415,2
28416,0
28417,0
28418,2
28419,1
28420,2
28421,2
28422,0
28423,0
28424,2
28425,2
28426,2
28427,0
28428,0
28429,0
28430,0
28431,2
28432,2
28433,2
28434,2
28435,0
28436,2
28437,2
28438,0
28439,1
28440,2
28441,2
28442,0
28443,2
28444,0
28445,2
28446,0
28447,1
28448,1
28449,0
28450,2
28451,0
28452,2
28453,0
28454,2
28455,1
28456,1
28457,2
28458,1
28459,1
28460,0
28461,1
28462,2
28463,2
28464,1
28465,0
28466,2
28467,0
28468,0
28469,2
28470,1
28471,2
28472,0
28473,2
28474,2
28475,1
28476,2
28477,1
28478,1
28479,1
28480,0
28481,1
28482,0
28483,1
28484,0
28485,2
28486,1
28487,0
28488,2
28489,2
28490,0
28491,2
28492,1
28493,1
28494,1
28495,2
28496,1
28497,2
28498,2
28499,0
28500,2
28501,0
28502,2
28503,0
28504,2
28505,0
28506,2
28507,2
28508,2
28509,0
28510,0
28511,2
28512,0
28513,2
28514,2
28515,0
28516,2
28517,2
28518,2
28519,0
28520,0
28521,2
28522,0
28523,1
28524,0
28525,2
28526,0
28527,2
28528,1
28529,1
28530,0
28531,2
28532,1
28533,0
28534,0
28535,0
28536,0
28537,2
28538,1
28539,1
28540,2
28541,0
28542,2
28543,1
28544,1
28545,0
28546,0
28547,2
28548,0
28549,1
28550,1
28551,1
28552,0
28553,0
28554,2
28555,1
28556,2
28557,0
28558,1
28559,0
28560,2
28561,1
28562,1
28563,0
28564,2
28565,2
28566,2
28567,1
28568,2
28569,0
28570,2
28571,1
28572,2
28573,2
28574,2
28575,2
28576,1
28577,0
28578,2
28579,2
28580,0
28581,2
28582,0
28583,2
28584,0
28585,1
28586,0
28587,2
28588,0
28589,2
28590,0
28591,1
28592,2
28593,0
28594,1
28595,0
28596,1
28597,0
28598,0
28599,0
28600,2
28601,0
28602,0
28603,2
28604,0
28605,1
28606,2
28607,2
28608,1
28609,1
28610,2
28611,0
28612,0
28613,2
28614,0
28615,1
28616,2
28617,1
28618,0
28619,1
28620,0
28621,0
28622,0
28623,0
28624,0
28625,1
28626,2
28627,2
28628,0
28629,0
28630,0
28631,2
28632,1
28633,0
28634,1
28635,0
28636,0
28637,1
28638,2
28639,2
28640,0
28641,0
28642,0
28643,0
28644,1
28645,2
28646,0
28647,1
28648,1
28649,2
28650,1
28651,2
28652,2
28653,2
28654,0
28655,0
28656,0
28657,2
28658,1
28659,0
28660,1
28661,2
28662,2
28663,2
28664,1
28665,2
28666,0
28667,0
28668,2
28669,0
28670,0
28671,1
28672,2
28673,0
28674,2
28675,1
28676,2
28677,2
28678,1
28679,0
28680,0
28681,2
28682,2
28683,2
28684,1
28685,1
28686,2
28687,1
28688,0
28689,1
28690,2
28691,0
28692,1
28693,2
28694,2
28695,2
28696,2
28697,1
28698,0
28699,0
28700,2
28701,0
28702,0
28703,0
28704,2
28705,2
28706,0
28707,2
28708,1
28709,2
28710,0
28711,0
28712,1
28713,2
28714,0
28715,2
28716,2
28717,0
28718,2
28719,2
28720,2
28721,2
28722,0
28723,1
28724,0
28725,0
28726,2
28727,2
28728,2
28729,2
28730,2
28731,2
28732,1
28733,0
28734,0
28735,0
28736,1
28737,2
28738,0
28739,0
28740,1
28741,1
28742,0
28743,2
28744,0
28745,2
28746,2
28747,2
28748,1
28749,1
28750,2
28751,1
28752,2
28753,1
28754,1
28755,0
28756,0
28757,2
28758,2
28759,0
28760,2
28761,2
28762,1
28763,0
28764,0
28765,0
28766,2
28767,1
28768,0
28769,2
28770,2
28771,2
28772,0
28773,2
28774,1
28775,2
28776,2
28777,2
28778,2
28779,0
28780,2
28781,0
28782,0
28783,2
28784,1
28785,0
28786,0
28787,1
28788,2
28789,2
28790,2
28791,2
28792,2
28793,2
28794,1
28795,0
28796,1
28797,2
28798,2
28799,0
28800,1
28801,2
28802,2
28803,1
28804,2
28805,0
28806,1
28807,2
28808,1
28809,0
28810,2
28811,0
28812,2
28813,0
28814,2
28815,2
28816,0
28817,1
28818,2
28819,2
28820,0
28821,0
28822,0
28823,2
28824,1
28825,1
28826,0
28827,2
28828,0
28829,1
28830,2
28831,1
28832,1
28833,2
28834,0
28835,0
28836,0
28837,2
28838,2
28839,1
28840,1
28841,2
28842,0
28843,2
28844,0
28845,0
28846,0
28847,0
28848,2
28849,2
28850,0
28851,0
28852,2
28853,1
28854,1
28855,2
28856,2
28857,2
28858,0
28859,2
28860,0
28861,0
28862,0
28863,0
28864,0
28865,0
28866,1
28867,0
28868,2
28869,0
28870,1
28871,0
28872,0
28873,2
28874,0
28875,1
28876,2
28877,0
28878,0
28879,0
28880,2
28881,2
28882,0
28883,2
28884,0
28885,0
28886,2
28887,1
28888,2
28889,1
28890,1
28891,1
28892,1
28893,2
28894,2
28895,1
28896,1
28897,2
28898,1
28899,1
28900,1
28901,2
28902,2
28903,0
28904,1
28905,0
28906,2
28907,2
28908,1
28909,0
28910,0
28911,2
28912,1
28913,0
28914,1
28915,1
28916,1
28917,0
28918,1
28919,1
28920,0
28921,2
28922,1
28923,1
28924,2
28925,2
28926,0
28927,0
28928,1
28929,0
28930,2
28931,0
28932,2
28933,2
28934,0
28935,1
28936,1
28937,1
28938,1
28939,0
28940,2
28941,0
28942,1
28943,2
28944,0
28945,1
28946,2
28947,2
28948,1
28949,0
28950,2
28951,2
28952,2
28953,0
28954,2
28955,1
28956,2
28957,1
28958,2
28959,1
28960,1
28961,2
28962,1
28963,2
28964,0
28965,0
28966,0
28967,0
28968,2
28969,2
28970,2
28971,1
28972,0
28973,2
28974,2
28975,0
28976,2
28977,2
28978,2
28979,0
28980,1
28981,2
28982,0
28983,0
28984,0
28985,0
28986,2
28987,0
28988,2
28989,0
28990,2
28991,2
28992,2
28993,0
28994,2
28995,2
28996,1
28997,2
28998,0
28999,0
29000,2
29001,1
29002,2
29003,1
29004,0
29005,0
29006,1
29007,0
29008,0
29009,0
29010,2
29011,2
29012,0
29013,0
29014,0
29015,1
29016,0
29017,0
29018,1
29019,2
29020,2
29021,2
29022,0
29023,0
29024,0
29025,0
29026,2
29027,0
29028,2
29029,0
29030,2
29031,0
29032,0
29033,0
29034,1
29035,1
29036,0
29037,2
29038,1
29039,2
29040,2
29041,2
29042,0
29043,0
29044,2
29045,0
29046,0
29047,2
29048,1
29049,1
29050,1
29051,2
29052,0
29053,0
29054,1
29055,1
29056,2
29057,0
29058,2
29059,0
29060,0
29061,1
29062,2
29063,0
29064,1
29065,0
29066,0
29067,2
29068,0
29069,2
29070,0
29071,2
29072,0
29073,1
29074,2
29075,0
29076,0
29077,1
29078,1
29079,2
29080,0
29081,0
29082,0
29083,0
29084,2
29085,2
29086,2
29087,0
29088,1
29089,0
29090,2
29091,2
29092,0
29093,0
29094,0
29095,1
29096,0
29097,0
29098,0
29099,2
29100,2
29101,1
29102,1
29103,1
29104,1
29105,1
29106,0
29107,2
29108,0
29109,1
29110,2
29111,1
29112,0
29113,2
29114,2
29115,0
29116,0
29117,2
29118,0
29119,1
29120,2
29121,0
29122,0
29123,0
29124,2
29125,2
29126,0
29127,2
29128,1
29129,2
29130,0
29131,2
29132,2
29133,0
29134,2
29135,2
29136,2
29137,1
29138,2
29139,0
29140,0
29141,2
29142,0
29143,0
29144,2
29145,2
29146,1
29147,0
29148,1
29149,0
29150,1
29151,2
29152,1
29153,0
29154,0
29155,2
29156,2
29157,0
29158,0
29159,1
29160,0
29161,2
29162,0
29163,0
29164,0
29165,1
29166,2
29167,2
29168,2
29169,0
29170,0
29171,2
29172,1
29173,0
29174,2
29175,1
29176,1
29177,0
29178,0
29179,0
29180,2
29181,2
29182,2
29183,2
29184,0
29185,0
29186,0
29187,2
29188,0
29189,0
29190,2
29191,0
29192,2
29193,2
29194,2
29195,0
29196,0
29197,1
29198,1
29199,0
29200,1
29201,2
29202,0
29203,1
29204,2
29205,0
29206,2
29207,2
29208,2
29209,0
29210,0
29211,1
29212,2
29213,2
29214,0
29215,0
29216,0
29217,0
29218,2
29219,0
29220,2
29221,0
29222,2
29223,2
29224,0
29225,1
29226,2
29227,2
29228,0
29229,0
29230,1
29231,1
29232,2
29233,0
29234,2
29235,2
29236,1
29237,0
29238,0
29239,1
29240,0
29241,1
29242,2
29243,0
29244,2
29245,1
29246,2
29247,0
29248,0
29249,2
29250,0
29251,0
29252,1
29253,0
29254,0
29255,2
29256,1
29257,0
29258,2
29259,2
29260,2
29261,2
29262,0
29263,1
29264,0
29265,0
29266,1
29267,2
29268,0
29269,2
29270,0
29271,0
29272,1
29273,2
29274,0
29275,0
29276,2
29277,1
29278,1
29279,0
29280,2
29281,2
29282,1
29283,0
29284,2
29285,1
29286,0
29287,0
29288,2
29289,2
29290,2
29291,0
29292,1
29293,0
29294,0
29295,1
29296,0
29297,0
29298,2
29299,2
29300,0
29301,2
29302,1
29303,0
29304,0
29305,0
29306,0
29307,2
29308,0
29309,2
29310,0
29311,0
29312,2
29313,1
29314,1
29315,2
29316,0
29317,0
29318,0
29319,1
29320,0
29321,2
29322,2
29323,1
29324,0
29325,2
29326,1
29327,0
29328,1
29329,0
29330,0
29331,1
29332,2
29333,1
29334,2
29335,2
29336,0
29337,2
29338,2
29339,2
29340,0
29341,2
29342,1
29343,2
29344,2
29345,2
29346,0
29347,1
29348,2
29349,0
29350,1
29351,0
29352,0
29353,0
29354,0
29355,0
29356,0
29357,2
29358,2
29359,2
29360,2
29361,2
29362,2
29363,1
29364,0
29365,2
29366,2
29367,2
29368,2
29369,2
29370,0
29371,1
29372,1
29373,0
29374,2
29375,2
29376,0
29377,0
29378,1
29379,2
29380,2
29381,2
29382,0
29383,0
29384,2
29385,0
29386,0
29387,0
29388,2
29389,2
29390,1
29391,1
29392,2
29393,0
29394,2
29395,2
29396,2
29397,2
29398,1
29399,0
29400,2
29401,0
29402,0
29403,1
29404,2
29405,2
29406,0
29407,1
29408,0
29409,2
29410,0
29411,0
29412,1
29413,0
29414,1
29415,0
29416,0
29417,2
29418,1
29419,1
29420,2
29421,0
29422,1
29423,0
29424,1
29425,2
29426,2
29427,1
29428,0
29429,0
29430,0
29431,2
29432,1
29433,2
29434,2
29435,0
29436,2
29437,2
29438,2
29439,0
29440,1
29441,2
29442,2
29443,2
29444,2
29445,1
29446,0
29447,1
29448,2
29449,2
29450,0
29451,2
29452,2
29453,1
29454,1
29455,1
29456,0
29457,0
29458,2
29459,2
29460,1
29461,0
29462,0
29463,2
29464,1
29465,1
29466,0
29467,0
29468,2
29469,2
29470,0
29471,1
29472,2
29473,2
29474,1
29475,1
29476,2
29477,0
29478,2
29479,2
29480,2
29481,2
29482,0
29483,0
29484,1
29485,1
29486,1
29487,0
29488,0
29489,0
29490,0
29491,0
29492,1
29493,2
29494,2
29495,2
29496,0
29497,2
29498,1
29499,0
29500,0
29501,2
29502,0
29503,2
29504,0
29505,1
29506,1
29507,2
29508,0
29509,2
29510,1
29511,2
29512,2
29513,2
29514,0
29515,2
29516,0
29517,0
29518,1
29519,2
29520,1
29521,0
29522,2
29523,0
29524,2
29525,0
29526,0
29527,2
29528,2
29529,1
29530,1
29531,0
29532,1
29533,2
29534,0
29535,1
29536,0
29537,0
29538,0
29539,2
29540,0
29541,1
29542,2
29543,2
29544,0
29545,2
29546,2
29547,1
29548,0
29549,1
29550,0
29551,0
29552,2
29553,2
29554,0
29555,0
29556,0
29557,2
29558,1
29559,2
29560,0
29561,2
29562,1
29563,1
29564,2
29565,2
29566,0
29567,0
29568,0
29569,1
29570,0
29571,1
29572,2
29573,1
29574,2
29575,0
29576,2
29577,2
29578,2
29579,2
29580,1
29581,0
29582,0
29583,2
29584,1
29585,2
29586,2
29587,2
29588,2
29589,2
29590,0
29591,1
29592,2
29593,1
29594,2
29595,2
29596,1
29597,0
29598,1
29599,1
29600,2
29601,1
29602,1
29603,2
29604,2
29605,1
29606,1
29607,2
29608,0
29609,2
29610,2
29611,0
29612,1
29613,2
29614,1
29615,0
29616,0
29617,0
29618,0
29619,0
29620,1
29621,0
29622,2
29623,1
29624,1
29625,0
29626,0
29627,2
29628,1
29629,1
29630,0
29631,2
29632,2
29633,2
29634,1
29635,1
29636,1
29637,1
29638,2
29639,0
29640,0
29641,0
29642,2
29643,0
29644,2
29645,1
29646,2
29647,0
29648,2
29649,0
29650,1
29651,0
29652,0
29653,2
29654,1
29655,0
29656,0
29657,0
29658,0
29659,2
29660,0
29661,1
29662,2
29663,1
29664,1
29665,2
29666,0
29667,1
29668,1
29669,0
29670,2
29671,0
29672,0
29673,2
29674,0
29675,1
29676,2
29677,2
29678,2
29679,1
29680,2
29681,1
29682,2
29683,0
29684,2
29685,2
29686,0
29687,0
29688,1
29689,0
29690,2
29691,1
29692,2
29693,0
29694,1
29695,0
29696,2
29697,0
29698,1
29699,2
29700,1
29701,0
29702,0
29703,0
29704,1
29705,1
29706,2
29707,2
29708,2
29709,2
29710,2
29711,2
29712,2
29713,2
29714,2
29715,1
29716,1
29717,2
29718,2
29719,1
29720,0
29721,0
29722,0
29723,2
29724,2
29725,0
29726,0
29727,1
29728,0
29729,2
29730,1
29731,2
29732,2
29733,2
29734,2
29735,0
29736,0
29737,0
29738,2
29739,2
29740,1
29741,1
29742,0
29743,1
29744,2
29745,0
29746,2
29747,0
29748,2
29749,1
29750,0
29751,0
29752,0
29753,0
29754,0
29755,1
29756,0
29757,1
29758,0
29759,2
29760,0
29761,0
29762,1
29763,0
29764,1
29765,2
29766,0
29767,0
29768,0
29769,2
29770,1
29771,0
29772,2
29773,1
29774,2
29775,1
29776,0
29777,1
29778,0
29779,0
29780,2
29781,2
29782,1
29783,0
29784,1
29785,1
29786,1
29787,1
29788,2
29789,1
29790,1
29791,0
29792,0
29793,0
29794,2
29795,1
29796,0
29797,2
29798,0
29799,1
29800,2
29801,0
29802,2
29803,0
29804,1
29805,2
29806,1
29807,2
29808,2
29809,1
29810,1
29811,0
29812,1
29813,2
29814,2
29815,2
29816,0
29817,1
29818,2
29819,1
29820,1
29821,0
29822,0
29823,2
29824,0
29825,2
29826,0
29827,2
29828,0
29829,2
29830,0
29831,0
29832,1
29833,0
29834,1
29835,1
29836,0
29837,2
29838,0
29839,2
29840,1
29841,0
29842,2
29843,0
29844,0
29845,0
29846,1
29847,1
29848,0
29849,0
29850,1
29851,2
29852,2
29853,1
29854,0
29855,0
29856,2
29857,0
29858,2
29859,2
29860,0
29861,0
29862,2
29863,0
29864,1
29865,2
29866,0
29867,0
29868,2
29869,2
29870,0
29871,0
29872,1
29873,2
29874,2
29875,2
29876,0
29877,1
29878,0
29879,0
29880,0
29881,2
29882,1
29883,2
29884,2
29885,2
29886,2
29887,2
29888,0
29889,0
29890,0
29891,0
29892,0
29893,0
29894,0
29895,0
29896,2
29897,1
29898,2
29899,1
29900,0
29901,1
29902,2
29903,1
29904,2
29905,2
29906,1
29907,2
29908,1
29909,0
29910,1
29911,2
29912,0
29913,2
29914,0
29915,1
29916,2
29917,2
29918,0
29919,1
29920,2
29921,0
29922,1
29923,1
29924,0
29925,0
29926,2
29927,1
29928,0
29929,0
29930,2
29931,1
29932,0
29933,0
29934,2
29935,1
29936,2
29937,1
29938,1
29939,1
29940,0
29941,0
29942,0
29943,2
29944,1
29945,1
29946,1
29947,2
29948,0
29949,2
29950,2
29951,2
29952,0
29953,2
29954,0
29955,0
29956,0
29957,2
29958,0
29959,0
29960,0
29961,0
29962,0
29963,2
29964,0
29965,2
29966,2
29967,2
29968,2
29969,0
29970,0
29971,2
29972,2
29973,1
29974,2
29975,0
29976,1
29977,0
29978,1
29979,0
29980,1
29981,0
29982,0
29983,2
29984,1
29985,1
29986,2
29987,0
29988,2
29989,1
29990,1
29991,1
29992,2
29993,2
29994,1
29995,2
29996,0
29997,1
29998,1
29999,0
30000,0
30001,2
30002,1
30003,0
30004,2
30005,1
30006,2
30007,1
30008,2
30009,1
30010,1
30011,1
30012,2
30013,0
30014,0
30015,2
30016,2
30017,0
30018,0
30019,0
30020,1
30021,0
30022,1
30023,1
30024,2
30025,1
30026,0
30027,2
30028,2
30029,0
30030,0
30031,1
30032,1
30033,1
30034,2
30035,2
30036,1
30037,2
30038,2
30039,2
30040,0
30041,2
30042,2
30043,1
30044,1
30045,2
30046,2
30047,0
30048,0
30049,1
30050,2
30051,1
30052,2
30053,0
30054,1
30055,0
30056,2
30057,1
30058,2
30059,1
30060,0
30061,0
30062,1
30063,1
30064,0
30065,2
30066,2
30067,0
30068,2
30069,0
30070,1
30071,0
30072,2
30073,1
30074,0
30075,0
30076,0
30077,2
30078,0
30079,0
30080,1
30081,0
30082,0
30083,2
30084,0
30085,1
30086,0
30087,2
30088,0
30089,2
30090,1
30091,2
30092,2
30093,0
30094,2
30095,0
30096,0
30097,1
30098,2
30099,1
30100,1
30101,2
30102,1
30103,0
30104,2
30105,0
30106,2
30107,0
30108,2
30109,2
30110,2
30111,2
30112,2
30113,0
30114,1
30115,0
30116,1
30117,2
30118,1
30119,0
30120,2
30121,2
30122,1
30123,0
30124,2
30125,2
30126,0
30127,2
30128,0
30129,0
30130,2
30131,0
30132,0
30133,2
30134,0
30135,2
30136,1
30137,2
30138,0
30139,1
30140,0
30141,1
30142,1
30143,2
30144,0
30145,2
30146,2
30147,1
30148,2
30149,1
30150,0
30151,0
30152,0
30153,1
30154,2
30155,2
30156,0
30157,2
30158,0
30159,1
30160,2
30161,2
30162,2
30163,2
30164,2
30165,2
30166,2
30167,2
30168,1
30169,2
30170,0
30171,2
30172,0
30173,1
30174,1
30175,0
30176,1
30177,2
30178,2
30179,2
30180,0
30181,0
30182,1
30183,1
30184,0
30185,1
30186,1
30187,1
30188,1
30189,2
30190,2
30191,0
30192,0
30193,0
30194,0
30195,0
30196,2
30197,0
30198,0
30199,2
30200,1
30201,0
30202,2
30203,1
30204,1
30205,0
30206,0
30207,1
30208,1
30209,2
30210,2
30211,0
30212,1
30213,0
30214,0
30215,2
30216,1
30217,2
30218,0
30219,0
30220,2
30221,2
30222,0
30223,0
30224,1
30225,2
30226,0
30227,1
30228,1
30229,1
30230,2
30231,0
30232,0
30233,1
30234,2
30235,1
30236,2
30237,0
30238,0
30239,0
30240,0
30241,0
30242,0
30243,0
30244,2
30245,0
30246,1
30247,0
30248,2
30249,1
30250,2
30251,0
30252,1
30253,2
30254,2
30255,2
30256,0
30257,0
30258,0
30259,0
30260,1
30261,1
30262,2
30263,0
30264,2
30265,0
30266,0
30267,0
30268,1
30269,2
30270,0
30271,1
30272,0
30273,2
30274,1
30275,1
30276,2
30277,2
30278,2
30279,1
30280,2
30281,0
30282,0
30283,0
30284,0
30285,2
30286,2
30287,0
30288,2
30289,1
30290,0
30291,0
30292,1
30293,0
30294,2
30295,1
30296,2
30297,0
30298,2
30299,1
30300,0
30301,1
30302,0
30303,0
30304,1
30305,1
30306,1
30307,2
30308,2
30309,0
30310,2
30311,2
30312,2
30313,2
30314,2
30315,0
30316,1
30317,1
30318,1
30319,0
30320,2
30321,2
30322,2
30323,0
30324,0
30325,0
30326,0
30327,1
30328,0
30329,2
30330,0
30331,0
30332,1
30333,1
30334,2
30335,2
30336,2
30337,1
30338,2
30339,0
30340,0
30341,0
30342,0
30343,1
30344,2
30345,0
30346,0
30347,0
30348,2
30349,0
30350,2
30351,0
30352,2
30353,2
30354,0
30355,1
30356,2
30357,0
30358,1
30359,2
30360,2
30361,0
30362,2
30363,2
30364,1
30365,0
30366,0
30367,1
30368,2
30369,2
30370,1
30371,1
30372,2
30373,0
30374,1
30375,1
30376,2
30377,2
30378,0
30379,1
30380,2
30381,0
30382,0
30383,2
30384,0
30385,2
30386,2
30387,0
30388,2
30389,2
30390,0
30391,1
30392,0
30393,2
30394,0
30395,2
30396,0
30397,0
30398,2
30399,2
30400,1
30401,2
30402,2
30403,0
30404,1
30405,2
30406,2
30407,0
30408,0
30409,1
30410,0
30411,0
30412,0
30413,1
30414,2
30415,2
30416,0
30417,1
30418,2
30419,2
30420,0
30421,2
30422,2
30423,2
30424,0
30425,1
30426,1
30427,2
30428,0
30429,2
30430,0
30431,2
30432,2
30433,2
30434,1
30435,0
30436,0
30437,0
30438,0
30439,2
30440,1
30441,2
30442,1
30443,0
30444,0
30445,0
30446,1
30447,1
30448,1
30449,2
30450,2
30451,1
30452,1
30453,0
30454,2
30455,1
30456,1
30457,2
30458,2
30459,0
30460,1
30461,1
30462,2
30463,0
30464,2
30465,2
30466,0
30467,0
30468,2
30469,0
30470,2
30471,1
30472,2
30473,2
30474,1
30475,1
30476,0
30477,2
30478,0
30479,2
30480,1
30481,1
30482,1
30483,1
30484,2
30485,2
30486,1
30487,2
30488,0
30489,0
30490,1
30491,1
30492,1
30493,1
30494,1
30495,2
30496,2
30497,0
30498,1
30499,0
30500,2
30501,0
30502,2
30503,0
30504,0
30505,2
30506,0
30507,2
30508,1
30509,2
30510,0
30511,0
30512,0
30513,2
30514,2
30515,1
30516,0
30517,2
30518,2
30519,2
30520,1
30521,2
30522,2
30523,0
30524,2
30525,1
30526,0
30527,0
30528,0
30529,1
30530,0
30531,1
30532,1
30533,2
30534,1
30535,1
30536,0
30537,0
30538,1
30539,0
30540,2
30541,1
30542,1
30543,0
30544,0
30545,1
30546,2
30547,1
30548,2
30549,1
30550,0
30551,1
30552,1
30553,0
30554,2
30555,1
30556,1
30557,0
30558,0
30559,0
30560,1
30561,1
30562,0
30563,2
30564,2
30565,0
30566,1
30567,0
30568,0
30569,1
30570,0
30571,0
30572,0
30573,2
30574,2
30575,0
30576,0
30577,2
30578,1
30579,2
30580,0
30581,2
30582,2
30583,0
30584,2
30585,2
30586,2
30587,0
30588,0
30589,0
30590,2
30591,1
30592,1
30593,2
30594,0
30595,0
30596,1
30597,0
30598,2
30599,1
30600,1
30601,2
30602,2
30603,0
30604,1
30605,0
30606,0
30607,1
30608,1
30609,0
30610,0
30611,2
30612,1
30613,2
30614,0
30615,2
30616,2
30617,1
30618,2
30619,2
30620,2
30621,0
30622,0
30623,0
30624,2
30625,0
30626,2
30627,1
30628,0
30629,0
30630,0
30631,2
30632,1
30633,0
30634,0
30635,0
30636,2
30637,2
30638,2
30639,0
30640,1
30641,0
30642,0
30643,0
30644,0
30645,1
30646,0
30647,0
30648,2
30649,1
30650,2
30651,2
30652,2
30653,0
30654,2
30655,2
30656,2
30657,1
30658,0
30659,1
30660,1
30661,0
30662,2
30663,1
30664,2
30665,1
30666,0
30667,0
30668,0
30669,2
30670,2
30671,2
30672,0
30673,2
30674,2
30675,0
30676,1
30677,2
30678,1
30679,1
30680,2
30681,2
30682,0
30683,0
30684,0
30685,0
30686,1
30687,1
30688,2
30689,2
30690,2
30691,2
30692,0
30693,2
30694,0
30695,1
30696,1
30697,0
30698,2
30699,0
30700,1
30701,2
30702,2
30703,0
30704,2
30705,0
30706,1
30707,0
30708,0
30709,0
30710,2
30711,0
30712,1
30713,0
30714,0
30715,1
30716,2
30717,0
30718,0
30719,1
30720,2
30721,1
30722,0
30723,0
30724,0
30725,2
30726,0
30727,0
30728,2
30729,0
30730,0
30731,2
30732,0
30733,2
30734,0
30735,0
30736,0
30737,1
30738,2
30739,0
30740,0
30741,0
30742,2
30743,0
30744,1
30745,2
30746,2
30747,1
30748,0
30749,1
30750,1
30751,1
30752,0
30753,0
30754,1
30755,2
30756,1
30757,2
30758,1
30759,2
30760,2
30761,1
30762,0
30763,2
30764,0
30765,0
30766,2
30767,0
30768,2
30769,0
30770,0
30771,0
30772,0
30773,2
30774,0
30775,2
30776,2
30777,2
30778,0
30779,2
30780,1
30781,0
30782,0
30783,1
30784,2
30785,0
30786,1
30787,1
30788,0
30789,0
30790,2
30791,2
30792,1
30793,2
30794,1
30795,2
30796,1
30797,2
30798,0
30799,2
30800,1
30801,2
30802,1
30803,1
30804,2
30805,0
30806,1
30807,2
30808,0
30809,2
30810,2
30811,1
30812,1
30813,0
30814,2
30815,0
30816,0
30817,0
30818,1
30819,2
30820,1
30821,2
30822,1
30823,0
30824,2
30825,2
30826,0
30827,0
30828,0
30829,2
30830,1
30831,0
30832,0
30833,1
30834,0
30835,0
30836,2
30837,0
30838,0
30839,0
30840,2
30841,0
30842,0
30843,2
30844,1
30845,1
30846,0
30847,0
30848,2
30849,0
30850,2
30851,0
30852,0
30853,0
30854,2
30855,1
30856,1
30857,1
30858,0
30859,2
30860,0
30861,0
30862,2
30863,1
30864,2
30865,1
30866,1
30867,2
30868,2
30869,2
30870,1
30871,2
30872,0
30873,2
30874,2
30875,0
30876,1
30877,0
30878,0
30879,0
30880,0
30881,1
30882,2
30883,0
30884,0
30885,1
30886,2
30887,0
30888,0
30889,2
30890,1
30891,0
30892,0
30893,0
30894,0
30895,2
30896,1
30897,0
30898,2
30899,1
30900,1
30901,0
30902,1
30903,1
30904,1
30905,1
30906,0
30907,0
30908,2
30909,2
30910,2
30911,0
30912,2
30913,2
30914,2
30915,2
30916,2
30917,0
30918,2
30919,2
30920,1
30921,2
30922,1
30923,2
30924,0
30925,1
30926,2
30927,0
30928,1
30929,2
30930,1
30931,2
30932,0
30933,0
30934,1
30935,0
30936,0
30937,2
30938,2
30939,2
30940,0
30941,2
30942,2
30943,2
30944,2
30945,0
30946,0
30947,0
30948,0
30949,0
30950,1
30951,2
30952,0
30953,2
30954,0
30955,0
30956,2
30957,2
30958,1
30959,2
30960,2
30961,0
30962,2
30963,0
30964,0
30965,1
30966,2
30967,0
30968,2
30969,1
30970,0
30971,0
30972,2
30973,2
30974,1
30975,2
30976,1
30977,0
30978,1
30979,1
30980,2
30981,0
30982,0
30983,2
30984,1
30985,2
30986,0
30987,2
30988,1
30989,0
30990,2
30991,2
30992,2
30993,2
30994,2
30995,2
30996,1
30997,2
30998,2
30999,2
31000,0
31001,2
31002,0
31003,0
31004,1
31005,0
31006,2
31007,1
31008,2
31009,0
31010,2
31011,0
31012,1
31013,0
31014,2
31015,2
31016,0
31017,2
31018,1
31019,2
31020,0
31021,2
31022,2
31023,2
31024,2
31025,2
31026,0
31027,0
31028,2
31029,0
31030,2
31031,0
31032,0
31033,2
31034,1
31035,1
31036,0
31037,2
31038,1
31039,2
31040,2
31041,0
31042,2
31043,0
31044,2
31045,1
31046,0
31047,1
31048,0
31049,2
31050,1
31051,2
31052,2
31053,2
31054,0
31055,0
31056,0
31057,1
31058,0
31059,2
31060,1
31061,2
31062,1
31063,0
31064,2
31065,1
31066,1
31067,2
31068,2
31069,2
31070,0
31071,0
31072,2
31073,0
31074,0
31075,0
31076,0
31077,0
31078,2
31079,2
31080,0
31081,2
31082,2
31083,2
31084,1
31085,2
31086,2
31087,1
31088,1
31089,2
31090,1
31091,0
31092,1
31093,0
31094,0
31095,1
31096,2
31097,1
31098,2
31099,2
31100,0
31101,0
31102,0
31103,0
31104,2
31105,0
31106,0
31107,2
31108,0
31109,2
31110,1
31111,1
31112,1
31113,2
31114,2
31115,1
31116,0
31117,0
31118,1
31119,2
31120,1
31121,0
31122,0
31123,1
31124,1
31125,0
31126,0
31127,2
31128,2
31129,0
31130,0
31131,2
31132,1
31133,0
31134,1
31135,2
31136,0
31137,0
31138,0
31139,1
31140,0
31141,1
31142,0
31143,2
31144,2
31145,2
31146,1
31147,1
31148,1
31149,1
31150,1
31151,2
31152,1
31153,2
31154,1
31155,1
31156,0
31157,0
31158,0
31159,2
31160,2
31161,2
31162,2
31163,1
31164,1
31165,1
31166,2
31167,0
31168,0
31169,2
31170,0
31171,2
31172,2
31173,1
31174,2
31175,2
31176,2
31177,0
31178,2
31179,2
31180,0
31181,2
31182,1
31183,2
31184,1
31185,1
31186,2
31187,0
31188,0
31189,0
31190,0
31191,0
31192,0
31193,1
31194,1
31195,1
31196,0
31197,2
31198,1
31199,1
31200,0
31201,2
31202,0
31203,1
31204,0
31205,1
31206,2
31207,0
31208,2
31209,2
31210,0
31211,1
31212,1
31213,0
31214,2
31215,2
31216,0
31217,1
31218,1
31219,2
31220,2
31221,0
31222,0
31223,0
31224,2
31225,2
31226,0
31227,0
31228,1
31229,0
31230,0
31231,2
31232,2
31233,2
31234,0
31235,2
31236,0
31237,2
31238,0
31239,2
31240,0
31241,2
31242,2
31243,1
31244,0
31245,1
31246,1
31247,2
31248,2
31249,2
31250,1
31251,0
31252,2
31253,0
31254,0
31255,0
31256,2
31257,0
31258,2
31259,0
31260,0
31261,1
31262,2
31263,1
31264,0
31265,0
31266,2
31267,1
31268,0
31269,2
31270,1
31271,2
31272,2
31273,2
31274,2
31275,0
31276,2
31277,0
31278,1
31279,0
31280,2
31281,0
31282,2
31283,0
31284,0
31285,1
31286,0
31287,2
31288,1
31289,2
31290,2
31291,2
31292,2
31293,2
31294,0
31295,2
31296,2
31297,0
31298,2
31299,2
31300,0
31301,0
31302,2
31303,0
31304,2
31305,0
31306,2
31307,2
31308,1
31309,0
31310,2
31311,1
31312,2
31313,0
31314,0
31315,2
31316,0
31317,0
31318,0
31319,0
31320,0
31321,1
31322,2
31323,1
31324,1
31325,1
31326,1
31327,1
31328,1
31329,0
31330,0
31331,2
31332,2
31333,2
31334,1
31335,0
31336,1
31337,2
31338,1
31339,2
31340,2
31341,2
31342,2
31343,0
31344,0
31345,2
31346,0
31347,2
31348,2
31349,2
31350,1
31351,2
31352,0
31353,2
31354,1
31355,2
31356,1
31357,2
31358,0
31359,0
31360,2
31361,1
31362,1
31363,0
31364,0
31365,1
31366,0
31367,0
31368,2
31369,0
31370,1
31371,2
31372,1
31373,2
31374,2
31375,2
31376,0
31377,0
31378,1
31379,2
31380,2
31381,0
31382,2
31383,1
31384,0
31385,0
31386,0
31387,2
31388,0
31389,0
31390,2
31391,1
31392,0
31393,2
31394,0
31395,1
31396,2
31397,0
31398,0
31399,1
31400,1
31401,0
31402,1
31403,2
31404,2
31405,0
31406,1
31407,1
31408,1
31409,2
31410,1
31411,0
31412,2
31413,0
31414,0
31415,0
31416,2
31417,2
31418,2
31419,2
31420,0
31421,0
31422,0
31423,2
31424,2
31425,2
31426,2
31427,2
31428,2
31429,0
31430,1
31431,0
31432,1
31433,2
31434,0
31435,1
31436,2
31437,2
31438,1
31439,2
31440,1
31441,2
31442,2
31443,2
31444,0
31445,0
31446,2
31447,0
31448,2
31449,1
31450,2
31451,0
31452,2
31453,0
31454,0
31455,2
31456,0
31457,0
31458,1
31459,0
31460,1
31461,0
31462,1
31463,2
31464,2
31465,2
31466,0
31467,1
31468,0
31469,0
31470,1
31471,1
31472,0
31473,2
31474,0
31475,0
31476,1
31477,2
31478,2
31479,1
31480,2
31481,0
31482,2
31483,2
31484,0
31485,2
31486,1
31487,0
31488,1
31489,0
31490,0
31491,1
31492,0
31493,0
31494,1
31495,2
31496,0
31497,1
31498,2
31499,0
31500,2
31501,0
31502,1
31503,2
31504,0
31505,2
31506,0
31507,0
31508,0
31509,2
31510,0
31511,2
31512,1
31513,1
31514,1
31515,2
31516,1
31517,1
31518,2
31519,1
31520,0
31521,0
31522,1
31523,0
31524,2
31525,2
31526,2
31527,2
31528,2
31529,2
31530,0
31531,1
31532,2
31533,2
31534,1
31535,2
31536,1
31537,2
31538,1
31539,1
31540,2
31541,0
31542,2
31543,0
31544,2
31545,2
31546,1
31547,0
31548,0
31549,2
31550,2
31551,1
31552,1
31553,2
31554,2
31555,0
31556,0
31557,0
31558,2
31559,0
31560,1
31561,2
31562,2
31563,0
31564,0
31565,2
31566,2
31567,1
31568,2
31569,2
31570,2
31571,2
31572,0
31573,0
31574,2
31575,1
31576,1
31577,2
31578,2
31579,0
31580,1
31581,2
31582,2
31583,2
31584,0
31585,2
31586,1
31587,2
31588,1
31589,2
31590,0
31591,2
31592,0
31593,0
31594,0
31595,0
31596,0
31597,2
31598,2
31599,1
31600,0
31601,1
31602,1
31603,2
31604,1
31605,0
31606,1
31607,0
31608,0
31609,0
31610,0
31611,1
31612,2
31613,2
31614,0
31615,2
31616,0
31617,2
31618,0
31619,2
31620,1
31621,0
31622,2
31623,0
31624,1
31625,0
31626,1
31627,2
31628,0
31629,0
31630,1
31631,2
31632,2
31633,0
31634,0
31635,1
31636,0
31637,1
31638,0
31639,0
31640,2
31641,1
31642,2
31643,1
31644,2
31645,2
31646,2
31647,1
31648,0
31649,1
31650,0
31651,2
31652,0
31653,0
31654,1
31655,0
31656,1
31657,2
31658,1
31659,1
31660,1
31661,2
31662,2
31663,2
31664,0
31665,2
31666,1
31667,2
31668,0
31669,1
31670,2
31671,2
31672,0
31673,2
31674,2
31675,0
31676,2
31677,2
31678,1
31679,1
31680,1
31681,0
31682,1
31683,2
31684,1
31685,0
31686,2
31687,2
31688,1
31689,2
31690,0
31691,0
31692,1
31693,2
31694,0
31695,2
31696,2
31697,1
31698,1
31699,2
31700,2
31701,2
31702,0
31703,0
31704,1
31705,1
31706,2
31707,2
31708,2
31709,0
31710,1
31711,2
31712,2
31713,1
31714,2
31715,2
31716,0
31717,1
31718,0
31719,2
31720,1
31721,0
31722,1
31723,2
31724,0
31725,2
31726,0
31727,2
31728,1
31729,0
31730,0
31731,1
31732,2
31733,1
31734,1
31735,2
31736,0
31737,0
31738,0
31739,1
31740,0
31741,0
31742,0
31743,1
31744,0
31745,1
31746,0
31747,0
31748,0
31749,1
31750,1
31751,0
31752,2
31753,2
31754,2
31755,0
31756,1
31757,2
31758,1
31759,1
31760,0
31761,0
31762,2
31763,0
31764,0
31765,0
31766,2
31767,0
31768,2
31769,2
31770,0
31771,1
31772,0
31773,0
31774,0
31775,2
31776,0
31777,0
31778,0
31779,1
31780,0
31781,0
31782,1
31783,0
31784,0
31785,0
31786,2
31787,1
31788,1
31789,2
31790,2
31791,0
31792,1
31793,2
31794,2
31795,1
31796,1
31797,2
31798,1
31799,2
31800,2
31801,2
31802,2
31803,0
31804,2
31805,0
31806,0
31807,2
31808,0
31809,2
31810,0
31811,2
31812,1
31813,2
31814,0
31815,1
31816,1
31817,1
31818,2
31819,2
31820,0
31821,1
31822,2
31823,1
31824,1
31825,1
31826,0
31827,1
31828,1
31829,0
31830,1
31831,2
31832,2
31833,2
31834,0
31835,2
31836,1
31837,1
31838,0
31839,0
31840,2
31841,0
31842,2
31843,0
31844,1
31845,2
31846,2
31847,2
31848,2
31849,2
31850,0
31851,0
31852,0
31853,0
31854,2
31855,0
31856,2
31857,1
31858,2
31859,0
31860,0
31861,2
31862,0
31863,2
31864,0
31865,1
31866,0
31867,1
31868,2
31869,2
31870,0
31871,0
31872,0
31873,2
31874,2
31875,0
31876,0
31877,0
31878,0
31879,1
31880,2
31881,2
31882,2
31883,2
31884,0
31885,2
31886,2
31887,2
31888,2
31889,2
31890,2
31891,1
31892,0
31893,2
31894,0
31895,0
31896,1
31897,1
31898,2
31899,0
31900,2
31901,2
31902,2
31903,0
31904,2
31905,1
31906,0
31907,0
31908,1
31909,0
31910,2
31911,0
31912,0
31913,2
31914,0
31915,1
31916,2
31917,0
31918,1
31919,0
31920,1
31921,0
31922,0
31923,2
31924,2
31925,0
31926,2
31927,2
31928,2
31929,0
31930,1
31931,0
31932,2
31933,1
31934,0
31935,2
31936,1
31937,0
31938,1
31939,1
31940,0
31941,0
31942,2
31943,1
31944,2
31945,2
31946,1
31947,2
31948,2
31949,1
31950,2
31951,0
31952,0
31953,1
31954,2
31955,0
31956,2
31957,0
31958,1
31959,2
31960,0
31961,2
31962,2
31963,0
31964,1
31965,2
31966,0
31967,0
31968,0
31969,2
31970,0
31971,2
31972,1
31973,0
31974,0
31975,1
31976,1
31977,2
31978,2
31979,1
31980,2
31981,0
31982,0
31983,0
31984,2
31985,0
31986,0
31987,2
31988,1
31989,2
31990,2
31991,2
31992,0
31993,2
31994,2
31995,1
31996,1
31997,2
31998,0
31999,1
32000,2
32001,2
32002,0
32003,0
32004,1
32005,2
32006,2
32007,0
32008,0
32009,0
32010,2
32011,1
32012,0
32013,2
32014,0
32015,1
32016,2
32017,0
32018,1
32019,0
32020,2
32021,0
32022,1
32023,0
32024,0
32025,2
32026,0
32027,2
32028,2
32029,2
32030,2
32031,0
32032,0
32033,1
32034,0
32035,1
32036,0
32037,0
32038,2
32039,1
32040,2
32041,1
32042,2
32043,1
32044,1
32045,1
32046,2
32047,0
32048,0
32049,0
32050,2
32051,1
32052,2
32053,2
32054,2
32055,2
32056,2
32057,0
32058,2
32059,2
32060,1
32061,0
32062,0
32063,0
32064,0
32065,0
32066,1
32067,1
32068,0
32069,1
32070,2
32071,0
32072,1
32073,0
32074,1
32075,0
32076,2
32077,2
32078,2
32079,0
32080,2
32081,1
32082,2
32083,0
32084,0
32085,1
32086,0
32087,2
32088,2
32089,2
32090,2
32091,0
32092,2
32093,2
32094,0
32095,0
32096,2
32097,1
32098,0
32099,2
32100,1
32101,1
32102,1
32103,1
32104,1
32105,2
32106,1
32107,0
32108,2
32109,0
32110,0
32111,2
32112,0
32113,2
32114,2
32115,1
32116,2
32117,2
32118,2
32119,2
32120,2
32121,2
32122,2
32123,2
32124,2
32125,2
32126,2
32127,2
32128,1
32129,2
32130,1
32131,2
32132,0
32133,2
32134,0
32135,1
32136,0
32137,2
32138,2
32139,1
32140,1
32141,1
32142,1
32143,0
32144,0
32145,0
32146,2
32147,2
32148,2
32149,0
32150,0
32151,0
32152,1
32153,1
32154,0
32155,2
32156,0
32157,1
32158,2
32159,1
32160,2
32161,2
32162,0
32163,2
32164,2
32165,2
32166,1
32167,1
32168,1
32169,1
32170,0
32171,1
32172,2
32173,0
32174,0
32175,2
32176,2
32177,0
32178,1
32179,0
32180,1
32181,2
32182,0
32183,2
32184,2
32185,2
32186,0
32187,0
32188,0
32189,0
32190,2
32191,2
32192,0
32193,2
32194,0
32195,0
32196,0
32197,0
32198,1
32199,1
32200,0
32201,1
32202,1
32203,1
32204,0
32205,0
32206,0
32207,2
32208,0
32209,1
32210,0
32211,2
32212,0
32213,1
32214,2
32215,0
32216,2
32217,0
32218,0
32219,2
32220,2
32221,2
32222,0
32223,0
32224,0
32225,2
32226,2
32227,2
32228,2
32229,0
32230,1
32231,1
32232,1
32233,1
32234,2
32235,2
32236,1
32237,2
32238,0
32239,0
32240,0
32241,2
32242,0
32243,2
32244,1
32245,2
32246,0
32247,0
32248,2
32249,0
32250,2
32251,0
32252,1
32253,0
32254,1
32255,0
32256,0
32257,1
32258,2
32259,0
32260,2
32261,1
32262,2
32263,2
32264,1
32265,2
32266,0
32267,0
32268,0
32269,0
32270,2
32271,1
32272,1
32273,0
32274,2
32275,2
32276,0
32277,2
32278,0
32279,2
32280,2
32281,1
32282,0
32283,2
32284,0
32285,2
32286,2
32287,1
32288,1
32289,0
32290,0
32291,2
32292,2
32293,2
32294,2
32295,2
32296,0
32297,0
32298,2
32299,0
32300,2
32301,0
32302,1
32303,0
32304,0
32305,0
32306,2
32307,0
32308,1
32309,1
32310,2
32311,2
32312,1
32313,0
32314,0
32315,2
32316,2
32317,1
32318,0
32319,2
32320,2
32321,2
32322,1
32323,0
32324,2
32325,0
32326,1
32327,0
32328,2
32329,0
32330,0
32331,1
32332,0
32333,0
32334,0
32335,2
32336,1
32337,2
32338,0
32339,2
32340,0
32341,1
32342,1
32343,2
32344,0
32345,1
32346,0
32347,1
32348,2
32349,1
32350,2
32351,2
32352,0
32353,0
32354,2
32355,0
32356,0
32357,2
32358,0
32359,1
32360,0
32361,1
32362,1
32363,0
32364,1
32365,2
32366,2
32367,1
32368,2
32369,1
32370,0
32371,1
32372,0
32373,2
32374,0
32375,0
32376,1
32377,0
32378,2
32379,2
32380,1
32381,0
32382,2
32383,0
32384,0
32385,0
32386,2
32387,2
32388,2
32389,1
32390,1
32391,1
32392,1
32393,2
32394,2
32395,0
32396,0
32397,0
32398,2
32399,2
32400,2
32401,1
32402,2
32403,0
32404,0
32405,1
32406,0
32407,0
32408,2
32409,0
32410,2
32411,2
32412,0
32413,0
32414,2
32415,2
32416,2
32417,2
32418,0
32419,1
32420,0
32421,0
32422,1
32423,2
32424,2
32425,0
32426,0
32427,0
32428,2
32429,0
32430,0
32431,2
32432,0
32433,1
32434,0
32435,1
32436,0
32437,2
32438,1
32439,0
32440,2
32441,2
32442,0
32443,2
32444,0
32445,0
32446,1
32447,0
32448,2
32449,0
32450,0
32451,1
32452,1
32453,0
32454,1
32455,0
32456,0
32457,0
32458,2
32459,1
32460,2
32461,2
32462,2
32463,1
32464,2
32465,0
32466,1
32467,2
32468,2
32469,2
32470,1
32471,0
32472,0
32473,2
32474,2
32475,0
32476,2
32477,2
32478,1
32479,0
32480,1
32481,1
32482,1
32483,0
32484,1
32485,2
32486,0
32487,2
32488,0
32489,1
32490,0
32491,0
32492,2
32493,1
32494,0
32495,0
32496,2
32497,1
32498,2
32499,2
32500,1
32501,2
32502,0
32503,0
32504,0
32505,2
32506,0
32507,0
32508,0
32509,2
32510,1
32511,0
32512,0
32513,2
32514,1
32515,0
32516,1
32517,1
32518,0
32519,2
32520,0
32521,2
32522,0
32523,1
32524,2
32525,0
32526,2
32527,1
32528,1
32529,0
32530,2
32531,2
32532,0
32533,0
32534,2
32535,2
32536,0
32537,2
32538,1
32539,1
32540,0
32541,2
32542,1
32543,1
32544,0
32545,0
32546,1
32547,2
32548,1
32549,0
32550,0
32551,0
32552,1
32553,0
32554,1
32555,2
32556,1
32557,2
32558,2
32559,2
32560,1
32561,1
32562,0
32563,0
32564,0
32565,2
32566,1
32567,0
32568,2
32569,0
32570,2
32571,0
32572,1
32573,2
32574,2
32575,0
32576,2
32577,2
32578,2
32579,0
32580,2
32581,0
32582,2
32583,0
32584,0
32585,0
32586,0
32587,2
32588,0
32589,1
32590,0
32591,0
32592,0
32593,0
32594,0
32595,0
32596,1
32597,2
32598,0
32599,0
32600,2
32601,2
32602,0
32603,2
32604,1
32605,0
32606,0
32607,2
32608,0
32609,0
32610,2
32611,1
32612,1
32613,0
32614,0
32615,0
32616,2
32617,0
32618,0
32619,2
32620,0
32621,2
32622,0
32623,2
32624,2
32625,0
32626,1
32627,0
32628,0
32629,2
32630,2
32631,1
32632,2
32633,0
32634,2
32635,0
32636,0
32637,0
32638,2
32639,2
32640,1
32641,2
32642,0
32643,2
32644,2
32645,2
32646,1
32647,0
32648,0
32649,2
32650,2
32651,0
32652,0
32653,2
32654,2
32655,2
32656,1
32657,0
32658,0
32659,2
32660,2
32661,0
32662,1
32663,0
32664,1
32665,0
32666,0
32667,2
32668,0
32669,0
32670,0
32671,2
32672,2
32673,0
32674,1
32675,1
32676,2
32677,1
32678,2
32679,2
32680,1
32681,2
32682,0
32683,2
32684,0
32685,1
32686,1
32687,0
32688,2
32689,2
32690,1
32691,0
32692,1
32693,2
32694,0
32695,2
32696,1
32697,2
32698,2
32699,2
32700,1
32701,2
32702,1
32703,2
32704,2
32705,2
32706,2
32707,2
32708,1
32709,0
32710,2
32711,1
32712,1
32713,2
32714,0
32715,2
32716,0
32717,2
32718,0
32719,1
32720,1
32721,2
32722,1
32723,1
32724,0
32725,2
32726,2
32727,0
32728,1
32729,0
32730,0
32731,0
32732,0
32733,0
32734,0
32735,1
32736,1
32737,2
32738,0
32739,2
32740,2
32741,1
32742,1
32743,2
32744,0
32745,1
32746,2
32747,0
32748,2
32749,1
32750,2
32751,2
32752,1
32753,1
32754,2
32755,0
32756,1
32757,0
32758,0
32759,0
32760,2
32761,2
32762,0
32763,2
32764,1
32765,0
32766,0
32767,0
32768,0
32769,0
32770,1
32771,1
32772,1
32773,1
32774,0
32775,1
32776,2
32777,0
32778,1
32779,2
32780,1
32781,2
32782,2
32783,2
32784,2
32785,2
32786,2
32787,2
32788,1
32789,0
32790,2
32791,1
32792,1
32793,0
32794,0
32795,0
32796,2
32797,2
32798,1
32799,0
32800,2
32801,1
32802,0
32803,2
32804,2
32805,0
32806,0
32807,1
32808,2
32809,0
32810,0
32811,2
32812,2
32813,0
32814,0
32815,2
32816,0
32817,0
32818,1
32819,0
32820,0
32821,1
32822,1
32823,0
32824,1
32825,2
32826,2
32827,1
32828,0
32829,2
32830,0
32831,0
32832,2
32833,1
32834,1
32835,2
32836,1
32837,2
32838,1
32839,1
32840,0
32841,0
32842,2
32843,2
32844,1
32845,1
32846,0
32847,0
32848,2
32849,0
32850,1
32851,0
32852,2
32853,1
32854,0
32855,0
32856,1
32857,1
32858,0
32859,2
32860,0
32861,2
32862,0
32863,1
32864,2
32865,0
32866,0
32867,0
32868,0
32869,2
32870,1
32871,2
32872,2
32873,1
32874,1
32875,2
32876,2
32877,0
32878,2
32879,2
32880,1
32881,2
32882,0
32883,1
32884,2
32885,2
32886,2
32887,2
32888,1
32889,1
32890,2
32891,2
32892,0
32893,0
32894,0
32895,2
32896,0
32897,2
32898,0
32899,0
32900,0
32901,1
32902,2
32903,0
32904,2
32905,2
32906,0
32907,0
32908,0
32909,2
32910,2
32911,0
32912,2
32913,0
32914,0
32915,0
32916,0
32917,1
32918,0
32919,1
32920,0
32921,0
32922,1
32923,0
32924,2
32925,2
32926,0
32927,0
32928,2
32929,0
32930,1
32931,2
32932,2
32933,1
32934,1
32935,0
32936,2
32937,2
32938,0
32939,1
32940,0
32941,2
32942,0
32943,1
32944,1
32945,0
32946,2
32947,0
32948,1
32949,0
32950,1
32951,2
32952,0
32953,0
32954,2
32955,2
32956,0
32957,0
32958,0
32959,1
32960,2
32961,2
32962,2
32963,0
32964,0
32965,2
32966,2
32967,0
32968,2
32969,2
32970,1
32971,2
32972,0
32973,2
32974,0
32975,2
32976,2
32977,0
32978,0
32979,1
32980,0
32981,1
32982,0
32983,2
32984,2
32985,1
32986,1
32987,1
32988,2
32989,2
32990,2
32991,0
32992,1
32993,0
32994,0
32995,2
32996,1
32997,0
32998,2
32999,1
33000,1
33001,0
33002,2
33003,1
33004,2
33005,1
33006,0
33007,2
33008,2
33009,2
33010,0
33011,0
33012,2
33013,1
33014,0
33015,2
33016,1
33017,1
33018,2
33019,0
33020,0
33021,0
33022,2
33023,0
33024,2
33025,2
33026,0
33027,2
33028,0
33029,1
33030,2
33031,0
33032,2
33033,0
33034,2
33035,1
33036,2
33037,1
33038,2
33039,0
33040,0
33041,0
33042,2
33043,0
33044,2
33045,1
33046,2
33047,1
33048,2
33049,0
33050,2
33051,1
33052,0
33053,0
33054,0
33055,0
33056,2
33057,2
33058,0
33059,2
33060,1
33061,2
33062,2
33063,1
33064,1
33065,0
33066,0
33067,1
33068,2
33069,2
33070,0
33071,0
33072,2
33073,0
33074,0
33075,0
33076,0
33077,2
33078,0
33079,0
33080,1
33081,2
33082,1
33083,0
33084,0
33085,2
33086,2
33087,0
33088,1
33089,1
33090,0
33091,0
33092,2
33093,0
33094,1
33095,1
33096,0
33097,2
33098,1
33099,2
33100,0
33101,0
33102,0
33103,1
33104,2
33105,1
33106,0
33107,2
33108,2
33109,2
33110,1
33111,1
33112,2
33113,0
33114,0
33115,2
33116,1
33117,0
33118,0
33119,2
33120,0
33121,1
33122,2
33123,1
33124,2
33125,0
33126,0
33127,0
33128,2
33129,1
33130,2
33131,0
33132,2
33133,0
33134,2
33135,0
33136,2
33137,0
33138,2
33139,1
33140,0
33141,0
33142,2
33143,2
33144,0
33145,0
33146,0
33147,0
33148,2
33149,0
33150,2
33151,0
33152,2
33153,1
33154,2
33155,1
33156,1
33157,2
33158,0
33159,2
33160,1
33161,2
33162,2
33163,0
33164,0
33165,0
33166,0
33167,0
33168,2
33169,1
33170,2
33171,0
33172,2
33173,2
33174,1
33175,1
33176,1
33177,2
33178,2
33179,2
33180,2
33181,1
33182,1
33183,1
33184,1
33185,0
33186,0
33187,2
33188,0
33189,2
33190,0
33191,0
33192,0
33193,1
33194,2
33195,0
33196,0
33197,0
33198,2
33199,0
33200,0
33201,0
33202,0
33203,0
33204,0
33205,1
33206,1
33207,0
33208,1
33209,2
33210,2
33211,2
33212,1
33213,0
33214,0
33215,1
33216,2
33217,0
33218,2
33219,2
33220,2
33221,1
33222,0
33223,2
33224,1
33225,0
33226,0
33227,0
33228,2
33229,0
33230,2
33231,1
33232,0
33233,0
33234,0
33235,2
33236,1
33237,2
33238,0
33239,2
33240,1
33241,0
33242,2
33243,0
33244,1
33245,2
33246,1
33247,1
33248,2
33249,2
33250,1
33251,2
33252,0
33253,0
33254,0
33255,2
33256,2
33257,2
33258,0
33259,0
33260,0
33261,1
33262,2
33263,2
33264,2
33265,2
33266,0
33267,0
33268,0
33269,2
33270,2
33271,0
33272,1
33273,2
33274,2
33275,0
33276,2
33277,2
33278,2
33279,0
33280,1
33281,0
33282,2
33283,2
33284,2
33285,0
33286,0
33287,1
33288,0
33289,2
33290,2
33291,2
33292,2
33293,2
33294,2
33295,2
33296,0
33297,2
33298,2
33299,0
33300,2
33301,0
33302,0
33303,0
33304,0
33305,0
33306,0
33307,0
33308,2
33309,1
33310,2
33311,2
33312,0
33313,2
33314,1
33315,2
33316,2
33317,0
33318,0
33319,0
33320,2
33321,0
33322,2
33323,1
33324,1
33325,0
33326,2
33327,0
33328,0
33329,1
33330,2
33331,0
33332,1
33333,0
33334,2
33335,2
33336,2
33337,1
33338,0
33339,2
33340,1
33341,2
33342,2
33343,1
33344,2
33345,2
33346,2
33347,2
33348,2
33349,1
33350,2
33351,1
33352,2
33353,0
33354,2
33355,0
33356,2
33357,0
33358,0
33359,2
33360,0
33361,2
33362,0
33363,2
33364,1
33365,0
33366,2
33367,2
33368,1
33369,0
33370,0
33371,0
33372,0
33373,1
33374,1
33375,1
33376,2
33377,2
33378,0
33379,0
33380,0
33381,0
33382,0
33383,2
33384,2
33385,1
33386,2
33387,0
33388,0
33389,2
33390,1
33391,1
33392,0
33393,2
33394,2
33395,1
33396,0
33397,0
33398,0
33399,0
33400,2
33401,2
33402,0
33403,2
33404,2
33405,1
33406,1
33407,1
33408,0
33409,1
33410,0
33411,1
33412,0
33413,1
33414,0
33415,2
33416,2
33417,2
33418,0
33419,2
33420,2
33421,0
33422,2
33423,0
33424,0
33425,2
33426,1
33427,2
33428,0
33429,2
33430,0
33431,0
33432,2
33433,1
33434,2
33435,2
33436,1
33437,2
33438,0
33439,2
33440,2
33441,2
33442,2
33443,1
33444,0
33445,1
33446,2
33447,0
33448,1
33449,0
33450,2
33451,2
33452,2
33453,0
33454,0
33455,1
33456,0
33457,1
33458,0
33459,2
33460,2
33461,1
33462,0
33463,0
33464,0
33465,1
33466,1
33467,2
33468,1
33469,2
33470,1
33471,2
33472,2
33473,0
33474,2
33475,0
33476,2
33477,1
33478,0
33479,0
33480,1
33481,2
33482,2
33483,0
33484,2
33485,2
33486,0
33487,2
33488,2
33489,2
33490,1
33491,2
33492,2
33493,1
33494,2
33495,1
33496,0
33497,0
33498,0
33499,0
33500,0
33501,0
33502,0
33503,0
33504,1
33505,0
33506,2
33507,0
33508,2
33509,2
33510,0
33511,2
33512,2
33513,0
33514,0
33515,2
33516,0
33517,0
33518,0
33519,0
33520,0
33521,2
33522,1
33523,2
33524,1
33525,0
33526,2
33527,2
33528,2
33529,2
33530,1
33531,0
33532,2
33533,2
33534,2
33535,2
33536,0
33537,2
33538,0
33539,2
33540,2
33541,0
33542,1
33543,1
33544,1
33545,1
33546,2
33547,2
33548,2
33549,2
33550,1
33551,1
33552,2
33553,2
33554,2
33555,0
33556,2
33557,0
33558,0
33559,0
33560,0
33561,1
33562,2
33563,0
33564,1
33565,0
33566,0
33567,0
33568,1
33569,1
33570,0
33571,1
33572,1
33573,0
33574,0
33575,1
33576,2
33577,2
33578,1
33579,2
33580,0
33581,2
33582,0
33583,0
33584,1
33585,1
33586,1
33587,1
33588,1
33589,2
33590,2
33591,2
33592,0
33593,2
33594,2
33595,2
33596,0
33597,0
33598,1
33599,0
33600,2
33601,1
33602,2
33603,2
33604,1
33605,2
33606,0
33607,2
33608,0
33609,0
33610,0
33611,0
33612,2
33613,1
33614,0
33615,2
33616,0
33617,0
33618,1
33619,1
33620,2
33621,2
33622,2
33623,2
33624,1
33625,0
33626,2
33627,1
33628,0
33629,2
33630,2
33631,0
33632,0
33633,2
33634,0
33635,0
33636,0
33637,2
33638,0
33639,2
33640,2
33641,2
33642,1
33643,0
33644,1
33645,0
33646,0
33647,1
33648,1
33649,2
33650,0
33651,1
33652,1
33653,0
33654,1
33655,2
33656,0
33657,2
33658,1
33659,0
33660,2
33661,2
33662,0
33663,2
33664,0
33665,0
33666,1
33667,2
33668,2
33669,1
33670,2
33671,0
33672,0
33673,1
33674,2
33675,2
33676,2
33677,0
33678,0
33679,0
33680,2
33681,2
33682,2
33683,2
33684,1
33685,2
33686,0
33687,2
33688,2
33689,0
33690,0
33691,2
33692,0
33693,2
33694,0
33695,0
33696,2
33697,0
33698,0
33699,1
33700,1
33701,1
33702,0
33703,1
33704,0
33705,0
33706,2
33707,2
33708,0
33709,1
33710,0
33711,1
33712,0
33713,1
33714,2
33715,1
33716,2
33717,0
33718,0
33719,0
33720,1
33721,0
33722,2
33723,0
33724,0
33725,2
33726,2
33727,0
33728,0
33729,0
33730,0
33731,1
33732,0
33733,0
33734,0
33735,2
33736,2
33737,1
33738,1
33739,2
33740,2
33741,1
33742,2
33743,1
33744,2
33745,1
33746,1
33747,1
33748,2
33749,0
33750,2
33751,2
33752,0
33753,1
33754,2
33755,0
33756,0
33757,0
33758,1
33759,0
33760,0
33761,0
33762,0
33763,1
33764,2
33765,2
33766,1
33767,2
33768,2
33769,2
33770,0
33771,0
33772,2
33773,0
33774,0
33775,2
33776,2
33777,2
33778,0
33779,1
33780,1
33781,2
33782,1
33783,2
33784,2
33785,0
33786,2
33787,0
33788,2
33789,2
33790,1
33791,1
33792,2
33793,0
33794,0
33795,0
33796,0
33797,1
33798,0
33799,1
33800,2
33801,0
33802,2
33803,0
33804,1
33805,2
33806,2
33807,2
33808,2
33809,2
33810,2
33811,1
33812,0
33813,1
33814,0
33815,0
33816,0
33817,1
33818,0
33819,2
33820,1
33821,1
33822,0
33823,1
33824,0
33825,0
33826,1
33827,1
33828,0
33829,1
33830,0
33831,2
33832,1
33833,2
33834,0
33835,2
33836,2
33837,0
33838,2
33839,0
33840,2
33841,2
33842,0
33843,0
33844,2
33845,2
33846,2
33847,0
33848,2
33849,2
33850,0
33851,0
33852,0
33853,2
33854,2
33855,1
33856,2
33857,2
33858,0
33859,0
33860,0
33861,2
33862,2
33863,2
33864,0
33865,0
33866,0
33867,0
33868,1
33869,2
33870,2
33871,2
33872,2
33873,2
33874,1
33875,2
33876,1
33877,1
33878,0
33879,1
33880,0
33881,0
33882,2
33883,0
33884,2
33885,1
33886,2
33887,1
33888,1
33889,1
33890,0
33891,2
33892,0
33893,2
33894,2
33895,0
33896,2
33897,2
33898,1
33899,0
33900,0
33901,2
33902,0
33903,2
33904,0
33905,1
33906,0
33907,2
33908,2
33909,2
33910,1
33911,1
33912,1
33913,1
33914,0
33915,0
33916,2
33917,0
33918,2
33919,1
33920,0
33921,1
33922,0
33923,0
33924,2
33925,2
33926,2
33927,0
33928,1
33929,0
33930,2
33931,0
33932,2
33933,1
33934,1
33935,2
33936,1
33937,0
33938,2
33939,0
33940,1
33941,0
33942,0
33943,0
33944,1
33945,2
33946,0
33947,0
33948,0
33949,0
33950,1
33951,1
33952,2
33953,2
33954,2
33955,0
33956,0
33957,1
33958,0
33959,2
33960,1
33961,0
33962,2
33963,0
33964,0
33965,1
33966,1
33967,2
33968,2
33969,1
33970,0
33971,2
33972,0
33973,0
33974,0
33975,0
33976,0
33977,0
33978,2
33979,2
33980,0
33981,2
33982,0
33983,2
33984,0
33985,0
33986,0
33987,0
33988,1
33989,2
33990,0
33991,0
33992,0
33993,0
33994,1
33995,1
33996,2
33997,2
33998,0
33999,2
34000,1
34001,2
34002,2
34003,2
34004,0
34005,1
34006,0
34007,2
34008,2
34009,2
34010,1
34011,2
34012,2
34013,2
34014,2
34015,2
34016,0
34017,2
34018,1
34019,2
34020,1
34021,0
34022,0
34023,2
34024,1
34025,2
34026,0
34027,0
34028,2
34029,0
34030,0
34031,1
34032,1
34033,2
34034,2
34035,0
34036,1
34037,1
34038,0
34039,2
34040,2
34041,0
34042,2
34043,0
34044,0
34045,2
34046,2
34047,1
34048,0
34049,2
34050,1
34051,0
34052,2
34053,2
34054,2
34055,2
34056,2
34057,2
34058,2
34059,2
34060,2
34061,1
34062,0
34063,2
34064,1
34065,1
34066,2
34067,1
34068,1
34069,2
34070,0
34071,0
34072,2
34073,0
34074,0
34075,2
34076,2
34077,1
34078,1
34079,2
34080,0
34081,2
34082,0
34083,2
34084,1
34085,2
34086,2
34087,2
34088,0
34089,0
34090,1
34091,0
34092,0
34093,0
34094,0
34095,1
34096,0
34097,0
34098,2
34099,1
34100,0
34101,0
34102,0
34103,0
34104,2
34105,1
34106,0
34107,2
34108,2
34109,2
34110,0
34111,0
34112,1
34113,1
34114,2
34115,2
34116,0
34117,2
34118,1
34119,1
34120,0
34121,1
34122,2
34123,2
34124,2
34125,0
34126,2
34127,1
34128,1
34129,2
34130,2
34131,1
34132,1
34133,0
34134,0
34135,0
34136,2
34137,2
34138,2
34139,2
34140,2
34141,2
34142,0
34143,1
34144,2
34145,2
34146,0
34147,0
34148,2
34149,0
34150,0
34151,2
34152,2
34153,1
34154,0
34155,0
34156,2
34157,1
34158,1
34159,2
34160,2
34161,0
34162,0
34163,2
34164,2
34165,0
34166,0
34167,0
34168,2
34169,2
34170,1
34171,0
34172,2
34173,1
34174,0
34175,0
34176,0
34177,2
34178,2
34179,2
34180,1
34181,2
34182,2
34183,0
34184,0
34185,2
34186,0
34187,1
34188,2
34189,1
34190,1
34191,0
34192,1
34193,0
34194,1
34195,1
34196,1
34197,1
34198,2
34199,1
34200,2
34201,1
34202,2
34203,0
34204,0
34205,2
34206,0
34207,0
34208,2
34209,2
34210,0
34211,2
34212,2
34213,1
34214,2
34215,0
34216,1
34217,0
34218,0
34219,0
34220,0
34221,1
34222,0
34223,0
34224,2
34225,2
34226,2
34227,2
34228,0
34229,1
34230,0
34231,0
34232,1
34233,2
34234,2
34235,2
34236,1
34237,0
34238,2
34239,2
34240,1
34241,0
34242,2
34243,2
34244,2
34245,2
34246,2
34247,0
34248,0
34249,2
34250,0
34251,0
34252,0
34253,2
34254,0
34255,0
34256,0
34257,1
34258,0
34259,0
34260,2
34261,2
34262,0
34263,0
34264,1
34265,0
34266,0
34267,0
34268,2
34269,2
34270,1
34271,1
34272,1
34273,0
34274,1
34275,0
34276,0
34277,0
34278,2
34279,1
34280,0
34281,2
34282,1
34283,2
34284,1
34285,1
34286,0
34287,2
34288,0
34289,2
34290,0
34291,2
34292,2
34293,2
34294,0
34295,1
34296,2
34297,0
34298,1
34299,2
34300,0
34301,1
34302,2
34303,1
34304,0
34305,0
34306,0
34307,0
34308,2
34309,0
34310,2
34311,0
34312,1
34313,0
34314,2
34315,2
34316,2
34317,2
34318,0
34319,1
34320,2
34321,2
34322,0
34323,2
34324,2
34325,1
34326,1
34327,2
34328,2
34329,0
34330,1
34331,2
34332,2
34333,2
34334,1
34335,0
34336,0
34337,2
34338,2
34339,0
34340,2
34341,0
34342,0
34343,1
34344,2
34345,2
34346,0
34347,0
34348,2
34349,0
34350,2
34351,2
34352,0
34353,0
34354,1
34355,1
34356,2
34357,0
34358,2
34359,2
34360,1
34361,2
34362,2
34363,1
34364,0
34365,0
34366,2
34367,2
34368,0
34369,0
34370,0
34371,0
34372,0
34373,1
34374,0
34375,0
34376,2
34377,0
34378,0
34379,0
34380,2
34381,2
34382,0
34383,2
34384,2
34385,0
34386,2
34387,0
34388,2
34389,1
34390,1
34391,0
34392,2
34393,0
34394,1
34395,0
34396,2
34397,0
34398,1
34399,1
34400,2
34401,2
34402,1
34403,0
34404,0
34405,2
34406,2
34407,2
34408,2
34409,0
34410,2
34411,1
34412,2
34413,0
34414,1
34415,1
34416,0
34417,2
34418,0
34419,0
34420,0
34421,2
34422,0
34423,1
34424,2
34425,0
34426,0
34427,2
34428,1
34429,0
34430,2
34431,1
34432,2
34433,2
34434,1
34435,1
34436,0
34437,2
34438,0
34439,1
34440,0
34441,1
34442,2
34443,1
34444,1
34445,2
34446,0
34447,0
34448,0
34449,2
34450,2
34451,2
34452,1
34453,0
34454,0
34455,1
34456,0
34457,2
34458,0
34459,2
34460,2
34461,0
34462,0
34463,0
34464,2
34465,2
34466,0
34467,1
34468,0
34469,0
34470,1
34471,0
34472,0
34473,1
34474,1
34475,0
34476,0
34477,2
34478,1
34479,1
34480,1
34481,0
34482,1
34483,0
34484,2
34485,1
34486,0
34487,2
34488,2
34489,0
34490,0
34491,1
34492,0
34493,1
34494,2
34495,2
34496,0
34497,0
34498,2
34499,2
34500,2
34501,2
34502,1
34503,0
34504,2
34505,0
34506,2
34507,2
34508,0
34509,0
34510,1
34511,2
34512,2
34513,2
34514,0
34515,2
34516,1
34517,1
34518,0
34519,1
34520,0
34521,2
34522,1
34523,1
34524,1
34525,2
34526,0
34527,2
34528,0
34529,2
34530,0
34531,2
34532,2
34533,1
34534,0
34535,2
34536,0
34537,0
34538,0
34539,1
34540,0
34541,0
34542,1
34543,0
34544,1
34545,2
34546,0
34547,0
34548,2
34549,2
34550,2
34551,2
34552,0
34553,1
34554,1
34555,0
34556,2
34557,0
34558,0
34559,2
34560,2
34561,1
34562,1
34563,0
34564,0
34565,0
34566,0
34567,2
34568,0
34569,1
34570,0
34571,2
34572,2
34573,0
34574,1
34575,2
34576,2
34577,2
34578,0
34579,0
34580,2
34581,0
34582,2
34583,0
34584,2
34585,0
34586,0
34587,2
34588,2
34589,1
34590,0
34591,0
34592,0
34593,2
34594,0
34595,0
34596,0
34597,2
34598,2
34599,2
34600,2
34601,0
34602,2
34603,2
34604,1
34605,2
34606,2
34607,2
34608,0
34609,0
34610,0
34611,1
34612,2
34613,0
34614,0
34615,1
34616,1
34617,2
34618,0
34619,1
34620,1
34621,1
34622,1
34623,0
34624,0
34625,2
34626,1
34627,2
34628,0
34629,0
34630,2
34631,1
34632,2
34633,2
34634,2
34635,2
34636,1
34637,1
34638,2
34639,2
34640,2
34641,1
34642,0
34643,2
34644,0
34645,2
34646,1
34647,2
34648,2
34649,2
34650,1
34651,1
34652,0
34653,2
34654,2
34655,0
34656,2
34657,0
34658,2
34659,2
34660,1
34661,2
34662,0
34663,2
34664,2
34665,0
34666,0
34667,0
34668,0
34669,2
34670,2
34671,0
34672,0
34673,0
34674,2
34675,2
34676,0
34677,0
34678,0
34679,0
34680,2
34681,2
34682,2
34683,0
34684,2
34685,2
34686,1
34687,1
34688,0
34689,2
34690,2
34691,0
34692,2
34693,0
34694,2
34695,0
34696,0
34697,0
34698,2
34699,2
34700,0
34701,1
34702,2
34703,0
34704,0
34705,2
34706,2
34707,0
34708,0
34709,1
34710,0
34711,1
34712,1
34713,1
34714,2
34715,0
34716,2
34717,2
34718,2
34719,0
34720,0
34721,0
34722,2
34723,0
34724,0
34725,2
34726,0
34727,2
34728,2
34729,1
34730,2
34731,0
34732,0
34733,0
34734,0
34735,2
34736,2
34737,1
34738,2
34739,2
34740,2
34741,2
34742,0
34743,1
34744,1
34745,0
34746,1
34747,0
34748,2
34749,0
34750,0
34751,0
34752,2
34753,0
34754,2
34755,1
34756,0
34757,0
34758,1
34759,0
34760,2
34761,0
34762,0
34763,1
34764,2
34765,2
34766,0
34767,2
34768,2
34769,0
34770,2
34771,1
34772,2
34773,2
34774,1
34775,1
34776,2
34777,0
34778,2
34779,0
34780,0
34781,1
34782,2
34783,0
34784,1
34785,1
34786,0
34787,2
34788,0
34789,2
34790,2
34791,0
34792,1
34793,2
34794,1
34795,0
34796,0
34797,0
34798,2
34799,1
34800,0
34801,2
34802,0
34803,0
34804,0
34805,0
34806,2
34807,0
34808,2
34809,1
34810,0
34811,2
34812,2
34813,2
34814,2
34815,0
34816,2
34817,0
34818,0
34819,2
34820,0
34821,0
34822,0
34823,1
34824,2
34825,1
34826,1
34827,0
34828,2
34829,0
34830,2
34831,1
34832,2
34833,0
34834,0
34835,2
34836,1
34837,0
34838,0
34839,2
34840,0
34841,1
34842,2
34843,2
34844,0
34845,0
34846,1
34847,0
34848,2
34849,0
34850,1
34851,2
34852,2
34853,0
34854,1
34855,2
34856,0
34857,0
34858,2
34859,2
34860,1
34861,0
34862,2
34863,1
34864,0
34865,0
34866,2
34867,1
34868,2
34869,1
34870,0
34871,2
34872,0
34873,2
34874,0
34875,2
34876,2
34877,2
34878,0
34879,2
34880,2
34881,2
34882,0
34883,2
34884,2
34885,0
34886,0
34887,0
34888,2
34889,2
34890,0
34891,2
34892,1
34893,0
34894,2
34895,0
34896,2
34897,0
34898,2
34899,1
34900,1
34901,1
34902,0
34903,0
34904,2
34905,0
34906,2
34907,2
34908,0
34909,0
34910,0
34911,0
34912,1
34913,1
34914,2
34915,2
34916,2
34917,0
34918,0
34919,2
34920,0
34921,0
34922,2
34923,1
34924,2
34925,1
34926,2
34927,1
34928,2
34929,2
34930,1
34931,0
34932,0
34933,0
34934,2
34935,1
34936,1
34937,2
34938,1
34939,1
34940,0
34941,0
34942,2
34943,0
34944,0
34945,1
34946,1
34947,0
34948,1
34949,2
34950,2
34951,2
34952,2
34953,2
34954,2
34955,2
34956,0
34957,2
34958,2
34959,0
34960,1
34961,0
34962,2
34963,2
34964,0
34965,1
34966,0
34967,1
34968,0
34969,2
34970,1
34971,0
34972,0
34973,0
34974,0
34975,0
34976,0
34977,2
34978,0
34979,2
34980,0
34981,1
34982,2
34983,2
34984,2
34985,0
34986,0
34987,2
34988,1
34989,2
34990,1
34991,2
34992,0
34993,0
34994,0
34995,2
34996,0
34997,1
34998,0
34999,1
35000,1
35001,1
35002,1
35003,2
35004,2
35005,1
35006,0
35007,0
35008,2
35009,0
35010,2
35011,0
35012,0
35013,2
35014,1
35015,0
35016,2
35017,1
35018,1
35019,0
35020,0
35021,2
35022,0
35023,1
35024,2
35025,2
35026,2
35027,2
35028,1
35029,0
35030,1
35031,0
35032,2
35033,0
35034,2
35035,2
35036,2
35037,2
35038,1
35039,2
35040,1
35041,0
35042,0
35043,0
35044,0
35045,0
35046,2
35047,1
35048,2
35049,1
35050,2
35051,0
35052,0
35053,1
35054,1
35055,1
35056,0
35057,2
35058,2
35059,0
35060,1
35061,0
35062,2
35063,0
35064,2
35065,2
35066,0
35067,1
35068,2
35069,2
35070,1
35071,1
35072,1
35073,0
35074,0
35075,2
35076,2
35077,1
35078,0
35079,2
35080,2
35081,1
35082,2
35083,0
35084,1
35085,0
35086,2
35087,2
35088,2
35089,2
35090,0
35091,2
35092,0
35093,2
35094,2
35095,0
35096,0
35097,0
35098,0
35099,2
35100,0
35101,1
35102,2
35103,2
35104,0
35105,1
35106,0
35107,2
35108,0
35109,2
35110,2
35111,0
35112,1
35113,2
35114,2
35115,0
35116,0
35117,0
35118,2
35119,0
35120,2
35121,0
35122,0
35123,2
35124,1
35125,2
35126,0
35127,2
35128,2
35129,2
35130,0
35131,1
35132,1
35133,0
35134,2
35135,2
35136,2
35137,0
35138,2
35139,2
35140,0
35141,2
35142,2
35143,2
35144,0
35145,0
35146,0
35147,1
35148,0
35149,1
35150,0
35151,2
35152,0
35153,1
35154,1
35155,0
35156,1
35157,1
35158,0
35159,2
35160,2
35161,1
35162,2
35163,2
35164,2
35165,0
35166,2
35167,1
35168,2
35169,1
35170,2
35171,2
35172,0
35173,2
35174,0
35175,2
35176,0
35177,1
35178,1
35179,0
35180,0
35181,2
35182,0
35183,1
35184,0
35185,1
35186,1
35187,1
35188,2
35189,0
35190,0
35191,1
35192,2
35193,0
35194,2
35195,2
35196,0
35197,0
35198,0
35199,2
35200,2
35201,1
35202,0
35203,1
35204,1
35205,1
35206,2
35207,1
35208,0
35209,0
35210,2
35211,0
35212,0
35213,2
35214,0
35215,1
35216,0
35217,0
35218,1
35219,0
35220,2
35221,2
35222,0
35223,0
35224,1
35225,0
35226,0
35227,2
35228,1
35229,0
35230,0
35231,0
35232,1
35233,2
35234,2
35235,0
35236,2
35237,2
35238,1
35239,2
35240,0
35241,0
35242,1
35243,1
35244,1
35245,2
35246,0
35247,2
35248,2
35249,0
35250,1
35251,2
35252,2
35253,0
35254,1
35255,0
35256,2
35257,1
35258,1
35259,0
35260,0
35261,2
35262,0
35263,0
35264,0
35265,1
35266,1
35267,0
35268,1
35269,1
35270,0
35271,2
35272,1
35273,2
35274,0
35275,1
35276,0
35277,2
35278,0
35279,2
35280,0
35281,1
35282,0
35283,2
35284,0
35285,0
35286,2
35287,2
35288,1
35289,0
35290,0
35291,2
35292,2
35293,1
35294,2
35295,2
35296,1
35297,0
35298,2
35299,1
35300,2
35301,1
35302,2
35303,2
35304,0
35305,2
35306,2
35307,1
35308,0
35309,0
35310,2
35311,2
35312,0
35313,0
35314,2
35315,0
35316,2
35317,2
35318,2
35319,2
35320,2
35321,1
35322,2
35323,0
35324,0
35325,0
35326,1
35327,0
35328,0
35329,2
35330,0
35331,2
35332,2
35333,1
35334,2
35335,2
35336,0
35337,2
35338,2
35339,0
35340,1
35341,0
35342,0
35343,2
35344,0
35345,0
35346,0
35347,2
35348,2
35349,1
35350,2
35351,0
35352,2
35353,2
35354,2
35355,2
35356,0
35357,1
35358,0
35359,0
35360,1
35361,2
35362,0
35363,2
35364,0
35365,1
35366,2
35367,2
35368,2
35369,0
35370,2
35371,2
35372,1
35373,2
35374,0
35375,1
35376,1
35377,2
35378,2
35379,2
35380,1
35381,0
35382,0
35383,0
35384,1
35385,0
35386,2
35387,0
35388,2
35389,1
35390,0
35391,0
35392,0
35393,2
35394,2
35395,2
35396,2
35397,0
35398,0
35399,2
35400,1
35401,1
35402,2
35403,2
35404,2
35405,2
35406,0
35407,2
35408,1
35409,0
35410,0
35411,1
35412,0
35413,2
35414,2
35415,2
35416,2
35417,2
35418,0
35419,0
35420,2
35421,1
35422,1
35423,0
35424,1
35425,0
35426,0
35427,0
35428,0
35429,0
35430,2
35431,0
35432,1
35433,0
35434,2
35435,0
35436,1
35437,0
35438,1
35439,2
35440,0
35441,1
35442,2
35443,2
35444,2
35445,0
35446,1
35447,1
35448,1
35449,0
35450,1
35451,2
35452,1
35453,0
35454,1
35455,2
35456,2
35457,2
35458,2
35459,0
35460,2
35461,0
35462,0
35463,0
35464,0
35465,0
35466,2
35467,2
35468,1
35469,2
35470,2
35471,0
35472,0
35473,0
35474,2
35475,2
35476,1
35477,1
35478,2
35479,0
35480,1
35481,2
35482,2
35483,1
35484,1
35485,0
35486,2
35487,2
35488,2
35489,0
35490,2
35491,0
35492,2
35493,0
35494,2
35495,0
35496,0
35497,0
35498,0
35499,0
35500,0
35501,0
35502,1
35503,0
35504,1
35505,2
35506,0
35507,2
35508,0
35509,1
35510,2
35511,0
35512,2
35513,2
35514,2
35515,0
35516,0
35517,2
35518,2
35519,2
35520,0
35521,0
35522,2
35523,1
35524,1
35525,0
35526,2
35527,1
35528,0
35529,0
35530,0
35531,2
35532,2
35533,1
35534,1
35535,1
35536,1
35537,0
35538,1
35539,1
35540,1
35541,0
35542,0
35543,2
35544,0
35545,1
35546,0
35547,0
35548,2
35549,2
35550,1
35551,1
35552,2
35553,2
35554,2
35555,2
35556,0
35557,2
35558,2
35559,2
35560,1
35561,0
35562,1
35563,2
35564,0
35565,2
35566,2
35567,0
35568,1
35569,2
35570,0
35571,0
35572,1
35573,0
35574,1
35575,2
35576,0
35577,2
35578,2
35579,0
35580,0
35581,0
35582,1
35583,1
35584,0
35585,2
35586,1
35587,2
35588,2
35589,0
35590,2
35591,0
35592,2
35593,2
35594,0
35595,2
35596,2
35597,2
35598,0
35599,1
35600,0
35601,2
35602,2
35603,2
35604,0
35605,2
35606,1
35607,2
35608,2
35609,0
35610,0
35611,1
35612,0
35613,0
35614,2
35615,0
35616,1
35617,1
35618,2
35619,2
35620,1
35621,2
35622,2
35623,2
35624,0
35625,2
35626,0
35627,2
35628,0
35629,0
35630,2
35631,0
35632,0
35633,2
35634,1
35635,1
35636,2
35637,0
35638,2
35639,2
35640,2
35641,1
35642,1
35643,0
35644,2
35645,0
35646,1
35647,2
35648,2
35649,2
35650,1
35651,2
35652,0
35653,0
35654,2
35655,2
35656,0
35657,0
35658,1
35659,2
35660,2
35661,2
35662,2
35663,2
35664,2
35665,2
35666,2
35667,0
35668,2
35669,0
35670,1
35671,0
35672,2
35673,0
35674,0
35675,2
35676,1
35677,2
35678,0
35679,0
35680,0
35681,0
35682,0
35683,2
35684,0
35685,0
35686,0
35687,0
35688,2
35689,2
35690,1
35691,2
35692,0
35693,2
35694,0
35695,2
35696,1
35697,2
35698,2
35699,0
35700,0
35701,2
35702,0
35703,1
35704,0
35705,0
35706,2
35707,2
35708,1
35709,1
35710,2
35711,2
35712,2
35713,0
35714,1
35715,2
35716,1
35717,2
35718,2
35719,0
35720,2
35721,2
35722,0
35723,0
35724,0
35725,0
35726,0
35727,2
35728,1
35729,0
35730,0
35731,2
35732,1
35733,0
35734,2
35735,0
35736,0
35737,0
35738,0
35739,2
35740,0
35741,1
35742,0
35743,1
35744,2
35745,0
35746,1
35747,1
35748,0
35749,0
35750,0
35751,1
35752,2
35753,0
35754,1
35755,0
35756,0
35757,0
35758,0
35759,1
35760,2
35761,0
35762,0
35763,1
35764,1
35765,2
35766,0
35767,1
35768,1
35769,0
35770,1
35771,1
35772,0
35773,2
35774,0
35775,2
35776,0
35777,1
35778,0
35779,0
35780,2
35781,1
35782,2
35783,2
35784,0
35785,0
35786,2
35787,0
35788,0
35789,2
35790,2
35791,1
35792,1
35793,2
35794,1
35795,0
35796,2
35797,2
35798,1
35799,2
35800,2
35801,0
35802,1
35803,2
35804,1
35805,2
35806,2
35807,2
35808,0
35809,2
35810,0
35811,0
35812,0
35813,1
35814,0
35815,0
35816,2
35817,0
35818,0
35819,0
35820,2
35821,0
35822,2
35823,0
35824,0
35825,2
35826,0
35827,0
35828,0
35829,1
35830,2
35831,0
35832,2
35833,1
35834,1
35835,1
35836,2
35837,1
35838,1
35839,0
35840,0
35841,2
35842,0
35843,2
35844,2
35845,0
35846,2
35847,0
35848,0
35849,1
35850,0
35851,2
35852,1
35853,1
35854,2
35855,1
35856,2
35857,2
35858,0
35859,0
35860,0
35861,2
35862,1
35863,2
35864,2
35865,0
35866,1
35867,0
35868,0
35869,1
35870,1
35871,2
35872,2
35873,2
35874,1
35875,2
35876,1
35877,0
35878,0
35879,2
35880,2
35881,0
35882,0
35883,0
35884,2
35885,1
35886,0
35887,2
35888,0
35889,2
35890,2
35891,2
35892,2
35893,2
35894,2
35895,2
35896,2
35897,2
35898,2
35899,2
35900,0
35901,2
35902,1
35903,0
35904,0
35905,1
35906,0
35907,2
35908,2
35909,2
35910,0
35911,2
35912,0
35913,0
35914,1
35915,1
35916,0
35917,2
35918,0
35919,2
35920,0
35921,1
35922,2
35923,0
35924,2
35925,2
35926,1
35927,1
35928,0
35929,0
35930,2
35931,0
35932,2
35933,0
35934,1
35935,2
35936,0
35937,0
35938,1
35939,0
35940,2
35941,1
35942,2
35943,0
35944,1
35945,2
35946,0
35947,1
35948,1
35949,0
35950,1
35951,0
35952,0
35953,2
35954,0
35955,0
35956,0
35957,2
35958,2
35959,2
35960,1
35961,1
35962,0
35963,0
35964,2
35965,0
35966,0
35967,0
35968,2
35969,0
35970,2
35971,2
35972,1
35973,2
35974,0
35975,2
35976,2
35977,0
35978,2
35979,2
35980,2
35981,1
35982,2
35983,2
35984,2
35985,1
35986,0
35987,2
35988,2
35989,0
35990,2
35991,2
35992,1
35993,0
35994,1
35995,2
35996,0
35997,2
35998,0
35999,0
36000,0
36001,0
36002,2
36003,2
36004,1
36005,0
36006,2
36007,2
36008,0
36009,2
36010,1
36011,0
36012,2
36013,0
36014,0
36015,0
36016,2
36017,0
36018,2
36019,0
36020,2
36021,1
36022,0
36023,2
36024,0
36025,0
36026,2
36027,1
36028,2
36029,2
36030,2
36031,1
36032,2
36033,2
36034,2
36035,1
36036,0
36037,0
36038,0
36039,2
36040,2
36041,2
36042,0
36043,2
36044,2
36045,2
36046,2
36047,2
36048,2
36049,0
36050,2
36051,2
36052,0
36053,0
36054,0
36055,2
36056,2
36057,0
36058,2
36059,2
36060,2
36061,1
36062,0
36063,1
36064,1
36065,2
36066,0
36067,0
36068,1
36069,1
36070,2
36071,2
36072,0
36073,0
36074,2
36075,2
36076,1
36077,2
36078,0
36079,1
36080,2
36081,0
36082,2
36083,2
36084,2
36085,0
36086,2
36087,0
36088,0
36089,2
36090,0
36091,0
36092,0
36093,1
36094,2
36095,0
36096,1
36097,1
36098,2
36099,0
36100,2
36101,0
36102,0
36103,0
36104,0
36105,0
36106,1
36107,2
36108,2
36109,0
36110,0
36111,2
36112,0
36113,2
36114,2
36115,1
36116,1
36117,2
36118,2
36119,0
36120,0
36121,0
36122,2
36123,2
36124,0
36125,0
36126,1
36127,0
36128,2
36129,2
36130,2
36131,2
36132,2
36133,0
36134,1
36135,0
36136,2
36137,2
36138,0
36139,0
36140,0
36141,0
36142,1
36143,1
36144,2
36145,2
36146,2
36147,2
36148,1
36149,1
36150,2
36151,0
36152,2
36153,2
36154,2
36155,0
36156,0
36157,2
36158,0
36159,0
36160,0
36161,2
36162,0
36163,2
36164,2
36165,0
36166,1
36167,2
36168,0
36169,0
36170,2
36171,0
36172,0
36173,2
36174,1
36175,2
36176,0
36177,0
36178,1
36179,0
36180,0
36181,1
36182,0
36183,2
36184,0
36185,1
36186,2
36187,2
36188,2
36189,1
36190,0
36191,1
36192,2
36193,1
36194,1
36195,0
36196,0
36197,2
36198,2
36199,2
36200,0
36201,0
36202,0
36203,2
36204,0
36205,1
36206,2
36207,0
36208,0
36209,0
36210,0
36211,2
36212,2
36213,0
36214,0
36215,2
36216,0
36217,2
36218,2
36219,2
36220,1
36221,1
36222,2
36223,0
36224,1
36225,0
36226,1
36227,1
36228,2
36229,1
36230,2
36231,2
36232,0
36233,2
36234,0
36235,2
36236,2
36237,0
36238,2
36239,2
36240,1
36241,0
36242,2
36243,0
36244,2
36245,0
36246,1
36247,1
36248,1
36249,2
36250,1
36251,1
36252,0
36253,2
36254,2
36255,0
36256,1
36257,2
36258,0
36259,1
36260,2
36261,2
36262,0
36263,2
36264,2
36265,1
36266,0
36267,1
36268,0
36269,0
36270,0
36271,2
36272,1
36273,2
36274,2
36275,0
36276,1
36277,0
36278,2
36279,0
36280,2
36281,2
36282,0
36283,0
36284,2
36285,0
36286,1
36287,0
36288,0
36289,0
36290,2
36291,0
36292,0
36293,2
36294,0
36295,1
36296,2
36297,0
36298,0
36299,2
36300,0
36301,1
36302,2
36303,0
36304,0
36305,1
36306,2
36307,0
36308,0
36309,2
36310,1
36311,0
36312,0
36313,0
36314,2
36315,0
36316,1
36317,0
36318,2
36319,0
36320,1
36321,0
36322,0
36323,2
36324,0
36325,0
36326,2
36327,0
36328,1
36329,0
36330,2
36331,0
36332,1
36333,2
36334,1
36335,2
36336,0
36337,0
36338,0
36339,2
36340,0
36341,1
36342,2
36343,0
36344,2
36345,1
36346,0
36347,0
36348,2
36349,0
36350,1
36351,2
36352,2
36353,0
36354,2
36355,0
36356,0
36357,0
36358,2
36359,2
36360,1
36361,1
36362,2
36363,2
36364,2
36365,2
36366,2
36367,2
36368,0
36369,1
36370,0
36371,0
36372,2
36373,2
36374,1
36375,2
36376,1
36377,1
36378,2
36379,0
36380,2
36381,2
36382,0
36383,1
36384,2
36385,0
36386,1
36387,2
36388,2
36389,1
36390,0
36391,0
36392,1
36393,0
36394,1
36395,0
36396,2
36397,2
36398,0
36399,0
36400,0
36401,1
36402,2
36403,0
36404,1
36405,2
36406,0
36407,0
36408,0
36409,2
36410,0
36411,2
36412,2
36413,1
36414,2
36415,2
36416,0
36417,2
36418,1
36419,1
36420,2
36421,0
36422,2
36423,0
36424,2
36425,2
36426,1
36427,2
36428,0
36429,2
36430,2
36431,2
36432,2
36433,2
36434,0
36435,2
36436,2
36437,2
36438,2
36439,2
36440,1
36441,1
36442,0
36443,2
36444,0
36445,0
36446,2
36447,2
36448,2
36449,2
36450,0
36451,1
36452,1
36453,2
36454,0
36455,2
36456,0
36457,0
36458,0
36459,1
36460,2
36461,0
36462,0
36463,0
36464,2
36465,2
36466,1
36467,0
36468,0
36469,0
36470,2
36471,1
36472,0
36473,0
36474,2
36475,2
36476,1
36477,1
36478,1
36479,2
36480,0
36481,0
36482,0
36483,1
36484,0
36485,0
36486,2
36487,2
36488,2
36489,0
36490,1
36491,2
36492,1
36493,0
36494,0
36495,0
36496,2
36497,0
36498,2
36499,0
36500,2
36501,2
36502,1
36503,0
36504,2
36505,0
36506,1
36507,1
36508,2
36509,2
36510,2
36511,2
36512,1
36513,2
36514,0
36515,0
36516,1
36517,1
36518,0
36519,0
36520,1
36521,0
36522,1
36523,0
36524,2
36525,2
36526,0
36527,1
36528,1
36529,0
36530,1
36531,2
36532,2
36533,2
36534,0
36535,2
36536,2
36537,0
36538,2
36539,1
36540,2
36541,0
36542,0
36543,1
36544,0
36545,1
36546,0
36547,2
36548,2
36549,0
36550,2
36551,2
36552,2
36553,0
36554,0
36555,0
36556,0
36557,2
36558,1
36559,1
36560,2
36561,1
36562,1
36563,1
36564,2
36565,2
36566,2
36567,2
36568,1
36569,0
36570,2
36571,2
36572,2
36573,2
36574,0
36575,0
36576,2
36577,2
36578,2
36579,2
36580,1
36581,0
36582,1
36583,0
36584,1
36585,1
36586,0
36587,2
36588,0
36589,0
36590,1
36591,2
36592,1
36593,0
36594,2
36595,2
36596,2
36597,1
36598,0
36599,0
36600,2
36601,0
36602,2
36603,0
36604,2
36605,0
36606,2
36607,2
36608,0
36609,2
36610,2
36611,1
36612,0
36613,2
36614,2
36615,0
36616,2
36617,1
36618,1
36619,2
36620,2
36621,0
36622,0
36623,0
36624,0
36625,0
36626,2
36627,0
36628,0
36629,0
36630,2
36631,2
36632,2
36633,2
36634,1
36635,0
36636,0
36637,1
36638,1
36639,0
36640,0
36641,1
36642,0
36643,0
36644,2
36645,2
36646,1
36647,0
36648,1
36649,0
36650,0
36651,0
36652,2
36653,0
36654,0
36655,0
36656,2
36657,0
36658,0
36659,0
36660,1
36661,0
36662,2
36663,2
36664,2
36665,2
36666,1
36667,2
36668,2
36669,1
36670,0
36671,2
36672,0
36673,2
36674,1
36675,0
36676,2
36677,2
36678,0
36679,2
36680,2
36681,0
36682,2
36683,0
36684,0
36685,2
36686,0
36687,1
36688,0
36689,0
36690,2
36691,2
36692,1
36693,0
36694,1
36695,2
36696,2
36697,1
36698,0
36699,1
36700,2
36701,0
36702,2
36703,1
36704,0
36705,0
36706,1
36707,1
36708,1
36709,2
36710,1
36711,0
36712,1
36713,0
36714,0
36715,2
36716,2
36717,0
36718,0
36719,0
36720,0
36721,2
36722,2
36723,2
36724,2
36725,1
36726,0
36727,0
36728,1
36729,2
36730,1
36731,1
36732,0
36733,0
36734,0
36735,1
36736,0
36737,2
36738,0
36739,1
36740,0
36741,2
36742,1
36743,0
36744,2
36745,1
36746,2
36747,1
36748,1
36749,1
36750,1
36751,2
36752,0
36753,0
36754,2
36755,2
36756,1
36757,0
36758,0
36759,1
36760,2
36761,0
36762,2
36763,1
36764,1
36765,0
36766,1
36767,0
36768,1
36769,2
36770,1
36771,0
36772,0
36773,2
36774,1
36775,1
36776,2
36777,1
36778,0
36779,1
36780,1
36781,1
36782,1
36783,0
36784,0
36785,0
36786,1
36787,2
36788,2
36789,1
36790,2
36791,0
36792,1
36793,0
36794,0
36795,2
36796,0
36797,0
36798,0
36799,2
36800,1
36801,0
36802,2
36803,2
36804,1
36805,0
36806,2
36807,2
36808,2
36809,0
36810,1
36811,0
36812,2
36813,1
36814,2
36815,2
36816,1
36817,0
36818,0
36819,2
36820,0
36821,1
36822,0
36823,0
36824,1
36825,2
36826,0
36827,2
36828,2
36829,0
36830,2
36831,0
36832,1
36833,2
36834,2
36835,2
36836,0
36837,0
36838,2
36839,1
36840,2
36841,0
36842,2
36843,2
36844,2
36845,0
36846,1
36847,2
36848,1
36849,0
36850,0
36851,2
36852,0
36853,1
36854,0
36855,0
36856,2
36857,0
36858,1
36859,1
36860,0
36861,2
36862,2
36863,0
36864,2
36865,2
36866,1
36867,0
36868,0
36869,2
36870,0
36871,0
36872,2
36873,0
36874,1
36875,0
36876,0
36877,1
36878,0
36879,1
36880,2
36881,1
36882,0
36883,2
36884,1
36885,2
36886,2
36887,2
36888,2
36889,0
36890,1
36891,2
36892,2
36893,2
36894,1
36895,1
36896,2
36897,0
36898,1
36899,2
36900,2
36901,0
36902,0
36903,2
36904,2
36905,1
36906,1
36907,0
36908,0
36909,2
36910,0
36911,2
36912,2
36913,2
36914,1
36915,2
36916,1
36917,2
36918,0
36919,2
36920,2
36921,2
36922,1
36923,1
36924,0
36925,0
36926,0
36927,1
36928,2
36929,0
36930,0
36931,0
36932,1
36933,2
36934,0
36935,0
36936,0
36937,2
36938,1
36939,0
36940,2
36941,2
36942,0
36943,2
36944,2
36945,1
36946,0
36947,1
36948,0
36949,2
36950,0
36951,1
36952,0
36953,2
36954,1
36955,0
36956,2
36957,2
36958,2
36959,2
36960,2
36961,2
36962,0
36963,0
36964,0
36965,1
36966,1
36967,2
36968,0
36969,1
36970,1
36971,0
36972,0
36973,2
36974,0
36975,2
36976,2
36977,1
36978,0
36979,2
36980,1
36981,2
36982,1
36983,0
36984,0
36985,0
36986,2
36987,0
36988,1
36989,0
36990,2
36991,2
36992,2
36993,0
36994,0
36995,2
36996,0
36997,1
36998,0
36999,2
37000,1
37001,0
37002,2
37003,0
37004,0
37005,0
37006,2
37007,2
37008,1
37009,2
37010,0
37011,2
37012,0
37013,0
37014,1
37015,1
37016,2
37017,1
37018,2
37019,1
37020,0
37021,2
37022,2
37023,2
37024,2
37025,2
37026,0
37027,2
37028,0
37029,2
37030,0
37031,2
37032,1
37033,2
37034,2
37035,2
37036,2
37037,2
37038,2
37039,0
37040,0
37041,2
37042,0
37043,2
37044,0
37045,1
37046,0
37047,1
37048,0
37049,2
37050,2
37051,0
37052,0
37053,0
37054,2
37055,2
37056,2
37057,0
37058,1
37059,2
37060,2
37061,1
37062,2
37063,0
37064,0
37065,2
37066,1
37067,0
37068,0
37069,1
37070,0
37071,1
37072,0
37073,0
37074,1
37075,0
37076,1
37077,0
37078,1
37079,2
37080,0
37081,0
37082,0
37083,0
37084,0
37085,1
37086,0
37087,2
37088,1
37089,0
37090,2
37091,2
37092,2
37093,2
37094,0
37095,0
37096,2
37097,2
37098,2
37099,1
37100,0
37101,0
37102,2
37103,0
37104,0
37105,0
37106,1
37107,2
37108,0
37109,2
37110,0
37111,2
37112,2
37113,2
37114,1
37115,0
37116,1
37117,0
37118,2
37119,0
37120,0
37121,2
37122,0
37123,0
37124,1
37125,2
37126,1
37127,0
37128,0
37129,0
37130,0
37131,0
37132,0
37133,2
37134,1
37135,2
37136,2
37137,0
37138,2
37139,0
37140,0
37141,0
37142,1
37143,0
37144,1
37145,0
37146,2
37147,0
37148,0
37149,0
37150,0
37151,2
37152,2
37153,2
37154,2
37155,2
37156,1
37157,1
37158,2
37159,2
37160,2
37161,0
37162,2
37163,0
37164,1
37165,0
37166,2
37167,0
37168,0
37169,1
37170,2
37171,0
37172,1
37173,1
37174,1
37175,0
37176,1
37177,2
37178,0
37179,2
37180,2
37181,0
37182,1
37183,2
37184,0
37185,0
37186,0
37187,2
37188,1
37189,0
37190,0
37191,1
37192,0
37193,2
37194,0
37195,2
37196,2
37197,0
37198,0
37199,0
37200,0
37201,0
37202,1
37203,0
37204,2
37205,1
37206,2
37207,2
37208,1
37209,0
37210,0
37211,0
37212,2
37213,2
37214,2
37215,2
37216,0
37217,0
37218,0
37219,1
37220,2
37221,0
37222,0
37223,2
37224,0
37225,2
37226,0
37227,1
37228,1
37229,1
37230,0
37231,0
37232,0
37233,2
37234,0
37235,2
37236,1
37237,0
37238,2
37239,0
37240,2
37241,2
37242,1
37243,2
37244,0
37245,2
37246,0
37247,2
37248,1
37249,2
37250,1
37251,2
37252,2
37253,2
37254,0
37255,0
37256,2
37257,0
37258,2
37259,0
37260,0
37261,0
37262,2
37263,2
37264,2
37265,0
37266,0
37267,0
37268,2
37269,0
37270,1
37271,0
37272,1
37273,0
37274,1
37275,0
37276,0
37277,2
37278,0
37279,2
37280,2
37281,0
37282,0
37283,0
37284,2
37285,2
37286,1
37287,0
37288,1
37289,2
37290,2
37291,2
37292,0
37293,0
37294,1
37295,0
37296,1
37297,0
37298,2
37299,1
37300,1
37301,0
37302,0
37303,1
37304,1
37305,1
37306,1
37307,0
37308,0
37309,1
37310,0
37311,0
37312,0
37313,0
37314,2
37315,1
37316,2
37317,2
37318,2
37319,1
37320,1
37321,0
37322,0
37323,2
37324,2
37325,1
37326,2
37327,2
37328,0
37329,2
37330,2
37331,0
37332,1
37333,0
37334,0
37335,1
37336,0
37337,0
37338,0
37339,2
37340,2
37341,2
37342,0
37343,1
37344,2
37345,0
37346,2
37347,0
37348,2
37349,0
37350,0
37351,1
37352,2
37353,0
37354,1
37355,0
37356,2
37357,1
37358,0
37359,0
37360,2
37361,0
37362,2
37363,0
37364,0
37365,0
37366,0
37367,0
37368,2
37369,2
37370,2
37371,1
37372,2
37373,2
37374,2
37375,1
37376,0
37377,2
37378,0
37379,2
37380,2
37381,0
37382,2
37383,2
37384,0
37385,2
37386,2
37387,0
37388,0
37389,0
37390,2
37391,2
37392,2
37393,1
37394,2
37395,2
37396,2
37397,0
37398,2
37399,0
37400,2
37401,2
37402,2
37403,2
37404,2
37405,2
37406,0
37407,2
37408,0
37409,2
37410,0
37411,0
37412,0
37413,2
37414,1
37415,1
37416,2
37417,2
37418,0
37419,1
37420,1
37421,1
37422,1
37423,2
37424,0
37425,0
37426,2
37427,1
37428,2
37429,0
37430,2
37431,0
37432,1
37433,1
37434,0
37435,2
37436,0
37437,1
37438,1
37439,1
37440,1
37441,0
37442,2
37443,0
37444,1
37445,0
37446,2
37447,1
37448,2
37449,1
37450,2
37451,2
37452,2
37453,0
37454,2
37455,2
37456,2
37457,2
37458,0
37459,2
37460,0
37461,1
37462,1
37463,0
37464,2
37465,0
37466,0
37467,1
37468,0
37469,2
37470,0
37471,1
37472,0
37473,2
37474,0
37475,2
37476,0
37477,2
37478,0
37479,1
37480,1
37481,0
37482,0
37483,0
37484,1
37485,2
37486,0
37487,0
37488,1
37489,0
37490,0
37491,1
37492,2
37493,0
37494,1
37495,2
37496,0
37497,1
37498,1
37499,0
37500,1
37501,0
37502,1
37503,0
37504,1
37505,1
37506,0
37507,1
37508,1
37509,0
37510,0
37511,0
37512,1
37513,0
37514,2
37515,2
37516,2
37517,2
37518,1
37519,1
37520,2
37521,2
37522,0
37523,1
37524,0
37525,2
37526,0
37527,1
37528,2
37529,2
37530,2
37531,2
37532,2
37533,2
37534,1
37535,2
37536,1
37537,0
37538,0
37539,0
37540,0
37541,0
37542,0
37543,0
37544,0
37545,2
37546,0
37547,0
37548,0
37549,2
37550,0
37551,0
37552,2
37553,1
37554,0
37555,1
37556,2
37557,0
37558,1
37559,2
37560,2
37561,2
37562,2
37563,0
37564,2
37565,2
37566,2
37567,1
37568,1
37569,1
37570,0
37571,0
37572,0
37573,1
37574,2
37575,2
37576,2
37577,0
37578,0
37579,1
37580,2
37581,1
37582,1
37583,0
37584,2
37585,2
37586,0
37587,1
37588,2
37589,1
37590,0
37591,2
37592,0
37593,2
37594,2
37595,1
37596,2
37597,1
37598,0
37599,2
37600,2
37601,0
37602,0
37603,0
37604,1
37605,0
37606,1
37607,2
37608,2
37609,1
37610,1
37611,0
37612,1
37613,2
37614,2
37615,1
37616,0
37617,0
37618,2
37619,2
37620,1
37621,1
37622,2
37623,2
37624,0
37625,0
37626,0
37627,2
37628,2
37629,1
37630,2
37631,0
37632,2
37633,2
37634,1
37635,0
37636,0
37637,1
37638,1
37639,0
37640,1
37641,2
37642,0
37643,2
37644,2
37645,2
37646,2
37647,0
37648,2
37649,2
37650,2
37651,2
37652,0
37653,0
37654,1
37655,1
37656,2
37657,1
37658,0
37659,0
37660,1
37661,0
37662,2
37663,2
37664,0
37665,1
37666,2
37667,1
37668,0
37669,1
37670,1
37671,0
37672,2
37673,2
37674,2
37675,2
37676,2
37677,2
37678,0
37679,2
37680,2
37681,2
37682,2
37683,2
37684,2
37685,2
37686,0
37687,2
37688,2
37689,0
37690,2
37691,2
37692,2
37693,1
37694,0
37695,2
37696,0
37697,2
37698,2
37699,2
37700,0
37701,2
37702,2
37703,1
37704,2
37705,1
37706,2
37707,2
37708,2
37709,2
37710,2
37711,2
37712,2
37713,2
37714,0
37715,0
37716,1
37717,2
37718,1
37719,1
37720,0
37721,2
37722,1
37723,1
37724,0
37725,2
37726,0
37727,0
37728,2
37729,1
37730,1
37731,1
37732,1
37733,2
37734,2
37735,2
37736,0
37737,2
37738,0
37739,2
37740,2
37741,0
37742,0
37743,1
37744,0
37745,1
37746,0
37747,2
37748,2
37749,1
37750,2
37751,2
37752,1
37753,0
37754,0
37755,1
37756,2
37757,1
37758,2
37759,1
37760,2
37761,0
37762,1
37763,2
37764,0
37765,2
37766,0
37767,0
37768,2
37769,0
37770,2
37771,2
37772,2
37773,0
37774,0
37775,0
37776,0
37777,1
37778,2
37779,2
37780,2
37781,0
37782,0
37783,2
37784,2
37785,2
37786,2
37787,0
37788,0
37789,0
37790,0
37791,1
37792,0
37793,0
37794,0
37795,0
37796,2
37797,0
37798,2
37799,0
37800,1
37801,0
37802,1
37803,1
37804,1
37805,0
37806,0
37807,1
37808,0
37809,1
37810,2
37811,2
37812,2
37813,2
37814,1
37815,2
37816,1
37817,2
37818,0
37819,0
37820,0
37821,2
37822,1
37823,0
37824,1
37825,2
37826,0
37827,1
37828,1
37829,2
37830,1
37831,0
37832,0
37833,0
37834,1
37835,0
37836,0
37837,0
37838,2
37839,0
37840,2
37841,2
37842,2
37843,0
37844,2
37845,0
37846,0
37847,0
37848,2
37849,2
37850,1
37851,0
37852,0
37853,2
37854,2
37855,1
37856,2
37857,1
37858,0
37859,2
37860,0
37861,0
37862,2
37863,2
37864,2
37865,0
37866,2
37867,0
37868,1
37869,1
37870,0
37871,1
37872,2
37873,1
37874,2
37875,1
37876,0
37877,0
37878,0
37879,1
37880,0
37881,2
37882,2
37883,1
37884,0
37885,2
37886,0
37887,0
37888,0
37889,2
37890,1
37891,1
37892,2
37893,0
37894,1
37895,0
37896,2
37897,2
37898,2
37899,0
37900,0
37901,0
37902,1
37903,2
37904,0
37905,0
37906,1
37907,0
37908,2
37909,2
37910,2
37911,1
37912,2
37913,1
37914,2
37915,1
37916,0
37917,2
37918,2
37919,1
37920,0
37921,0
37922,0
37923,2
37924,2
37925,0
37926,0
37927,0
37928,0
37929,1
37930,2
37931,0
37932,2
37933,0
37934,0
37935,2
37936,0
37937,2
37938,2
37939,2
37940,0
37941,1
37942,0
37943,1
37944,1
37945,1
37946,1
37947,1
37948,1
37949,2
37950,0
37951,2
37952,0
37953,2
37954,1
37955,2
37956,1
37957,2
37958,2
37959,2
37960,0
37961,0
37962,0
37963,0
37964,0
37965,2
37966,2
37967,0
37968,0
37969,0
37970,0
37971,2
37972,1
37973,2
37974,1
37975,2
37976,1
37977,0
37978,1
37979,1
37980,2
37981,0
37982,1
37983,2
37984,1
37985,2
37986,2
37987,0
37988,2
37989,1
37990,0
37991,2
37992,1
37993,2
37994,2
37995,1
37996,0
37997,1
37998,1
37999,0
38000,2
38001,0
38002,2
38003,0
38004,0
38005,1
38006,0
38007,2
38008,1
38009,2
38010,0
38011,0
38012,2
38013,2
38014,2
38015,2
38016,1
38017,0
38018,2
38019,0
38020,1
38021,1
38022,1
38023,0
38024,2
38025,2
38026,0
38027,0
38028,0
38029,2
38030,1
38031,2
38032,2
38033,0
38034,1
38035,2
38036,0
38037,0
38038,0
38039,1
38040,0
38041,0
38042,2
38043,1
38044,0
38045,2
38046,0
38047,2
38048,0
38049,1
38050,0
38051,0
38052,1
38053,1
38054,1
38055,0
38056,1
38057,0
38058,1
38059,2
38060,0
38061,0
38062,1
38063,1
38064,2
38065,0
38066,2
38067,2
38068,0
38069,0
38070,0
38071,2
38072,0
38073,1
38074,0
38075,0
38076,2
38077,0
38078,2
38079,0
38080,0
38081,1
38082,0
38083,2
38084,2
38085,2
38086,1
38087,2
38088,2
38089,0
38090,0
38091,0
38092,0
38093,0
38094,1
38095,2
38096,0
38097,2
38098,2
38099,0
38100,0
38101,2
38102,1
38103,1
38104,2
38105,0
38106,2
38107,0
38108,1
38109,0
38110,1
38111,0
38112,1
38113,2
38114,1
38115,1
38116,2
38117,2
38118,1
38119,2
38120,2
38121,1
38122,0
38123,0
38124,0
38125,0
38126,0
38127,1
38128,1
38129,1
38130,0
38131,0
38132,2
38133,1
38134,1
38135,0
38136,0
38137,2
38138,2
38139,2
38140,2
38141,2
38142,0
38143,2
38144,1
38145,2
38146,1
38147,2
38148,0
38149,2
38150,1
38151,1
38152,1
38153,2
38154,2
38155,2
38156,2
38157,2
38158,1
38159,1
38160,2
38161,2
38162,0
38163,0
38164,2
38165,0
38166,0
38167,0
38168,0
38169,2
38170,0
38171,1
38172,1
38173,0
38174,1
38175,2
38176,2
38177,0
38178,1
38179,0
38180,0
38181,2
38182,2
38183,0
38184,2
38185,1
38186,0
38187,2
38188,2
38189,0
38190,0
38191,1
38192,0
38193,1
38194,1
38195,1
38196,1
38197,1
38198,0
38199,0
38200,0
38201,0
38202,1
38203,2
38204,1
38205,2
38206,1
38207,2
38208,2
38209,2
38210,0
38211,0
38212,2
38213,0
38214,1
38215,1
38216,0
38217,0
38218,0
38219,2
38220,0
38221,0
38222,2
38223,1
38224,2
38225,1
38226,2
38227,0
38228,0
38229,2
38230,2
38231,0
38232,0
38233,0
38234,2
38235,2
38236,1
38237,1
38238,0
38239,1
38240,1
38241,1
38242,1
38243,0
38244,1
38245,2
38246,2
38247,2
38248,0
38249,2
38250,1
38251,0
38252,0
38253,1
38254,2
38255,0
38256,0
38257,2
38258,2
38259,2
38260,0
38261,0
38262,1
38263,1
38264,1
38265,1
38266,2
38267,1
38268,1
38269,0
38270,0
38271,1
38272,2
38273,2
38274,0
38275,0
38276,0
38277,0
38278,2
38279,1
38280,2
38281,2
38282,0
38283,2
38284,2
38285,0
38286,0
38287,0
38288,0
38289,0
38290,2
38291,0
38292,1
38293,1
38294,2
38295,2
38296,1
38297,2
38298,2
38299,2
38300,0
38301,0
38302,0
38303,0
38304,2
38305,0
38306,1
38307,2
38308,2
38309,2
38310,2
38311,0
38312,2
38313,2
38314,2
38315,2
38316,0
38317,1
38318,1
38319,1
38320,2
38321,0
38322,2
38323,1
38324,1
38325,0
38326,2
38327,1
38328,0
38329,0
38330,0
38331,0
38332,1
38333,0
38334,1
38335,2
38336,2
38337,2
38338,2
38339,1
38340,1
38341,1
38342,2
38343,0
38344,0
38345,1
38346,2
38347,0
38348,0
38349,0
38350,2
38351,0
38352,2
38353,1
38354,1
38355,0
38356,0
38357,0
38358,2
38359,2
38360,0
38361,0
38362,1
38363,0
38364,2
38365,0
38366,1
38367,2
38368,0
38369,2
38370,2
38371,0
38372,0
38373,2
38374,1
38375,2
38376,2
38377,0
38378,2
38379,2
38380,2
38381,2
38382,2
38383,2
38384,2
38385,2
38386,0
38387,2
38388,0
38389,2
38390,2
38391,2
38392,1
38393,0
38394,2
38395,1
38396,0
38397,1
38398,0
38399,1
38400,2
38401,0
38402,0
38403,0
38404,0
38405,2
38406,2
38407,2
38408,1
38409,0
38410,2
38411,2
38412,1
38413,0
38414,1
38415,0
38416,2
38417,2
38418,1
38419,0
38420,2
38421,2
38422,2
38423,2
38424,1
38425,2
38426,1
38427,2
38428,2
38429,1
38430,0
38431,0
38432,2
38433,2
38434,0
38435,2
38436,0
38437,0
38438,2
38439,0
38440,1
38441,2
38442,0
38443,0
38444,2
38445,0
38446,0
38447,2
38448,2
38449,1
38450,0
38451,0
38452,0
38453,0
38454,0
38455,1
38456,1
38457,1
38458,1
38459,0
38460,0
38461,0
38462,0
38463,0
38464,2
38465,0
38466,2
38467,2
38468,0
38469,2
38470,0
38471,1
38472,2
38473,0
38474,1
38475,1
38476,1
38477,0
38478,2
38479,0
38480,0
38481,0
38482,1
38483,1
38484,0
38485,0
38486,0
38487,0
38488,2
38489,0
38490,2
38491,0
38492,1
38493,1
38494,0
38495,2
38496,0
38497,0
38498,2
38499,2
38500,2
38501,0
38502,2
38503,2
38504,2
38505,1
38506,1
38507,2
38508,1
38509,0
38510,0
38511,1
38512,2
38513,1
38514,2
38515,0
38516,1
38517,2
38518,2
38519,0
38520,0
38521,2
38522,0
38523,2
38524,0
38525,0
38526,0
38527,2
38528,2
38529,0
38530,0
38531,1
38532,2
38533,1
38534,0
38535,2
38536,2
38537,2
38538,2
38539,2
38540,0
38541,0
38542,2
38543,0
38544,0
38545,2
38546,2
38547,0
38548,0
38549,0
38550,2
38551,0
38552,0
38553,2
38554,0
38555,1
38556,0
38557,0
38558,2
38559,1
38560,2
38561,0
38562,2
38563,2
38564,1
38565,2
38566,0
38567,0
38568,2
38569,1
38570,2
38571,2
38572,0
38573,1
38574,0
38575,0
38576,1
38577,0
38578,2
38579,0
38580,2
38581,1
38582,0
38583,2
38584,0
38585,2
38586,2
38587,2
38588,0
38589,0
38590,1
38591,0
38592,0
38593,1
38594,0
38595,2
38596,2
38597,0
38598,1
38599,1
38600,2
38601,2
38602,0
38603,0
38604,2
38605,0
38606,0
38607,1
38608,0
38609,2
38610,1
38611,1
38612,1
38613,2
38614,2
38615,2
38616,2
38617,0
38618,0
38619,2
38620,0
38621,2
38622,0
38623,2
38624,1
38625,0
38626,1
38627,2
38628,2
38629,2
38630,0
38631,0
38632,2
38633,1
38634,2
38635,2
38636,2
38637,2
38638,0
38639,2
38640,0
38641,2
38642,1
38643,1
38644,2
38645,0
38646,0
38647,0
38648,0
38649,0
38650,0
38651,0
38652,0
38653,1
38654,2
38655,2
38656,2
38657,1
38658,2
38659,2
38660,1
38661,1
38662,0
38663,2
38664,0
38665,0
38666,1
38667,0
38668,0
38669,0
38670,0
38671,0
38672,2
38673,0
38674,2
38675,0
38676,2
38677,0
38678,2
38679,2
38680,2
38681,2
38682,1
38683,1
38684,2
38685,2
38686,0
38687,0
38688,0
38689,2
38690,0
38691,2
38692,2
38693,0
38694,2
38695,2
38696,2
38697,2
38698,0
38699,0
38700,2
38701,2
38702,1
38703,0
38704,2
38705,2
38706,1
38707,0
38708,2
38709,0
38710,1
38711,2
38712,0
38713,0
38714,0
38715,1
38716,1
38717,0
38718,2
38719,1
38720,2
38721,0
38722,0
38723,2
38724,2
38725,0
38726,2
38727,1
38728,2
38729,1
38730,2
38731,0
38732,1
38733,2
38734,1
38735,2
38736,2
38737,1
38738,0
38739,0
38740,0
38741,0
38742,0
38743,0
38744,0
38745,0
38746,2
38747,1
38748,1
38749,0
38750,2
38751,1
38752,0
38753,0
38754,2
38755,0
38756,0
38757,0
38758,0
38759,0
38760,0
38761,2
38762,1
38763,1
38764,2
38765,1
38766,1
38767,1
38768,1
38769,1
38770,1
38771,1
38772,0
38773,2
38774,2
38775,1
38776,1
38777,1
38778,0
38779,1
38780,0
38781,0
38782,0
38783,1
38784,2
38785,2
38786,1
38787,1
38788,2
38789,1
38790,2
38791,1
38792,1
38793,1
38794,1
38795,0
38796,2
38797,0
38798,0
38799,1
38800,0
38801,1
38802,0
38803,2
38804,1
38805,1
38806,0
38807,2
38808,2
38809,2
38810,2
38811,0
38812,2
38813,0
38814,0
38815,1
38816,2
38817,2
38818,0
38819,1
38820,2
38821,2
38822,2
38823,0
38824,0
38825,0
38826,2
38827,2
38828,0
38829,1
38830,0
38831,1
38832,0
38833,0
38834,0
38835,2
38836,1
38837,0
38838,0
38839,0
38840,2
38841,0
38842,2
38843,2
38844,2
38845,0
38846,2
38847,2
38848,0
38849,2
38850,0
38851,2
38852,1
38853,0
38854,2
38855,0
38856,1
38857,0
38858,1
38859,1
38860,0
38861,0
38862,2
38863,0
38864,0
38865,0
38866,0
38867,2
38868,0
38869,0
38870,0
38871,0
38872,0
38873,1
38874,2
38875,1
38876,2
38877,1
38878,1
38879,1
38880,2
38881,1
38882,2
38883,2
38884,2
38885,2
38886,0
38887,0
38888,2
38889,2
38890,0
38891,1
38892,0
38893,0
38894,2
38895,0
38896,1
38897,2
38898,1
38899,2
38900,0
38901,0
38902,2
38903,1
38904,1
38905,1
38906,1
38907,2
38908,0
38909,0
38910,2
38911,0
38912,2
38913,2
38914,0
38915,2
38916,1
38917,2
38918,0
38919,2
38920,0
38921,2
38922,1
38923,2
38924,2
38925,1
38926,2
38927,0
38928,1
38929,1
38930,2
38931,0
38932,0
38933,1
38934,1
38935,2
38936,0
38937,1
38938,2
38939,2
38940,1
38941,0
38942,1
38943,0
38944,1
38945,1
38946,1
38947,1
38948,1
38949,1
38950,2
38951,1
38952,0
38953,1
38954,0
38955,1
38956,2
38957,2
38958,1
38959,0
38960,2
38961,2
38962,2
38963,0
38964,0
38965,0
38966,0
38967,2
38968,1
38969,2
38970,0
38971,2
38972,2
38973,0
38974,0
38975,1
38976,1
38977,0
38978,2
38979,2
38980,1
38981,1
38982,2
38983,0
38984,0
38985,0
38986,1
38987,2
38988,1
38989,2
38990,2
38991,2
38992,2
38993,2
38994,2
38995,0
38996,1
38997,0
38998,1
38999,1
39000,2
39001,0
39002,2
39003,2
39004,2
39005,2
39006,2
39007,2
39008,2
39009,2
39010,0
39011,0
39012,0
39013,2
39014,2
39015,2
39016,1
39017,0
39018,0
39019,2
39020,0
39021,1
39022,2
39023,2
39024,2
39025,2
39026,2
39027,2
39028,0
39029,2
39030,1
39031,0
39032,1
39033,0
39034,0
39035,0
39036,0
39037,2
39038,0
39039,2
39040,0
39041,1
39042,0
39043,2
39044,1
39045,2
39046,1
39047,0
39048,0
39049,1
39050,0
39051,0
39052,2
39053,2
39054,2
39055,2
39056,1
39057,1
39058,0
39059,1
39060,1
39061,2
39062,2
39063,0
39064,1
39065,2
39066,0
39067,0
39068,2
39069,0
39070,0
39071,2
39072,2
39073,1
39074,2
39075,0
39076,0
39077,1
39078,0
39079,1
39080,1
39081,0
39082,2
39083,2
39084,2
39085,0
39086,2
39087,2
39088,0
39089,2
39090,0
39091,0
39092,0
39093,0
39094,0
39095,0
39096,2
39097,0
39098,2
39099,2
39100,0
39101,2
39102,1
39103,0
39104,2
39105,0
39106,0
39107,0
39108,2
39109,1
39110,0
39111,2
39112,2
39113,2
39114,0
39115,0
39116,1
39117,0
39118,1
39119,0
39120,0
39121,2
39122,0
39123,2
39124,0
39125,2
39126,2
39127,2
39128,2
39129,2
39130,1
39131,0
39132,1
39133,0
39134,2
39135,1
39136,2
39137,2
39138,0
39139,0
39140,2
39141,2
39142,2
39143,0
39144,2
39145,1
39146,2
39147,2
39148,2
39149,2
39150,2
39151,0
39152,0
39153,1
39154,0
39155,0
39156,1
39157,1
39158,2
39159,1
39160,0
39161,1
39162,0
39163,2
39164,1
39165,0
39166,2
39167,0
39168,0
39169,1
39170,2
39171,0
39172,1
39173,2
39174,1
39175,2
39176,1
39177,0
39178,1
39179,1
39180,2
39181,0
39182,2
39183,0
39184,0
39185,2
39186,2
39187,2
39188,2
39189,2
39190,2
39191,2
39192,0
39193,0
39194,0
39195,1
39196,2
39197,1
39198,0
39199,0
39200,2
39201,2
39202,0
39203,2
39204,2
39205,0
39206,1
39207,1
39208,0
39209,2
39210,0
39211,0
39212,2
39213,2
39214,2
39215,1
39216,0
39217,2
39218,1
39219,2
39220,0
39221,1
39222,1
39223,2
39224,0
39225,0
39226,2
39227,2
39228,1
39229,0
39230,1
39231,1
39232,0
39233,2
39234,0
39235,1
39236,1
39237,2
39238,0
39239,0
39240,2
39241,2
39242,0
39243,2
39244,0
39245,2
39246,2
39247,0
39248,0
39249,0
39250,1
39251,0
39252,0
39253,2
39254,1
39255,2
39256,2
39257,1
39258,0
39259,2
39260,0
39261,2
39262,1
39263,0
39264,2
39265,1
39266,2
39267,2
39268,1
39269,2
39270,2
39271,0
39272,0
39273,0
39274,0
39275,2
39276,1
39277,2
39278,1
39279,0
39280,2
39281,2
39282,0
39283,0
39284,0
39285,1
39286,2
39287,2
39288,0
39289,1
39290,2
39291,1
39292,2
39293,2
39294,2
39295,0
39296,0
39297,2
39298,1
39299,2
39300,2
39301,0
39302,2
39303,2
39304,0
39305,0
39306,1
39307,0
39308,0
39309,0
39310,1
39311,0
39312,2
39313,0
39314,2
39315,0
39316,0
39317,0
39318,1
39319,1
39320,2
39321,0
39322,2
39323,2
39324,1
39325,2
39326,1
39327,1
39328,0
39329,1
39330,2
39331,0
39332,0
39333,0
39334,0
39335,1
39336,0
39337,1
39338,0
39339,0
39340,1
39341,2
39342,2
39343,0
39344,2
39345,0
39346,1
39347,0
39348,2
39349,2
39350,0
39351,2
39352,1
39353,0
39354,1
39355,1
39356,2
39357,2
39358,0
39359,1
39360,2
39361,0
39362,1
39363,0
39364,1
39365,1
39366,0
39367,0
39368,0
39369,1
39370,0
39371,1
39372,0
39373,1
39374,0
39375,0
39376,0
39377,1
39378,2
39379,0
39380,1
39381,2
39382,0
39383,2
39384,1
39385,2
39386,1
39387,1
39388,2
39389,1
39390,0
39391,2
39392,1
39393,0
39394,1
39395,0
39396,2
39397,2
39398,0
39399,2
39400,0
39401,0
39402,0
39403,2
39404,2
39405,1
39406,0
39407,1
39408,1
39409,0
39410,1
39411,2
39412,0
39413,1
39414,1
39415,0
39416,0
39417,2
39418,1
39419,0
39420,0
39421,2
39422,0
39423,0
39424,2
39425,2
39426,1
39427,2
39428,2
39429,2
39430,0
39431,2
39432,2
39433,2
39434,2
39435,2
39436,1
39437,0
39438,1
39439,0
39440,1
39441,1
39442,0
39443,0
39444,1
39445,0
39446,2
39447,2
39448,0
39449,2
39450,1
39451,1
39452,2
39453,1
39454,2
39455,0
39456,0
39457,1
39458,2
39459,0
39460,2
39461,0
39462,2
39463,2
39464,0
39465,2
39466,2
39467,0
39468,0
39469,2
39470,0
39471,2
39472,0
39473,0
39474,0
39475,1
39476,2
39477,0
39478,0
39479,1
39480,0
39481,2
39482,0
39483,2
39484,2
39485,2
39486,2
39487,0
39488,0
39489,1
39490,2
39491,1
39492,1
39493,0
39494,1
39495,0
39496,2
39497,1
39498,2
39499,0
39500,0
39501,0
39502,0
39503,1
39504,2
39505,2
39506,0
39507,2
39508,1
39509,0
39510,2
39511,1
39512,1
39513,2
39514,0
39515,1
39516,0
39517,2
39518,0
39519,2
39520,1
39521,0
39522,2
39523,2
39524,2
39525,0
39526,2
39527,2
39528,1
39529,2
39530,0
39531,0
39532,2
39533,2
39534,2
39535,2
39536,1
39537,2
39538,2
39539,1
39540,0
39541,1
39542,2
39543,2
39544,0
39545,2
39546,2
39547,1
39548,2
39549,0
39550,2
39551,1
39552,2
39553,2
39554,2
39555,2
39556,0
39557,1
39558,2
39559,1
39560,0
39561,0
39562,0
39563,2
39564,0
39565,0
39566,0
39567,0
39568,2
39569,0
39570,0
39571,0
39572,2
39573,1
39574,2
39575,2
39576,1
39577,2
39578,1
39579,1
39580,0
39581,0
39582,0
39583,2
39584,0
39585,2
39586,2
39587,0
39588,0
39589,1
39590,2
39591,0
39592,1
39593,0
39594,2
39595,2
39596,0
39597,2
39598,1
39599,0
39600,0
39601,2
39602,1
39603,0
39604,1
39605,0
39606,0
39607,0
39608,0
39609,0
39610,1
39611,0
39612,2
39613,2
39614,1
39615,0
39616,0
39617,1
39618,1
39619,2
39620,2
39621,1
39622,0
39623,0
39624,0
39625,1
39626,0
39627,2
39628,0
39629,1
39630,0
39631,0
39632,0
39633,0
39634,1
39635,0
39636,2
39637,2
39638,1
39639,0
39640,2
39641,1
39642,0
39643,2
39644,0
39645,1
39646,0
39647,1
39648,2
39649,2
39650,2
39651,2
39652,0
39653,2
39654,0
39655,2
39656,2
39657,1
39658,1
39659,1
39660,0
39661,2
39662,2
39663,0
39664,0
39665,1
39666,2
39667,2
39668,2
39669,1
39670,2
39671,0
39672,1
39673,2
39674,0
39675,2
39676,2
39677,0
39678,0
39679,2
39680,1
39681,0
39682,0
39683,1
39684,0
39685,1
39686,0
39687,2
39688,1
39689,0
39690,1
39691,1
39692,1
39693,2
39694,2
39695,0
39696,2
39697,2
39698,2
39699,2
39700,2
39701,1
39702,0
39703,0
39704,2
39705,1
39706,0
39707,2
39708,1
39709,2
39710,2
39711,0
39712,2
39713,0
39714,0
39715,2
39716,2
39717,0
39718,2
39719,2
39720,0
39721,0
39722,2
39723,0
39724,2
39725,2
39726,1
39727,0
39728,1
39729,0
39730,1
39731,0
39732,2
39733,2
39734,0
39735,2
39736,1
39737,2
39738,1
39739,1
39740,2
39741,0
39742,2
39743,0
39744,0
39745,2
39746,2
39747,2
39748,0
39749,2
39750,2
39751,1
39752,2
39753,2
39754,2
39755,0
39756,2
39757,1
39758,0
39759,0
39760,2
39761,1
39762,1
39763,2
39764,0
39765,0
39766,0
39767,2
39768,2
39769,1
39770,2
39771,2
39772,2
39773,0
39774,1
39775,2
39776,2
39777,2
39778,2
39779,1
39780,1
39781,0
39782,1
39783,0
39784,0
39785,2
39786,0
39787,0
39788,0
39789,0
39790,2
39791,1
39792,2
39793,0
39794,2
39795,1
39796,2
39797,0
39798,0
39799,1
39800,1
39801,2
39802,2
39803,2
39804,1
39805,0
39806,2
39807,0
39808,1
39809,1
39810,0
39811,0
39812,0
39813,2
39814,1
39815,0
39816,1
39817,2
39818,2
39819,1
39820,0
39821,0
39822,2
39823,2
39824,1
39825,0
39826,0
39827,0
39828,0
39829,2
39830,1
39831,0
39832,1
39833,2
39834,0
39835,1
39836,1
39837,0
39838,0
39839,2
39840,0
39841,0
39842,1
39843,2
39844,2
39845,1
39846,2
39847,0
39848,0
39849,0
39850,2
39851,0
39852,2
39853,0
39854,0
39855,2
39856,2
39857,2
39858,1
39859,0
39860,2
39861,2
39862,2
39863,0
39864,0
39865,2
39866,2
39867,1
39868,1
39869,1
39870,1
39871,0
39872,2
39873,0
39874,2
39875,0
39876,2
39877,2
39878,2
39879,2
39880,0
39881,1
39882,0
39883,0
39884,1
39885,1
39886,1
39887,0
39888,0
39889,2
39890,0
39891,0
39892,2
39893,0
39894,0
39895,2
39896,2
39897,0
39898,0
39899,0
39900,0
39901,2
39902,1
39903,1
39904,2
39905,2
39906,1
39907,0
39908,0
39909,1
39910,0
39911,1
39912,0
39913,2
39914,1
39915,0
39916,1
39917,2
39918,2
39919,0
39920,1
39921,2
39922,2
39923,1
39924,2
39925,1
39926,0
39927,2
39928,2
39929,1
39930,0
39931,2
39932,0
39933,1
39934,2
39935,1
39936,1
39937,0
39938,1
39939,2
39940,2
39941,2
39942,1
39943,0
39944,2
39945,1
39946,2
39947,2
39948,2
39949,0
39950,2
39951,0
39952,1
39953,1
39954,1
39955,0
39956,1
39957,2
39958,2
39959,2
39960,2
39961,1
39962,0
39963,0
39964,2
39965,2
39966,1
39967,1
39968,0
39969,0
39970,2
39971,1
39972,2
39973,2
39974,0
39975,0
39976,1
39977,2
39978,2
39979,2
39980,2
39981,2
39982,2
39983,2
39984,1
39985,2
39986,0
39987,2
39988,2
39989,2
39990,1
39991,0
39992,1
39993,2
39994,2
39995,0
39996,2
39997,2
39998,0
39999,0
40000,1
40001,2
40002,2
40003,0
40004,1
40005,0
40006,0
40007,2
40008,1
40009,2
40010,0
40011,2
40012,0
40013,1
40014,1
40015,0
40016,0
40017,1
40018,0
40019,0
40020,2
40021,2
40022,0
40023,1
40024,2
40025,0
40026,1
40027,0
40028,2
40029,2
40030,2
40031,1
40032,1
40033,0
40034,2
40035,2
40036,1
40037,1
40038,2
40039,0
40040,1
40041,2
40042,2
40043,0
40044,1
40045,0
40046,2
40047,2
40048,2
40049,2
40050,0
40051,2
40052,1
40053,1
40054,0
40055,0
40056,0
40057,0
40058,2
40059,0
40060,1
40061,0
40062,0
40063,2
40064,2
40065,2
40066,0
40067,2
40068,0
40069,0
40070,0
40071,2
40072,2
40073,2
40074,1
40075,2
40076,0
40077,1
40078,1
40079,0
40080,0
40081,2
40082,1
40083,1
40084,2
40085,0
40086,0
40087,0
40088,1
40089,0
40090,2
40091,2
40092,2
40093,2
40094,2
40095,0
40096,0
40097,0
40098,2
40099,0
40100,0
40101,2
40102,2
40103,2
40104,0
40105,1
40106,2
40107,2
40108,0
40109,2
40110,0
40111,1
40112,1
40113,0
40114,0
40115,2
40116,1
40117,1
40118,2
40119,1
40120,1
40121,0
40122,1
40123,2
40124,0
40125,2
40126,0
40127,0
40128,0
40129,0
40130,0
40131,2
40132,2
40133,2
40134,2
40135,1
40136,0
40137,0
40138,0
40139,2
40140,2
40141,0
40142,0
40143,2
40144,2
40145,2
40146,2
40147,1
40148,2
40149,2
40150,1
40151,1
40152,0
40153,0
40154,1
40155,0
40156,1
40157,2
40158,0
40159,1
40160,0
40161,1
40162,0
40163,0
40164,2
40165,0
40166,0
40167,2
40168,2
40169,2
40170,0
40171,2
40172,2
40173,0
40174,2
40175,2
40176,2
40177,0
40178,0
40179,2
40180,0
40181,2
40182,2
40183,0
40184,1
40185,1
40186,2
40187,0
40188,0
40189,2
40190,2
40191,2
40192,0
40193,0
40194,0
40195,1
40196,2
40197,2
40198,2
40199,2
40200,0
40201,2
40202,0
40203,1
40204,0
40205,2
40206,0
40207,1
40208,2
40209,1
40210,1
40211,2
40212,0
40213,0
40214,1
40215,0
40216,2
40217,0
40218,1
40219,1
40220,0
40221,1
40222,1
40223,1
40224,1
40225,0
40226,0
40227,1
40228,2
40229,1
40230,2
40231,2
40232,2
40233,2
40234,0
40235,1
40236,2
40237,0
40238,1
40239,1
40240,0
40241,2
40242,2
40243,2
40244,0
40245,1
40246,2
40247,2
40248,2
40249,0
40250,0
40251,0
40252,0
40253,0
40254,0
40255,2
40256,0
40257,0
40258,2
40259,2
40260,1
40261,0
40262,1
40263,0
40264,2
40265,0
40266,2
40267,0
40268,0
40269,0
40270,1
40271,1
40272,0
40273,2
40274,0
40275,0
40276,0
40277,2
40278,1
40279,0
40280,0
40281,1
40282,0
40283,1
40284,0
40285,0
40286,1
40287,0
40288,2
40289,0
40290,0
40291,1
40292,2
40293,0
40294,0
40295,2
40296,0
40297,2
40298,0
40299,0
40300,0
40301,2
40302,0
40303,1
40304,1
40305,1
40306,2
40307,2
40308,1
40309,0
40310,0
40311,2
40312,2
40313,2
40314,2
40315,2
40316,2
40317,0
40318,2
40319,1
40320,1
40321,1
40322,0
40323,0
40324,2
40325,0
40326,1
40327,2
40328,1
40329,1
40330,1
40331,0
40332,0
40333,1
40334,2
40335,0
40336,0
40337,2
40338,0
40339,2
40340,2
40341,2
40342,0
40343,2
40344,2
40345,0
40346,2
40347,2
40348,1
40349,1
40350,0
40351,2
40352,1
40353,0
40354,2
40355,1
40356,2
40357,1
40358,1
40359,2
40360,2
40361,2
40362,2
40363,0
40364,1
40365,0
40366,2
40367,2
40368,2
40369,0
40370,1
40371,1
40372,0
40373,0
40374,1
40375,0
40376,2
40377,2
40378,2
40379,0
40380,0
40381,1
40382,1
40383,1
40384,2
40385,0
40386,0
40387,1
40388,2
40389,1
40390,0
40391,2
40392,0
40393,1
40394,0
40395,2
40396,1
40397,2
40398,0
40399,1
40400,1
40401,2
40402,2
40403,2
40404,0
40405,1
40406,2
40407,2
40408,1
40409,1
40410,1
40411,2
40412,1
40413,0
40414,2
40415,2
40416,0
40417,0
40418,2
40419,2
40420,0
40421,2
40422,0
40423,1
40424,2
40425,1
40426,1
40427,1
40428,0
40429,2
40430,2
40431,0
40432,2
40433,0
40434,1
40435,1
40436,0
40437,0
40438,0
40439,2
40440,1
40441,0
40442,1
40443,2
40444,0
40445,2
40446,2
40447,1
40448,2
40449,0
40450,2
40451,2
40452,0
40453,2
40454,0
40455,1
40456,2
40457,0
40458,0
40459,1
40460,2
40461,2
40462,0
40463,0
40464,0
40465,2
40466,0
40467,2
40468,2
40469,1
40470,1
40471,1
40472,0
40473,1
40474,1
40475,2
40476,2
40477,1
40478,2
40479,2
40480,0
40481,2
40482,2
40483,0
40484,2
40485,1
40486,0
40487,0
40488,2
40489,1
40490,1
40491,2
40492,2
40493,2
40494,0
40495,0
40496,2
40497,0
40498,0
40499,2
40500,0
40501,2
40502,1
40503,1
40504,2
40505,0
40506,2
40507,0
40508,0
40509,0
40510,0
40511,2
40512,2
40513,2
40514,0
40515,0
40516,0
40517,2
40518,2
40519,1
40520,0
40521,1
40522,1
40523,0
40524,2
40525,0
40526,1
40527,1
40528,1
40529,1
40530,2
40531,2
40532,1
40533,0
40534,2
40535,2
40536,2
40537,2
40538,2
40539,1
40540,0
40541,2
40542,0
40543,2
40544,1
40545,2
40546,0
40547,2
40548,1
40549,0
40550,1
40551,0
40552,0
40553,2
40554,0
40555,0
40556,2
40557,0
40558,2
40559,0
40560,0
40561,2
40562,0
40563,0
40564,1
40565,0
40566,1
40567,1
40568,1
40569,1
40570,0
40571,1
40572,1
40573,2
40574,2
40575,0
40576,2
40577,2
40578,2
40579,2
40580,0
40581,0
40582,2
40583,2
40584,0
40585,2
40586,0
40587,1
40588,2
40589,2
40590,0
40591,0
40592,0
40593,2
40594,1
40595,0
40596,2
40597,2
40598,1
40599,0
40600,2
40601,2
40602,0
40603,1
40604,2
40605,2
40606,1
40607,0
40608,2
40609,1
40610,0
40611,1
40612,2
40613,0
40614,1
40615,1
40616,0
40617,0
40618,1
40619,0
40620,0
40621,1
40622,2
40623,0
40624,2
40625,2
40626,2
40627,1
40628,0
40629,2
40630,0
40631,2
40632,2
40633,0
40634,0
40635,1
40636,0
40637,0
40638,0
40639,0
40640,2
40641,1
40642,1
40643,0
40644,2
40645,0
40646,1
40647,0
40648,2
40649,0
40650,0
40651,2
40652,1
40653,2
40654,1
40655,0
40656,1
40657,2
40658,0
40659,0
40660,0
40661,0
40662,0
40663,2
40664,2
40665,0
40666,1
40667,2
40668,0
40669,0
40670,2
40671,2
40672,0
40673,2
40674,0
40675,0
40676,0
40677,2
40678,2
40679,2
40680,2
40681,1
40682,0
40683,2
40684,2
40685,0
40686,2
40687,1
40688,0
40689,1
40690,2
40691,1
40692,2
40693,0
40694,2
40695,1
40696,0
40697,1
40698,0
40699,0
40700,2
40701,0
40702,0
40703,0
40704,1
40705,2
40706,2
40707,1
40708,0
40709,0
40710,2
40711,0
40712,2
40713,0
40714,2
40715,0
40716,1
40717,2
40718,2
40719,0
40720,0
40721,0
40722,1
40723,2
40724,2
40725,1
40726,2
40727,1
40728,2
40729,2
40730,0
40731,1
40732,2
40733,1
40734,0
40735,2
40736,2
40737,0
40738,1
40739,2
40740,0
40741,2
40742,2
40743,2
40744,1
40745,1
40746,1
40747,0
40748,1
40749,0
40750,2
40751,0
40752,2
40753,1
40754,0
40755,2
40756,1
40757,1
40758,2
40759,0
40760,2
40761,2
40762,2
40763,1
40764,1
40765,1
40766,1
40767,2
40768,2
40769,0
40770,2
40771,2
40772,2
40773,0
40774,0
40775,0
40776,2
40777,2
40778,0
40779,1
40780,0
40781,0
40782,0
40783,2
40784,0
40785,2
40786,2
40787,2
40788,2
40789,1
40790,1
40791,2
40792,1
40793,2
40794,2
40795,0
40796,1
40797,2
40798,0
40799,1
40800,0
40801,0
40802,1
40803,0
40804,0
40805,1
40806,1
40807,2
40808,2
40809,1
40810,2
40811,2
40812,1
40813,0
40814,0
40815,0
40816,0
40817,2
40818,1
40819,1
40820,0
40821,0
40822,2
40823,1
40824,2
40825,0
40826,0
40827,2
40828,0
40829,2
40830,2
40831,0
40832,1
40833,2
40834,0
40835,2
40836,0
40837,1
40838,1
40839,2
40840,1
40841,1
40842,2
40843,0
40844,1
40845,2
40846,1
40847,0
40848,0
40849,2
40850,0
40851,0
40852,2
40853,0
40854,0
40855,2
40856,0
40857,0
40858,2
40859,0
40860,2
40861,2
40862,0
40863,0
40864,2
40865,1
40866,2
40867,2
40868,1
40869,0
40870,1
40871,0
40872,2
40873,2
40874,0
40875,0
40876,2
40877,2
40878,2
40879,2
40880,0
40881,0
40882,0
40883,0
40884,1
40885,0
40886,2
40887,2
40888,2
40889,0
40890,1
40891,0
40892,0
40893,2
40894,0
40895,2
40896,0
40897,2
40898,1
40899,0
40900,2
40901,0
40902,0
40903,2
40904,1
40905,2
40906,2
40907,2
40908,1
40909,1
40910,1
40911,1
40912,1
40913,2
40914,2
40915,0
40916,1
40917,1
40918,2
40919,2
40920,2
40921,2
40922,0
40923,1
40924,2
40925,1
40926,2
40927,1
40928,0
40929,0
40930,1
40931,0
40932,1
40933,1
40934,0
40935,2
40936,0
40937,0
40938,1
40939,0
40940,2
40941,0
40942,2
40943,0
40944,1
40945,2
40946,0
40947,0
40948,2
40949,0
40950,2
40951,1
40952,0
40953,2
40954,0
40955,0
40956,2
40957,0
40958,0
40959,2
40960,1
40961,0
40962,2
40963,0
40964,1
40965,1
40966,2
40967,1
40968,1
40969,1
40970,0
40971,2
40972,2
40973,0
40974,2
40975,2
40976,2
40977,2
40978,0
40979,0
40980,2
40981,2
40982,1
40983,0
40984,0
40985,0
40986,0
40987,2
40988,2
40989,1
40990,1
40991,1
40992,1
40993,2
40994,2
40995,2
40996,2
40997,2
40998,0
40999,0
41000,0
41001,0
41002,0
41003,1
41004,2
41005,2
41006,2
41007,2
41008,0
41009,1
41010,1
41011,2
41012,1
41013,1
41014,2
41015,0
41016,2
41017,0
41018,2
41019,0
41020,0
41021,0
41022,1
41023,1
41024,0
41025,2
41026,2
41027,1
41028,1
41029,0
41030,1
41031,0
41032,1
41033,1
41034,0
41035,2
41036,0
41037,2
41038,1
41039,0
41040,0
41041,1
41042,2
41043,1
41044,0
41045,2
41046,2
41047,0
41048,1
41049,1
41050,2
41051,2
41052,0
41053,0
41054,0
41055,0
41056,1
41057,1
41058,1
41059,2
41060,2
41061,0
41062,0
41063,2
41064,0
41065,1
41066,0
41067,0
41068,2
41069,1
41070,1
41071,2
41072,2
41073,1
41074,0
41075,2
41076,0
41077,2
41078,0
41079,0
41080,0
41081,0
41082,0
41083,2
41084,2
41085,2
41086,2
41087,0
41088,2
41089,0
41090,2
41091,2
41092,2
41093,1
41094,2
41095,2
41096,0
41097,2
41098,0
41099,2
41100,0
41101,2
41102,1
41103,2
41104,1
41105,2
41106,0
41107,2
41108,0
41109,1
41110,2
41111,2
41112,1
41113,0
41114,1
41115,2
41116,0
41117,0
41118,0
41119,1
41120,1
41121,1
41122,0
41123,0
41124,0
41125,1
41126,2
41127,0
41128,2
41129,1
41130,0
41131,1
41132,2
41133,2
41134,2
41135,2
41136,2
41137,1
41138,0
41139,0
41140,0
41141,2
41142,1
41143,2
41144,0
41145,1
41146,0
41147,1
41148,0
41149,0
41150,2
41151,2
41152,0
41153,2
41154,1
41155,2
41156,2
41157,0
41158,2
41159,1
41160,1
41161,2
41162,2
41163,0
41164,2
41165,2
41166,1
41167,0
41168,2
41169,2
41170,0
41171,0
41172,2
41173,0
41174,2
41175,0
41176,0
41177,1
41178,0
41179,2
41180,2
41181,2
41182,1
41183,2
41184,0
41185,0
41186,0
41187,0
41188,2
41189,2
41190,0
41191,0
41192,2
41193,0
41194,1
41195,0
41196,2
41197,1
41198,2
41199,2
41200,0
41201,0
41202,1
41203,0
41204,2
41205,1
41206,0
41207,0
41208,0
41209,1
41210,0
41211,1
41212,2
41213,2
41214,2
41215,0
41216,1
41217,1
41218,1
41219,1
41220,0
41221,0
41222,0
41223,0
41224,0
41225,2
41226,0
41227,2
41228,2
41229,2
41230,2
41231,0
41232,1
41233,1
41234,0
41235,1
41236,0
41237,1
41238,0
41239,1
41240,1
41241,1
41242,2
41243,0
41244,0
41245,0
41246,1
41247,1
41248,1
41249,1
41250,1
41251,2
41252,0
41253,1
41254,2
41255,0
41256,0
41257,2
41258,0
41259,2
41260,1
41261,0
41262,2
41263,2
41264,2
41265,2
41266,1
41267,0
41268,2
41269,0
41270,2
41271,0
41272,0
41273,0
41274,0
41275,2
41276,2
41277,2
41278,2
41279,0
41280,0
41281,0
41282,2
41283,0
41284,0
41285,1
41286,1
41287,1
41288,2
41289,2
41290,2
41291,0
41292,1
41293,2
41294,0
41295,2
41296,2
41297,0
41298,0
41299,1
41300,0
41301,0
41302,1
41303,2
41304,1
41305,2
41306,2
41307,1
41308,0
41309,1
41310,0
41311,2
41312,2
41313,2
41314,1
41315,2
41316,1
41317,0
41318,1
41319,0
41320,1
41321,1
41322,0
41323,0
41324,1
41325,0
41326,2
41327,0
41328,0
41329,0
41330,2
41331,2
41332,0
41333,0
41334,0
41335,0
41336,0
41337,0
41338,2
41339,0
41340,0
41341,1
41342,2
41343,2
41344,2
41345,0
41346,1
41347,2
41348,1
41349,0
41350,0
41351,0
41352,0
41353,2
41354,1
41355,1
41356,1
41357,2
41358,1
41359,2
41360,2
41361,2
41362,2
41363,0
41364,0
41365,0
41366,0
41367,1
41368,0
41369,0
41370,1
41371,0
41372,1
41373,1
41374,2
41375,1
41376,0
41377,2
41378,0
41379,2
41380,0
41381,0
41382,1
41383,1
41384,0
41385,0
41386,2
41387,2
41388,2
41389,0
41390,1
41391,1
41392,0
41393,2
41394,2
41395,1
41396,2
41397,2
41398,2
41399,2
41400,1
41401,0
41402,2
41403,2
41404,2
41405,1
41406,0
41407,0
41408,1
41409,2
41410,2
41411,2
41412,0
41413,1
41414,2
41415,0
41416,2
41417,1
41418,2
41419,2
41420,0
41421,0
41422,1
41423,2
41424,2
41425,1
41426,2
41427,0
41428,0
41429,1
41430,1
41431,0
41432,2
41433,2
41434,2
41435,0
41436,1
41437,0
41438,2
41439,1
41440,1
41441,2
41442,1
41443,0
41444,2
41445,0
41446,0
41447,2
41448,1
41449,0
41450,0
41451,1
41452,1
41453,0
41454,0
41455,0
41456,0
41457,0
41458,1
41459,0
41460,2
41461,2
41462,2
41463,2
41464,0
41465,1
41466,0
41467,0
41468,1
41469,1
41470,1
41471,1
41472,1
41473,1
41474,1
41475,1
41476,0
41477,0
41478,0
41479,2
41480,0
41481,2
41482,1
41483,2
41484,0
41485,0
41486,0
41487,0
41488,2
41489,0
41490,1
41491,2
41492,2
41493,2
41494,0
41495,2
41496,2
41497,0
41498,2
41499,1
41500,1
41501,0
41502,0
41503,0
41504,2
41505,2
41506,2
41507,1
41508,1
41509,1
41510,0
41511,0
41512,1
41513,0
41514,1
41515,0
41516,2
41517,1
41518,1
41519,1
41520,1
41521,2
41522,0
41523,0
41524,2
41525,2
41526,0
41527,2
41528,2
41529,0
41530,2
41531,0
41532,1
41533,2
41534,2
41535,2
41536,1
41537,2
41538,0
41539,2
41540,2
41541,2
41542,0
41543,0
41544,0
41545,1
41546,2
41547,1
41548,1
41549,2
41550,2
41551,0
41552,1
41553,2
41554,0
41555,1
41556,2
41557,2
41558,1
41559,0
41560,1
41561,0
41562,1
41563,2
41564,1
41565,1
41566,2
41567,1
41568,1
41569,2
41570,2
41571,0
41572,0
41573,0
41574,2
41575,0
41576,1
41577,0
41578,2
41579,0
41580,1
41581,0
41582,1
41583,1
41584,1
41585,1
41586,1
41587,0
41588,0
41589,0
41590,1
41591,1
41592,0
41593,2
41594,0
41595,2
41596,2
41597,0
41598,2
41599,1
41600,2
41601,0
41602,2
41603,1
41604,1
41605,1
41606,0
41607,0
41608,0
41609,0
41610,2
41611,2
41612,1
41613,1
41614,1
41615,1
41616,0
41617,2
41618,0
41619,2
41620,1
41621,2
41622,1
41623,1
41624,1
41625,2
41626,0
41627,2
41628,2
41629,0
41630,2
41631,2
41632,1
41633,2
41634,0
41635,0
41636,1
41637,0
41638,0
41639,2
41640,2
41641,0
41642,2
41643,0
41644,2
41645,1
41646,0
41647,2
41648,2
41649,1
41650,1
41651,2
41652,2
41653,2
41654,0
41655,2
41656,2
41657,0
41658,2
41659,2
41660,0
41661,0
41662,0
41663,2
41664,2
41665,0
41666,0
41667,2
41668,1
41669,0
41670,2
41671,2
41672,2
41673,2
41674,0
41675,1
41676,0
41677,0
41678,0
41679,2
41680,2
41681,0
41682,2
41683,1
41684,1
41685,1
41686,1
41687,2
41688,2
41689,1
41690,0
41691,0
41692,0
41693,1
41694,1
41695,0
41696,2
41697,1
41698,0
41699,1
41700,1
41701,0
41702,0
41703,0
41704,1
41705,1
41706,0
41707,1
41708,1
41709,1
41710,0
41711,2
41712,1
41713,0
41714,0
41715,2
41716,1
41717,2
41718,1
41719,0
41720,0
41721,1
41722,1
41723,1
41724,1
41725,2
41726,1
41727,1
41728,0
41729,2
41730,1
41731,2
41732,2
41733,2
41734,0
41735,1
41736,1
41737,2
41738,2
41739,0
41740,1
41741,1
41742,0
41743,2
41744,1
41745,0
41746,0
41747,2
41748,0
41749,0
41750,0
41751,0
41752,0
41753,2
41754,0
41755,2
41756,0
41757,0
41758,1
41759,0
41760,0
41761,2
41762,1
41763,1
41764,0
41765,2
41766,0
41767,2
41768,2
41769,1
41770,1
41771,1
41772,1
41773,2
41774,0
41775,1
41776,0
41777,2
41778,1
41779,0
41780,0
41781,2
41782,1
41783,2
41784,0
41785,1
41786,2
41787,2
41788,1
41789,2
41790,1
41791,1
41792,0
41793,1
41794,2
41795,0
41796,1
41797,2
41798,0
41799,1
41800,0
41801,2
41802,2
41803,2
41804,0
41805,2
41806,0
41807,2
41808,1
41809,2
41810,0
41811,1
41812,0
41813,1
41814,0
41815,0
41816,0
41817,2
41818,1
41819,1
41820,0
41821,0
41822,2
41823,0
41824,2
41825,1
41826,0
41827,1
41828,1
41829,0
41830,2
41831,0
41832,1
41833,1
41834,2
41835,1
41836,2
41837,2
41838,1
41839,1
41840,1
41841,1
41842,1
41843,2
41844,2
41845,1
41846,0
41847,1
41848,2
41849,2
41850,1
41851,2
41852,0
41853,2
41854,0
41855,2
41856,1
41857,0
41858,2
41859,2
41860,1
41861,0
41862,2
41863,0
41864,0
41865,1
41866,0
41867,0
41868,0
41869,0
41870,2
41871,2
41872,2
41873,1
41874,0
41875,0
41876,0
41877,1
41878,0
41879,1
41880,1
41881,2
41882,0
41883,2
41884,0
41885,0
41886,2
41887,2
41888,2
41889,0
41890,0
41891,2
41892,1
41893,2
41894,1
41895,1
41896,1
41897,2
41898,0
41899,0
41900,0
41901,0
41902,0
41903,1
41904,1
41905,2
41906,0
41907,2
41908,0
41909,0
41910,0
41911,1
41912,0
41913,2
41914,0
41915,0
41916,0
41917,2
41918,2
41919,2
41920,2
41921,2
41922,0
41923,0
41924,1
41925,1
41926,0
41927,0
41928,2
41929,1
41930,2
41931,0
41932,1
41933,0
41934,0
41935,2
41936,2
41937,1
41938,2
41939,2
41940,0
41941,2
41942,2
41943,1
41944,1
41945,1
41946,2
41947,1
41948,2
41949,1
41950,0
41951,2
41952,0
41953,0
41954,1
41955,1
41956,0
41957,1
41958,1
41959,2
41960,2
41961,0
41962,0
41963,1
41964,2
41965,0
41966,2
41967,2
41968,1
41969,0
41970,1
41971,1
41972,1
41973,2
41974,1
41975,2
41976,1
41977,0
41978,0
41979,1
41980,2
41981,2
41982,1
41983,0
41984,2
41985,2
41986,0
41987,0
41988,0
41989,1
41990,2
41991,2
41992,2
41993,0
41994,1
41995,2
41996,1
41997,1
41998,0
41999,0
42000,0
42001,1
42002,1
42003,2
42004,2
42005,0
42006,2
42007,2
42008,0
42009,0
42010,1
42011,0
42012,0
42013,2
42014,0
42015,2
42016,2
42017,2
42018,0
42019,0
42020,2
42021,2
42022,0
42023,1
42024,0
42025,0
42026,0
42027,0
42028,0
42029,2
42030,2
42031,0
42032,2
42033,2
42034,0
42035,0
42036,2
42037,0
42038,0
42039,2
42040,2
42041,2
42042,1
42043,2
42044,1
42045,2
42046,2
42047,0
42048,2
42049,0
42050,2
42051,1
42052,2
42053,1
42054,1
42055,2
42056,2
42057,0
42058,0
42059,0
42060,1
42061,0
42062,1
42063,2
42064,0
42065,0
42066,1
42067,1
42068,2
42069,1
42070,1
42071,2
42072,0
42073,0
42074,0
42075,2
42076,0
42077,0
42078,2
42079,2
42080,2
42081,2
42082,0
42083,2
42084,0
42085,2
42086,2
42087,2
42088,2
42089,1
42090,0
42091,0
42092,1
42093,2
42094,0
42095,0
42096,0
42097,2
42098,2
42099,1
42100,0
42101,2
42102,0
42103,2
42104,2
42105,1
42106,1
42107,0
42108,2
42109,0
42110,2
42111,0
42112,0
42113,1
42114,2
42115,0
42116,0
42117,1
42118,2
42119,0
42120,0
42121,2
42122,0
42123,0
42124,1
42125,2
42126,2
42127,0
42128,0
42129,2
42130,2
42131,2
42132,2
42133,2
42134,1
42135,1
42136,0
42137,1
42138,2
42139,0
42140,1
42141,2
42142,0
42143,1
42144,2
42145,2
42146,0
42147,0
42148,2
42149,2
42150,1
42151,0
42152,2
42153,1
42154,0
42155,1
42156,0
42157,1
42158,1
42159,1
42160,2
42161,0
42162,0
42163,0
42164,0
42165,2
42166,0
42167,0
42168,2
42169,1
42170,2
42171,2
42172,2
42173,2
42174,2
42175,2
42176,0
42177,0
42178,2
42179,0
42180,2
42181,2
42182,2
42183,0
42184,2
42185,2
42186,0
42187,0
42188,1
42189,2
42190,0
42191,0
42192,1
42193,1
42194,2
42195,1
42196,2
42197,0
42198,2
42199,2
42200,1
42201,0
42202,2
42203,2
42204,0
42205,0
42206,0
42207,0
42208,0
42209,2
42210,0
42211,2
42212,2
42213,2
42214,2
42215,0
42216,2
42217,2
42218,2
42219,2
42220,0
42221,2
42222,0
42223,2
42224,1
42225,0
42226,2
42227,0
42228,2
42229,1
42230,1
42231,0
42232,0
42233,1
42234,2
42235,2
42236,2
42237,2
42238,2
42239,0
42240,0
42241,1
42242,2
42243,2
42244,2
42245,2
42246,0
42247,2
42248,0
42249,0
42250,2
42251,1
42252,1
42253,0
42254,0
42255,0
42256,1
42257,2
42258,2
42259,2
42260,2
42261,1
42262,2
42263,2
42264,1
42265,0
42266,2
42267,2
42268,0
42269,0
42270,0
42271,1
42272,2
42273,2
42274,0
42275,0
42276,1
42277,0
42278,1
42279,2
42280,0
42281,0
42282,2
42283,2
42284,0
42285,2
42286,0
42287,2
42288,2
42289,2
42290,2
42291,0
42292,0
42293,2
42294,1
42295,1
42296,2
42297,1
42298,1
42299,0
42300,1
42301,0
42302,0
42303,2
42304,2
42305,0
42306,2
42307,0
42308,0
42309,2
42310,0
42311,2
42312,1
42313,1
42314,1
42315,2
42316,1
42317,0
42318,2
42319,0
42320,1
42321,0
42322,0
42323,0
42324,0
42325,0
42326,2
42327,2
42328,2
42329,2
42330,0
42331,2
42332,2
42333,2
42334,2
42335,1
42336,1
42337,2
42338,0
42339,0
42340,0
42341,0
42342,0
42343,2
42344,0
42345,2
42346,1
42347,1
42348,0
42349,1
42350,0
42351,2
42352,1
42353,0
42354,1
42355,0
42356,0
42357,2
42358,2
42359,2
42360,2
42361,2
42362,2
42363,0
42364,0
42365,2
42366,1
42367,1
42368,0
42369,1
42370,0
42371,0
42372,2
42373,2
42374,0
42375,2
42376,0
42377,2
42378,0
42379,0
42380,2
42381,1
42382,0
42383,0
42384,2
42385,2
42386,2
42387,1
42388,2
42389,2
42390,1
42391,1
42392,0
42393,2
42394,1
42395,0
42396,0
42397,0
42398,0
42399,2
42400,2
42401,2
42402,0
42403,2
42404,0
42405,0
42406,2
42407,1
42408,2
42409,2
42410,0
42411,0
42412,1
42413,0
42414,1
42415,2
42416,0
42417,0
42418,2
42419,2
42420,0
42421,0
42422,0
42423,1
42424,1
42425,0
42426,0
42427,2
42428,2
42429,0
42430,0
42431,1
42432,0
42433,1
42434,0
42435,2
42436,0
42437,2
42438,1
42439,2
42440,2
42441,2
42442,1
42443,2
42444,0
42445,1
42446,0
42447,0
42448,0
42449,2
42450,0
42451,1
42452,0
42453,0
42454,0
42455,0
42456,2
42457,0
42458,2
42459,0
42460,0
42461,1
42462,0
42463,2
42464,0
42465,1
42466,0
42467,0
42468,2
42469,2
42470,2
42471,0
42472,0
42473,0
42474,0
42475,2
42476,1
42477,2
42478,1
42479,1
42480,0
42481,2
42482,0
42483,2
42484,2
42485,2
42486,0
42487,1
42488,2
42489,0
42490,1
42491,2
42492,0
42493,2
42494,1
42495,2
42496,0
42497,2
42498,0
42499,2
42500,1
42501,2
42502,2
42503,1
42504,2
42505,0
42506,0
42507,0
42508,0
42509,2
42510,0
42511,0
42512,2
42513,1
42514,0
42515,0
42516,1
42517,2
42518,0
42519,1
42520,0
42521,2
42522,2
42523,0
42524,0
42525,2
42526,1
42527,0
42528,0
42529,1
42530,1
42531,0
42532,1
42533,0
42534,0
42535,2
42536,0
42537,0
42538,0
42539,2
42540,2
42541,0
42542,2
42543,2
42544,1
42545,2
42546,0
42547,2
42548,1
42549,0
42550,2
42551,0
42552,0
42553,2
42554,0
42555,1
42556,0
42557,0
42558,0
42559,2
42560,2
42561,2
42562,0
42563,0
42564,0
42565,2
42566,0
42567,2
42568,1
42569,0
42570,0
42571,1
42572,2
42573,1
42574,0
42575,0
42576,1
42577,2
42578,2
42579,1
42580,2
42581,2
42582,1
42583,2
42584,2
42585,2
42586,2
42587,0
42588,2
42589,0
42590,2
42591,0
42592,2
42593,1
42594,2
42595,1
42596,2
42597,2
42598,0
42599,2
42600,2
42601,2
42602,1
42603,2
42604,1
42605,1
42606,2
42607,0
42608,0
42609,2
42610,2
42611,1
42612,0
42613,2
42614,2
42615,0
42616,0
42617,0
42618,0
42619,2
42620,1
42621,0
42622,2
42623,0
42624,0
42625,0
42626,2
42627,1
42628,0
42629,0
42630,2
42631,0
42632,0
42633,0
42634,2
42635,0
42636,2
42637,0
42638,1
42639,2
42640,0
42641,2
42642,1
42643,0
42644,1
42645,1
42646,0
42647,2
42648,0
42649,0
42650,2
42651,2
42652,0
42653,1
42654,0
42655,0
42656,0
42657,2
42658,2
42659,0
42660,0
42661,2
42662,0
42663,1
42664,1
42665,1
42666,1
42667,0
42668,0
42669,2
42670,2
42671,1
42672,2
42673,1
42674,0
42675,2
42676,0
42677,0
42678,1
42679,2
42680,2
42681,2
42682,0
42683,2
42684,2
42685,2
42686,1
42687,2
42688,0
42689,0
42690,1
42691,2
42692,0
42693,2
42694,2
42695,1
42696,0
42697,0
42698,2
42699,2
42700,0
42701,1
42702,2
42703,1
42704,2
42705,0
42706,2
42707,2
42708,1
42709,0
42710,1
42711,0
42712,2
42713,2
42714,0
42715,0
42716,0
42717,2
42718,0
42719,2
42720,1
42721,2
42722,2
42723,2
42724,0
42725,2
42726,2
42727,1
42728,2
42729,1
42730,2
42731,1
42732,2
42733,1
42734,0
42735,0
42736,0
42737,1
42738,1
42739,1
42740,0
42741,0
42742,2
42743,1
42744,2
42745,2
42746,0
42747,2
42748,0
42749,0
42750,1
42751,2
42752,0
42753,1
42754,0
42755,1
42756,0
42757,1
42758,0
42759,0
42760,2
42761,2
42762,1
42763,2
42764,0
42765,0
42766,0
42767,0
42768,2
42769,0
42770,1
42771,2
42772,0
42773,1
42774,0
42775,2
42776,2
42777,1
42778,1
42779,2
42780,2
42781,0
42782,2
42783,1
42784,1
42785,1
42786,2
42787,0
42788,0
42789,1
42790,2
42791,0
42792,0
42793,1
42794,2
42795,0
42796,2
42797,0
42798,0
42799,0
42800,2
42801,2
42802,2
42803,1
42804,0
42805,0
42806,2
42807,0
42808,0
42809,2
42810,0
42811,0
42812,1
42813,2
42814,2
42815,2
42816,0
42817,0
42818,0
42819,2
42820,1
42821,2
42822,2
42823,1
42824,0
42825,0
42826,0
42827,1
42828,0
42829,0
42830,0
42831,1
42832,1
42833,2
42834,1
42835,0
42836,1
42837,0
42838,1
42839,1
42840,0
42841,1
42842,1
42843,0
42844,1
42845,0
42846,1
42847,0
42848,0
42849,2
42850,0
42851,2
42852,2
42853,1
42854,0
42855,1
42856,1
42857,2
42858,0
42859,2
42860,0
42861,2
42862,0
42863,2
42864,2
42865,2
42866,1
42867,2
42868,2
42869,2
42870,2
42871,1
42872,2
42873,2
42874,1
42875,0
42876,0
42877,1
42878,1
42879,0
42880,1
42881,1
42882,0
42883,1
42884,1
42885,1
42886,0
42887,1
42888,0
42889,1
42890,1
42891,1
42892,0
42893,2
42894,2
42895,0
42896,2
42897,2
42898,1
42899,0
42900,2
42901,2
42902,0
42903,0
42904,0
42905,0
42906,2
42907,2
42908,0
42909,1
42910,1
42911,1
42912,0
42913,2
42914,0
42915,1
42916,0
42917,2
42918,2
42919,2
42920,0
42921,1
42922,0
42923,0
42924,0
42925,2
42926,0
42927,1
42928,2
42929,2
42930,1
42931,2
42932,2
42933,1
42934,1
42935,0
42936,2
42937,2
42938,0
42939,0
42940,0
42941,2
42942,2
42943,0
42944,0
42945,1
42946,2
42947,1
42948,2
42949,2
42950,1
42951,0
42952,1
42953,2
42954,2
42955,1
42956,2
42957,1
42958,0
42959,0
42960,0
42961,2
42962,0
42963,1
42964,2
42965,2
42966,1
42967,0
42968,0
42969,0
42970,2
42971,2
42972,2
42973,2
42974,1
42975,0
42976,0
42977,0
42978,1
42979,2
42980,0
42981,0
42982,1
42983,1
42984,1
42985,2
42986,1
42987,0
42988,2
42989,0
42990,2
42991,2
42992,0
42993,0
42994,2
42995,0
42996,0
42997,1
42998,0
42999,0
43000,0
43001,0
43002,1
43003,0
43004,0
43005,0
43006,0
43007,1
43008,2
43009,1
43010,0
43011,2
43012,2
43013,2
43014,2
43015,2
43016,1
43017,1
43018,0
43019,1
43020,0
43021,1
43022,2
43023,0
43024,1
43025,0
43026,1
43027,2
43028,1
43029,0
43030,1
43031,0
43032,2
43033,1
43034,2
43035,0
43036,0
43037,2
43038,0
43039,2
43040,2
43041,0
43042,1
43043,2
43044,2
43045,1
43046,0
43047,2
43048,1
43049,2
43050,2
43051,2
43052,2
43053,0
43054,2
43055,2
43056,2
43057,2
43058,1
43059,1
43060,0
43061,0
43062,0
43063,0
43064,1
43065,1
43066,0
43067,2
43068,1
43069,0
43070,1
43071,2
43072,2
43073,2
43074,2
43075,0
43076,0
43077,2
43078,0
43079,0
43080,2
43081,0
43082,2
43083,0
43084,0
43085,1
43086,1
43087,1
43088,2
43089,1
43090,2
43091,1
43092,0
43093,0
43094,2
43095,2
43096,2
43097,2
43098,0
43099,2
43100,1
43101,2
43102,0
43103,2
43104,2
43105,0
43106,1
43107,1
43108,2
43109,1
43110,1
43111,0
43112,2
43113,0
43114,0
43115,2
43116,1
43117,2
43118,1
43119,1
43120,0
43121,1
43122,2
43123,1
43124,0
43125,2
43126,0
43127,2
43128,2
43129,2
43130,0
43131,0
43132,0
43133,0
43134,0
43135,0
43136,1
43137,0
43138,0
43139,0
43140,2
43141,0
43142,0
43143,2
43144,2
43145,1
43146,0
43147,2
43148,1
43149,1
43150,0
43151,0
43152,0
43153,2
43154,0
43155,2
43156,1
43157,0
43158,2
43159,0
43160,2
43161,1
43162,2
43163,2
43164,0
43165,1
43166,0
43167,1
43168,2
43169,2
43170,1
43171,2
43172,2
43173,0
43174,0
43175,2
43176,2
43177,0
43178,2
43179,0
43180,0
43181,2
43182,0
43183,0
43184,0
43185,0
43186,0
43187,2
43188,1
43189,2
43190,2
43191,2
43192,2
43193,2
43194,2
43195,2
43196,2
43197,0
43198,2
43199,2
43200,1
43201,0
43202,2
43203,1
43204,2
43205,2
43206,0
43207,0
43208,0
43209,2
43210,0
43211,1
43212,0
43213,0
43214,2
43215,1
43216,1
43217,1
43218,1
43219,0
43220,1
43221,2
43222,2
43223,2
43224,1
43225,0
43226,0
43227,2
43228,1
43229,1
43230,0
43231,0
43232,2
43233,2
43234,2
43235,0
43236,1
43237,2
43238,0
43239,2
43240,2
43241,1
43242,1
43243,1
43244,0
43245,0
43246,0
43247,1
43248,0
43249,0
43250,0
43251,0
43252,2
43253,0
43254,1
43255,2
43256,2
43257,2
43258,0
43259,2
43260,0
43261,1
43262,0
43263,0
43264,0
43265,2
43266,0
43267,1
43268,2
43269,0
43270,2
43271,0
43272,0
43273,2
43274,2
43275,2
43276,1
43277,0
43278,0
43279,1
43280,1
43281,1
43282,2
43283,1
43284,1
43285,0
43286,2
43287,1
43288,2
43289,2
43290,1
43291,0
43292,2
43293,0
43294,2
43295,1
43296,2
43297,0
43298,0
43299,0
43300,2
43301,0
43302,1
43303,2
43304,2
43305,2
43306,1
43307,1
43308,2
43309,1
43310,2
43311,0
43312,2
43313,0
43314,0
43315,1
43316,0
43317,2
43318,2
43319,0
43320,0
43321,2
43322,0
43323,2
43324,0
43325,1
43326,1
43327,2
43328,2
43329,2
43330,0
43331,1
43332,2
43333,0
43334,2
43335,1
43336,0
43337,0
43338,0
43339,1
43340,2
43341,2
43342,0
43343,1
43344,2
43345,2
43346,2
43347,2
43348,2
43349,2
43350,1
43351,1
43352,2
43353,0
43354,2
43355,0
43356,2
43357,1
43358,0
43359,2
43360,0
43361,2
43362,2
43363,1
43364,1
43365,0
43366,2
43367,2
43368,0
43369,2
43370,2
43371,0
43372,2
43373,1
43374,0
43375,2
43376,2
43377,0
43378,1
43379,2
43380,2
43381,2
43382,2
43383,2
43384,2
43385,0
43386,0
43387,0
43388,2
43389,2
43390,1
43391,0
43392,0
43393,2
43394,1
43395,2
43396,2
43397,0
43398,2
43399,0
43400,0
43401,0
43402,0
43403,2
43404,2
43405,0
43406,0
43407,0
43408,2
43409,2
43410,0
43411,0
43412,2
43413,1
43414,0
43415,2
43416,2
43417,2
43418,2
43419,0
43420,2
43421,2
43422,2
43423,2
43424,2
43425,0
43426,1
43427,2
43428,2
43429,1
43430,0
43431,1
43432,1
43433,0
43434,0
43435,2
43436,0
43437,2
43438,0
43439,0
43440,2
43441,1
43442,2
43443,0
43444,2
43445,2
43446,1
43447,0
43448,0
43449,1
43450,2
43451,0
43452,2
43453,0
43454,2
43455,0
43456,1
43457,2
43458,1
43459,1
43460,0
43461,1
43462,0
43463,2
43464,2
43465,1
43466,2
43467,0
43468,2
43469,0
43470,0
43471,2
43472,2
43473,0
43474,0
43475,1
43476,2
43477,2
43478,0
43479,2
43480,1
43481,0
43482,0
43483,0
43484,0
43485,0
43486,2
43487,2
43488,0
43489,1
43490,0
43491,2
43492,2
43493,0
43494,2
43495,2
43496,1
43497,0
43498,0
43499,1
43500,2
43501,1
43502,0
43503,1
43504,2
43505,1
43506,0
43507,2
43508,2
43509,0
43510,0
43511,0
43512,2
43513,0
43514,1
43515,1
43516,2
43517,1
43518,2
43519,0
43520,2
43521,1
43522,1
43523,0
43524,2
43525,2
43526,0
43527,0
43528,1
43529,0
43530,0
43531,0
43532,2
43533,1
43534,0
43535,0
43536,0
43537,2
43538,0
43539,1
43540,0
43541,2
43542,2
43543,2
43544,1
43545,2
43546,1
43547,0
43548,2
43549,0
43550,0
43551,2
43552,2
43553,1
43554,2
43555,1
43556,0
43557,1
43558,2
43559,2
43560,2
43561,2
43562,2
43563,0
43564,0
43565,0
43566,2
43567,1
43568,1
43569,1
43570,1
43571,1
43572,1
43573,0
43574,1
43575,2
43576,0
43577,1
43578,1
43579,2
43580,2
43581,0
43582,0
43583,1
43584,1
43585,0
43586,2
43587,1
43588,1
43589,2
43590,1
43591,2
43592,2
43593,2
43594,1
43595,0
43596,0
43597,0
43598,0
43599,2
43600,2
43601,0
43602,2
43603,0
43604,2
43605,1
43606,2
43607,2
43608,1
43609,0
43610,1
43611,1
43612,1
43613,1
43614,2
43615,0
43616,2
43617,0
43618,1
43619,2
43620,2
43621,0
43622,2
43623,0
43624,0
43625,1
43626,0
43627,1
43628,2
43629,2
43630,2
43631,0
43632,0
43633,0
43634,2
43635,0
43636,2
43637,0
43638,2
43639,1
43640,1
43641,0
43642,2
43643,2
43644,0
43645,2
43646,0
43647,2
43648,1
43649,2
43650,2
43651,0
43652,0
43653,2
43654,2
43655,2
43656,0
43657,0
43658,0
43659,1
43660,2
43661,0
43662,2
43663,2
43664,0
43665,2
43666,1
43667,1
43668,0
43669,0
43670,0
43671,0
43672,0
43673,0
43674,1
43675,1
43676,0
43677,2
43678,0
43679,2
43680,2
43681,0
43682,2
43683,2
43684,2
43685,0
43686,0
43687,2
43688,2
43689,0
43690,2
43691,2
43692,2
43693,2
43694,2
43695,1
43696,0
43697,0
43698,0
43699,1
43700,2
43701,1
43702,1
43703,2
43704,2
43705,0
43706,0
43707,1
43708,2
43709,1
43710,0
43711,2
43712,0
43713,1
43714,1
43715,2
43716,2
43717,2
43718,0
43719,0
43720,0
43721,2
43722,2
43723,2
43724,2
43725,1
43726,2
43727,0
43728,2
43729,1
43730,0
43731,2
43732,0
43733,2
43734,0
43735,0
43736,1
43737,0
43738,0
43739,0
43740,0
43741,0
43742,0
43743,0
43744,1
43745,2
43746,0
43747,1
43748,1
43749,0
43750,2
43751,0
43752,2
43753,0
43754,0
43755,0
43756,1
43757,0
43758,2
43759,0
43760,2
43761,2
43762,1
43763,2
43764,2
43765,0
43766,2
43767,1
43768,2
43769,1
43770,0
43771,2
43772,0
43773,1
43774,0
43775,2
43776,0
43777,2
43778,2
43779,0
43780,2
43781,2
43782,0
43783,0
43784,2
43785,2
43786,1
43787,1
43788,2
43789,1
43790,2
43791,0
43792,1
43793,1
43794,0
43795,0
43796,2
43797,1
43798,2
43799,2
43800,1
43801,1
43802,0
43803,0
43804,0
43805,0
43806,2
43807,1
43808,0
43809,0
43810,1
43811,0
43812,2
43813,0
43814,0
43815,1
43816,2
43817,2
43818,1
43819,0
43820,0
43821,2
43822,2
43823,1
43824,0
43825,1
43826,0
43827,2
43828,1
43829,2
43830,0
43831,0
43832,0
43833,1
43834,0
43835,2
43836,1
43837,2
43838,2
43839,2
43840,0
43841,0
43842,0
43843,0
43844,1
43845,1
43846,2
43847,1
43848,2
43849,2
43850,1
43851,2
43852,2
43853,0
43854,1
43855,1
43856,1
43857,1
43858,0
43859,0
43860,2
43861,0
43862,0
43863,1
43864,0
43865,1
43866,2
43867,0
43868,1
43869,2
43870,0
43871,2
43872,2
43873,2
43874,2
43875,0
43876,0
43877,0
43878,1
43879,0
43880,2
43881,0
43882,0
43883,1
43884,2
43885,1
43886,2
43887,0
43888,0
43889,0
43890,2
43891,2
43892,1
43893,2
43894,0
43895,0
43896,2
43897,0
43898,2
43899,1
43900,0
43901,2
43902,2
43903,2
43904,0
43905,0
43906,1
43907,1
43908,0
43909,0
43910,2
43911,2
43912,1
43913,2
43914,0
43915,0
43916,2
43917,2
43918,2
43919,2
43920,0
43921,0
43922,2
43923,0
43924,2
43925,0
43926,2
43927,0
43928,1
43929,0
43930,0
43931,1
43932,0
43933,2
43934,2
43935,2
43936,2
43937,2
43938,0
43939,2
43940,0
43941,0
43942,2
43943,0
43944,2
43945,2
43946,0
43947,2
43948,0
43949,1
43950,0
43951,2
43952,0
43953,2
43954,0
43955,2
43956,2
43957,2
43958,1
43959,2
43960,0
43961,0
43962,1
43963,2
43964,2
43965,0
43966,1
43967,0
43968,0
43969,1
43970,0
43971,0
43972,2
43973,0
43974,1
43975,0
43976,2
43977,2
43978,2
43979,2
43980,0
43981,0
43982,1
43983,0
43984,0
43985,2
43986,0
43987,0
43988,1
43989,0
43990,0
43991,0
43992,2
43993,2
43994,0
43995,0
43996,2
43997,1
43998,0
43999,1
44000,2
44001,2
44002,1
44003,2
44004,2
44005,1
44006,0
44007,1
44008,1
44009,1
44010,2
44011,0
44012,0
44013,0
44014,1
44015,0
44016,2
44017,1
44018,0
44019,0
44020,0
44021,1
44022,1
44023,2
44024,0
44025,2
44026,2
44027,0
44028,2
44029,2
44030,2
44031,1
44032,1
44033,0
44034,0
44035,2
44036,1
44037,0
44038,0
44039,0
44040,0
44041,0
44042,0
44043,0
44044,0
44045,0
44046,2
44047,0
44048,2
44049,1
44050,2
44051,0
44052,0
44053,1
44054,2
44055,2
44056,0
44057,2
44058,2
44059,2
44060,2
44061,0
44062,0
44063,0
44064,0
44065,1
44066,0
44067,0
44068,0
44069,2
44070,0
44071,1
44072,0
44073,2
44074,1
44075,0
44076,2
44077,0
44078,2
44079,0
44080,0
44081,2
44082,2
44083,2
44084,1
44085,2
44086,1
44087,0
44088,0
44089,0
44090,2
44091,2
44092,1
44093,0
44094,1
44095,0
44096,0
44097,0
44098,1
44099,2
44100,1
44101,2
44102,1
44103,2
44104,2
44105,0
44106,1
44107,0
44108,0
44109,2
44110,2
44111,2
44112,2
44113,2
44114,0
44115,0
44116,2
44117,2
44118,0
44119,2
44120,0
44121,0
44122,1
44123,1
44124,2
44125,2
44126,2
44127,1
44128,2
44129,0
44130,0
44131,2
44132,0
44133,2
44134,2
44135,1
44136,1
44137,2
44138,2
44139,1
44140,1
44141,0
44142,1
44143,0
44144,2
44145,0
44146,1
44147,0
44148,1
44149,2
44150,0
44151,0
44152,1
44153,0
44154,2
44155,2
44156,0
44157,0
44158,0
44159,1
44160,2
44161,1
44162,0
44163,2
44164,2
44165,2
44166,2
44167,2
44168,2
44169,2
44170,2
44171,2
44172,2
44173,0
44174,2
44175,2
44176,1
44177,0
44178,2
44179,0
44180,2
44181,0
44182,2
44183,0
44184,2
44185,0
44186,1
44187,1
44188,2
44189,1
44190,1
44191,0
44192,0
44193,2
44194,0
44195,2
44196,0
44197,1
44198,1
44199,2
44200,2
44201,0
44202,0
44203,0
44204,0
44205,2
44206,1
44207,0
44208,2
44209,2
44210,2
44211,0
44212,0
44213,1
44214,2
44215,1
44216,0
44217,1
44218,2
44219,1
44220,2
44221,0
44222,0
44223,2
44224,2
44225,0
44226,0
44227,0
44228,2
44229,0
44230,1
44231,0
44232,0
44233,1
44234,0
44235,0
44236,1
44237,2
44238,2
44239,2
44240,2
44241,2
44242,2
44243,2
44244,1
44245,0
44246,0
44247,2
44248,0
44249,0
44250,0
44251,2
44252,2
44253,0
44254,2
44255,2
44256,0
44257,0
44258,0
44259,1
44260,0
44261,0
44262,1
44263,1
44264,1
44265,0
44266,0
44267,0
44268,2
44269,2
44270,1
44271,2
44272,0
44273,2
44274,1
44275,1
44276,1
44277,2
44278,2
44279,2
44280,2
44281,1
44282,2
44283,1
44284,2
44285,1
44286,2
44287,0
44288,2
44289,0
44290,0
44291,1
44292,0
44293,2
44294,0
44295,2
44296,0
44297,2
44298,2
44299,1
44300,0
44301,1
44302,1
44303,0
44304,2
44305,0
44306,2
44307,2
44308,1
44309,2
44310,1
44311,2
44312,1
44313,2
44314,0
44315,2
44316,2
44317,1
44318,0
44319,0
44320,1
44321,2
44322,2
44323,0
44324,2
44325,0
44326,0
44327,1
44328,0
44329,1
44330,1
44331,2
44332,0
44333,0
44334,1
44335,0
44336,1
44337,2
44338,2
44339,0
44340,0
44341,0
44342,1
44343,2
44344,1
44345,2
44346,1
44347,1
44348,2
44349,2
44350,2
44351,0
44352,1
44353,2
44354,2
44355,0
44356,0
44357,2
44358,1
44359,1
44360,1
44361,0
44362,0
44363,2
44364,1
44365,1
44366,0
44367,2
44368,1
44369,0
44370,0
44371,1
44372,1
44373,0
44374,1
44375,1
44376,2
44377,2
44378,0
44379,2
44380,2
44381,0
44382,2
44383,0
44384,2
44385,0
44386,0
44387,2
44388,1
44389,2
44390,1
44391,0
44392,1
44393,2
44394,1
44395,2
44396,1
44397,2
44398,1
44399,0
44400,2
44401,1
44402,2
44403,0
44404,1
44405,2
44406,0
44407,2
44408,2
44409,2
44410,2
44411,1
44412,2
44413,2
44414,1
44415,0
44416,0
44417,2
44418,2
44419,1
44420,1
44421,2
44422,0
44423,0
44424,1
44425,2
44426,1
44427,2
44428,0
44429,0
44430,1
44431,1
44432,0
44433,2
44434,0
44435,2
44436,2
44437,0
44438,0
44439,0
44440,1
44441,2
44442,1
44443,2
44444,0
44445,2
44446,1
44447,2
44448,0
44449,0
44450,0
44451,1
44452,1
44453,0
44454,0
44455,0
44456,1
44457,2
44458,0
44459,1
44460,0
44461,0
44462,2
44463,0
44464,0
44465,2
44466,1
44467,0
44468,0
44469,0
44470,1
44471,1
44472,2
44473,2
44474,0
44475,2
44476,1
44477,1
44478,2
44479,0
44480,0
44481,0
44482,1
44483,1
44484,1
44485,1
44486,2
44487,0
44488,0
44489,0
44490,2
44491,2
44492,2
44493,0
44494,0
44495,1
44496,0
44497,2
44498,0
44499,2
44500,0
44501,0
44502,0
44503,2
44504,2
44505,0
44506,2
44507,2
44508,2
44509,2
44510,2
44511,1
44512,2
44513,2
44514,0
44515,2
44516,2
44517,1
44518,1
44519,0
44520,0
44521,2
44522,2
44523,2
44524,2
44525,1
44526,0
44527,2
44528,0
44529,2
44530,0
44531,0
44532,2
44533,0
44534,2
44535,1
44536,2
44537,2
44538,1
44539,2
44540,2
44541,1
44542,2
44543,0
44544,0
44545,0
44546,2
44547,0
44548,1
44549,0
44550,0
44551,1
44552,2
44553,2
44554,2
44555,0
44556,0
44557,0
44558,0
44559,0
44560,0
44561,2
44562,1
44563,1
44564,2
44565,1
44566,0
44567,0
44568,0
44569,1
44570,2
44571,2
44572,1
44573,0
44574,0
44575,2
44576,2
44577,2
44578,1
44579,0
44580,0
44581,2
44582,0
44583,2
44584,2
44585,2
44586,2
44587,2
44588,1
44589,1
44590,0
44591,1
44592,2
44593,1
44594,0
44595,0
44596,2
44597,2
44598,0
44599,0
44600,2
44601,0
44602,2
44603,0
44604,0
44605,0
44606,2
44607,2
44608,0
44609,1
44610,0
44611,2
44612,0
44613,0
44614,2
44615,2
44616,2
44617,0
44618,0
44619,2
44620,1
44621,0
44622,2
44623,0
44624,1
44625,1
44626,2
44627,1
44628,0
44629,1
44630,0
44631,0
44632,2
44633,1
44634,0
44635,0
44636,1
44637,2
44638,2
44639,2
44640,1
44641,2
44642,1
44643,1
44644,1
44645,0
44646,1
44647,0
44648,0
44649,0
44650,1
44651,0
44652,1
44653,2
44654,2
44655,2
44656,1
44657,2
44658,2
44659,2
44660,2
44661,2
44662,2
44663,2
44664,2
44665,2
44666,2
44667,0
44668,1
44669,1
44670,2
44671,2
44672,0
44673,1
44674,2
44675,0
44676,0
44677,2
44678,0
44679,2
44680,0
44681,2
44682,1
44683,1
44684,2
44685,2
44686,1
44687,2
44688,2
44689,0
44690,0
44691,2
44692,0
44693,0
44694,2
44695,0
44696,2
44697,2
44698,1
44699,2
44700,2
44701,2
44702,0
44703,2
44704,0
44705,2
44706,2
44707,0
44708,0
44709,2
44710,2
44711,0
44712,0
44713,2
44714,2
44715,1
44716,0
44717,0
44718,2
44719,1
44720,1
44721,1
44722,0
44723,0
44724,2
44725,1
44726,2
44727,0
44728,1
44729,0
44730,2
44731,2
44732,2
44733,2
44734,2
44735,1
44736,0
44737,0
44738,0
44739,0
44740,0
44741,0
44742,0
44743,1
44744,1
44745,2
44746,2
44747,2
44748,1
44749,0
44750,2
44751,0
44752,2
44753,2
44754,2
44755,0
44756,0
44757,0
44758,0
44759,0
44760,0
44761,0
44762,0
44763,0
44764,1
44765,1
44766,2
44767,2
44768,2
44769,2
44770,1
44771,2
44772,2
44773,0
44774,0
44775,1
44776,1
44777,0
44778,0
44779,1
44780,2
44781,2
44782,0
44783,0
44784,0
44785,0
44786,0
44787,1
44788,2
44789,2
44790,2
44791,1
44792,2
44793,0
44794,2
44795,2
44796,0
44797,0
44798,2
44799,2
44800,0
44801,2
44802,2
44803,1
44804,2
44805,0
44806,2
44807,0
44808,1
44809,2
44810,2
44811,0
44812,2
44813,0
44814,2
44815,2
44816,1
44817,2
44818,0
44819,1
44820,1
44821,2
44822,2
44823,2
44824,0
44825,2
44826,0
44827,0
44828,2
44829,1
44830,0
44831,0
44832,2
44833,2
44834,0
44835,2
44836,0
44837,1
44838,0
44839,2
44840,2
44841,1
44842,1
44843,1
44844,2
44845,0
44846,2
44847,0
44848,2
44849,1
44850,2
44851,2
44852,0
44853,2
44854,0
44855,0
44856,1
44857,0
44858,1
44859,2
44860,1
44861,0
44862,2
44863,0
44864,2
44865,0
44866,2
44867,0
44868,0
44869,1
44870,0
44871,0
44872,1
44873,0
44874,1
44875,2
44876,0
44877,1
44878,2
44879,0
44880,1
44881,0
44882,2
44883,1
44884,0
44885,0
44886,2
44887,0
44888,0
44889,0
44890,1
44891,0
44892,0
44893,0
44894,0
44895,1
44896,2
44897,0
44898,0
44899,2
44900,1
44901,1
44902,1
44903,0
44904,1
44905,2
44906,0
44907,2
44908,0
44909,2
44910,2
44911,2
44912,2
44913,2
44914,0
44915,2
44916,2
44917,2
44918,1
44919,0
44920,1
44921,0
44922,0
44923,0
44924,1
44925,0
44926,2
44927,0
44928,0
44929,2
44930,0
44931,1
44932,0
44933,2
44934,1
44935,0
44936,2
44937,0
44938,1
44939,0
44940,0
44941,0
44942,1
44943,0
44944,0
44945,0
44946,2
44947,0
44948,0
44949,2
44950,1
44951,1
44952,0
44953,0
44954,0
44955,0
44956,1
44957,0
44958,0
44959,2
44960,1
44961,0
44962,0
44963,2
44964,0
44965,2
44966,1
44967,1
44968,1
44969,2
44970,1
44971,0
44972,0
44973,2
44974,0
44975,0
44976,2
44977,0
44978,1
44979,0
44980,0
44981,0
44982,2
44983,0
44984,1
44985,0
44986,0
44987,2
44988,2
44989,1
44990,2
44991,2
44992,0
44993,1
44994,0
44995,1
44996,0
44997,1
44998,2
44999,2
45000,2
45001,2
45002,0
45003,0
45004,0
45005,1
45006,0
45007,2
45008,0
45009,0
45010,1
45011,0
45012,0
45013,1
45014,0
45015,0
45016,0
45017,2
45018,2
45019,0
45020,2
45021,2
45022,2
45023,0
45024,0
45025,0
45026,0
45027,0
45028,0
45029,1
45030,2
45031,0
45032,0
45033,1
45034,2
45035,2
45036,2
45037,0
45038,2
45039,1
45040,1
45041,0
45042,0
45043,2
45044,0
45045,0
45046,0
45047,1
45048,0
45049,0
45050,2
45051,0
45052,1
45053,0
45054,2
45055,2
45056,1
45057,2
45058,0
45059,0
45060,2
45061,2
45062,0
45063,0
45064,0
45065,2
45066,0
45067,2
45068,1
45069,0
45070,2
45071,0
45072,0
45073,0
45074,0
45075,2
45076,2
45077,0
45078,0
45079,0
45080,2
45081,2
45082,0
45083,0
45084,0
45085,2
45086,1
45087,2
45088,1
45089,2
45090,0
45091,0
45092,0
45093,0
45094,1
45095,0
45096,0
45097,1
45098,2
45099,0
45100,2
45101,1
45102,0
45103,0
45104,0
45105,2
45106,1
45107,0
45108,0
45109,0
45110,2
45111,0
45112,2
45113,0
45114,1
45115,2
45116,0
45117,0
45118,2
45119,2
45120,0
45121,2
45122,1
45123,2
45124,1
45125,0
45126,2
45127,0
45128,2
45129,1
45130,1
45131,1
45132,2
45133,2
45134,1
45135,0
45136,0
45137,2
45138,1
45139,0
45140,0
45141,2
45142,0
45143,0
45144,0
45145,2
45146,0
45147,0
45148,1
45149,2
45150,0
45151,0
45152,0
45153,0
45154,0
45155,2
45156,2
45157,0
45158,1
45159,2
45160,2
45161,0
45162,2
45163,2
45164,0
45165,0
45166,2
45167,2
45168,0
45169,1
45170,2
45171,0
45172,2
45173,2
45174,2
45175,0
45176,0
45177,2
45178,0
45179,0
45180,2
45181,2
45182,1
45183,2
45184,2
45185,0
45186,2
45187,1
45188,0
45189,2
45190,0
45191,1
45192,0
45193,0
45194,0
45195,0
45196,2
45197,2
45198,2
45199,0
45200,2
45201,2
45202,2
45203,0
45204,2
45205,0
45206,0
45207,0
45208,2
45209,0
45210,1
45211,0
45212,2
45213,2
45214,1
45215,1
45216,2
45217,1
45218,2
45219,0
45220,2
45221,1
45222,2
45223,2
45224,2
45225,0
45226,1
45227,2
45228,1
45229,1
45230,0
45231,2
45232,2
45233,0
45234,2
45235,0
45236,0
45237,1
45238,0
45239,0
45240,1
45241,2
45242,0
45243,2
45244,2
45245,2
45246,2
45247,0
45248,2
45249,1
45250,2
45251,0
45252,1
45253,2
45254,0
45255,0
45256,2
45257,0
45258,0
45259,2
45260,0
45261,2
45262,2
45263,2
45264,1
45265,1
45266,2
45267,1
45268,0
45269,0
45270,2
45271,0
45272,0
45273,0
45274,0
45275,1
45276,2
45277,0
45278,1
45279,0
45280,2
45281,2
45282,2
45283,1
45284,0
45285,2
45286,2
45287,1
45288,1
45289,0
45290,1
45291,0
45292,2
45293,2
45294,2
45295,0
45296,2
45297,0
45298,2
45299,2
45300,1
45301,1
45302,0
45303,0
45304,1
45305,0
45306,0
45307,0
45308,0
45309,0
45310,2
45311,2
45312,2
45313,1
45314,0
45315,1
45316,0
45317,2
45318,1
45319,1
45320,0
45321,0
45322,1
45323,2
45324,2
45325,1
45326,0
45327,2
45328,0
45329,0
45330,0
45331,0
45332,2
45333,1
45334,0
45335,0
45336,2
45337,1
45338,0
45339,0
45340,2
45341,2
45342,0
45343,2
45344,0
45345,1
45346,2
45347,2
45348,2
45349,2
45350,0
45351,2
45352,0
45353,2
45354,0
45355,1
45356,0
45357,2
45358,0
45359,0
45360,1
45361,1
45362,1
45363,1
45364,2
45365,1
45366,0
45367,2
45368,0
45369,0
45370,0
45371,1
45372,2
45373,2
45374,2
45375,0
45376,2
45377,0
45378,0
45379,0
45380,1
45381,0
45382,1
45383,0
45384,2
45385,1
45386,0
45387,2
45388,2
45389,0
45390,2
45391,0
45392,1
45393,0
45394,2
45395,0
45396,0
45397,1
45398,1
45399,1
45400,2
45401,0
45402,1
45403,2
45404,0
45405,2
45406,0
45407,0
45408,2
45409,0
45410,0
45411,2
45412,0
45413,1
45414,2
45415,1
45416,0
45417,0
45418,2
45419,1
45420,2
45421,0
45422,2
45423,1
45424,2
45425,1
45426,2
45427,1
45428,0
45429,2
45430,1
45431,0
45432,1
45433,1
45434,2
45435,2
45436,0
45437,0
45438,2
45439,0
45440,1
45441,2
45442,2
45443,0
45444,0
45445,1
45446,2
45447,0
45448,2
45449,0
45450,0
45451,0
45452,2
45453,0
45454,2
45455,2
45456,2
45457,2
45458,0
45459,2
45460,1
45461,0
45462,1
45463,2
45464,0
45465,1
45466,0
45467,1
45468,0
45469,1
45470,1
45471,0
45472,0
45473,0
45474,1
45475,2
45476,0
45477,2
45478,2
45479,2
45480,2
45481,2
45482,1
45483,2
45484,0
45485,2
45486,1
45487,2
45488,2
45489,0
45490,1
45491,2
45492,0
45493,0
45494,2
45495,0
45496,0
45497,0
45498,2
45499,1
45500,0
45501,2
45502,0
45503,1
45504,2
45505,2
45506,1
45507,1
45508,1
45509,1
45510,0
45511,2
45512,2
45513,1
45514,2
45515,0
45516,1
45517,2
45518,2
45519,2
45520,0
45521,0
45522,2
45523,1
45524,2
45525,0
45526,2
45527,0
45528,2
45529,2
45530,0
45531,0
45532,0
45533,2
45534,1
45535,0
45536,1
45537,2
45538,0
45539,1
45540,2
45541,0
45542,2
45543,0
45544,1
45545,0
45546,2
45547,0
45548,2
45549,0
45550,0
45551,1
45552,2
45553,0
45554,1
45555,1
45556,1
45557,2
45558,2
45559,2
45560,1
45561,2
45562,1
45563,0
45564,1
45565,2
45566,0
45567,1
45568,0
45569,1
45570,0
45571,2
45572,2
45573,1
45574,1
45575,2
45576,2
45577,2
45578,2
45579,2
45580,1
45581,1
45582,0
45583,0
45584,0
45585,0
45586,0
45587,1
45588,2
45589,2
45590,1
45591,2
45592,0
45593,2
45594,0
45595,2
45596,2
45597,0
45598,0
45599,1
45600,2
45601,2
45602,2
45603,2
45604,0
45605,2
45606,2
45607,2
45608,1
45609,1
45610,1
45611,0
45612,1
45613,0
45614,1
45615,2
45616,0
45617,0
45618,2
45619,2
45620,1
45621,2
45622,2
45623,2
45624,2
45625,1
45626,1
45627,2
45628,0
45629,2
45630,2
45631,2
45632,1
45633,2
45634,2
45635,2
45636,1
45637,2
45638,2
45639,2
45640,1
45641,2
45642,1
45643,0
45644,0
45645,1
45646,0
45647,1
45648,0
45649,0
45650,1
45651,1
45652,1
45653,2
45654,2
45655,2
45656,0
45657,1
45658,0
45659,0
45660,2
45661,0
45662,2
45663,2
45664,0
45665,2
45666,2
45667,0
45668,2
45669,2
45670,2
45671,2
45672,2
45673,2
45674,0
45675,0
45676,2
45677,2
45678,0
45679,0
45680,0
45681,1
45682,2
45683,1
45684,0
45685,1
45686,0
45687,0
45688,0
45689,0
45690,0
45691,0
45692,1
45693,0
45694,2
45695,0
45696,0
45697,2
45698,0
45699,2
45700,0
45701,0
45702,2
45703,1
45704,2
45705,0
45706,2
45707,0
45708,2
45709,0
45710,2
45711,2
45712,2
45713,0
45714,0
45715,2
45716,0
45717,2
45718,2
45719,0
45720,1
45721,2
45722,2
45723,2
45724,2
45725,2
45726,1
45727,1
45728,0
45729,2
45730,0
45731,0
45732,0
45733,0
45734,2
45735,2
45736,2
45737,0
45738,0
45739,0
45740,2
45741,1
45742,0
45743,1
45744,2
45745,2
45746,0
45747,0
45748,1
45749,1
45750,1
45751,0
45752,0
45753,2
45754,2
45755,1
45756,1
45757,2
45758,2
45759,2
45760,0
45761,1
45762,1
45763,1
45764,0
45765,0
45766,2
45767,2
45768,1
45769,2
45770,2
45771,1
45772,1
45773,2
45774,0
45775,1
45776,1
45777,0
45778,2
45779,0
45780,0
45781,2
45782,0
45783,2
45784,0
45785,2
45786,1
45787,1
45788,0
45789,0
45790,0
45791,2
45792,0
45793,1
45794,1
45795,2
45796,2
45797,0
45798,1
45799,0
45800,0
45801,1
45802,2
45803,2
45804,1
45805,1
45806,2
45807,0
45808,0
45809,1
45810,1
45811,0
45812,0
45813,2
45814,2
45815,0
45816,0
45817,2
45818,1
45819,1
45820,2
45821,2
45822,2
45823,0
45824,0
45825,1
45826,0
45827,2
45828,2
45829,1
45830,1
45831,2
45832,0
45833,2
45834,1
45835,1
45836,0
45837,0
45838,2
45839,0
45840,0
45841,1
45842,0
45843,1
45844,0
45845,0
45846,0
45847,0
45848,1
45849,2
45850,0
45851,0
45852,0
45853,0
45854,0
45855,2
45856,2
45857,1
45858,0
45859,0
45860,0
45861,0
45862,2
45863,2
45864,0
45865,2
45866,2
45867,2
45868,1
45869,0
45870,0
45871,0
45872,1
45873,1
45874,2
45875,1
45876,0
45877,2
45878,0
45879,2
45880,2
45881,0
45882,1
45883,2
45884,2
45885,1
45886,2
45887,0
45888,2
45889,2
45890,2
45891,2
45892,0
45893,1
45894,2
45895,0
45896,0
45897,1
45898,2
45899,2
45900,2
45901,0
45902,2
45903,0
45904,0
45905,0
45906,2
45907,2
45908,1
45909,0
45910,2
45911,2
45912,2
45913,0
45914,2
45915,2
45916,2
45917,0
45918,1
45919,2
45920,2
45921,0
45922,0
45923,2
45924,2
45925,1
45926,0
45927,1
45928,0
45929,1
45930,2
45931,2
45932,0
45933,2
45934,0
45935,2
45936,2
45937,0
45938,1
45939,1
45940,1
45941,1
45942,2
45943,1
45944,1
45945,0
45946,2
45947,1
45948,2
45949,2
45950,0
45951,2
45952,2
45953,2
45954,0
45955,2
45956,0
45957,1
45958,1
45959,2
45960,1
45961,2
45962,2
45963,0
45964,0
45965,1
45966,1
45967,2
45968,2
45969,0
45970,1
45971,2
45972,2
45973,2
45974,2
45975,1
45976,0
45977,2
45978,0
45979,0
45980,0
45981,2
45982,2
45983,2
45984,1
45985,2
45986,2
45987,0
45988,2
45989,0
45990,2
45991,0
45992,0
45993,1
45994,1
45995,0
45996,0
45997,2
45998,1
45999,0
46000,2
46001,2
46002,0
46003,0
46004,1
46005,0
46006,2
46007,2
46008,2
46009,1
46010,0
46011,0
46012,2
46013,1
46014,1
46015,2
46016,1
46017,0
46018,2
46019,2
46020,0
46021,2
46022,1
46023,1
46024,0
46025,0
46026,2
46027,0
46028,0
46029,2
46030,1
46031,0
46032,2
46033,2
46034,0
46035,2
46036,2
46037,2
46038,0
46039,0
46040,2
46041,2
46042,1
46043,0
46044,2
46045,0
46046,2
46047,0
46048,2
46049,1
46050,1
46051,1
46052,0
46053,2
46054,0
46055,1
46056,1
46057,2
46058,0
46059,1
46060,2
46061,1
46062,1
46063,0
46064,0
46065,2
46066,0
46067,2
46068,1
46069,2
46070,1
46071,2
46072,0
46073,0
46074,0
46075,1
46076,0
46077,2
46078,0
46079,0
46080,2
46081,2
46082,0
46083,0
46084,0
46085,1
46086,2
46087,1
46088,2
46089,2
46090,1
46091,0
46092,0
46093,0
46094,0
46095,2
46096,0
46097,1
46098,2
46099,2
46100,0
46101,1
46102,2
46103,2
46104,0
46105,2
46106,0
46107,0
46108,0
46109,2
46110,2
46111,1
46112,2
46113,0
46114,1
46115,0
46116,1
46117,0
46118,0
46119,2
46120,1
46121,2
46122,0
46123,0
46124,2
46125,2
46126,0
46127,2
46128,0
46129,0
46130,2
46131,2
46132,0
46133,0
46134,2
46135,2
46136,2
46137,1
46138,1
46139,2
46140,0
46141,0
46142,1
46143,1
46144,1
46145,0
46146,1
46147,2
46148,0
46149,2
46150,2
46151,1
46152,1
46153,2
46154,2
46155,2
46156,1
46157,0
46158,2
46159,1
46160,0
46161,2
46162,2
46163,2
46164,1
46165,1
46166,0
46167,0
46168,0
46169,1
46170,2
46171,0
46172,1
46173,1
46174,2
46175,2
46176,0
46177,0
46178,0
46179,2
46180,1
46181,2
46182,0
46183,2
46184,2
46185,1
46186,0
46187,0
46188,2
46189,1
46190,0
46191,2
46192,2
46193,0
46194,1
46195,1
46196,2
46197,2
46198,2
46199,2
46200,0
46201,0
46202,2
46203,0
46204,2
46205,1
46206,2
46207,2
46208,2
46209,0
46210,1
46211,2
46212,2
46213,2
46214,2
46215,2
46216,0
46217,2
46218,1
46219,2
46220,2
46221,1
46222,1
46223,2
46224,2
46225,2
46226,1
46227,2
46228,1
46229,2
46230,0
46231,0
46232,0
46233,2
46234,2
46235,0
46236,2
46237,0
46238,0
46239,2
46240,0
46241,0
46242,2
46243,2
46244,0
46245,2
46246,0
46247,2
46248,2
46249,0
46250,1
46251,1
46252,2
46253,0
46254,2
46255,1
46256,1
46257,0
46258,0
46259,0
46260,0
46261,0
46262,0
46263,0
46264,0
46265,0
46266,2
46267,0
46268,1
46269,1
46270,0
46271,0
46272,0
46273,0
46274,2
46275,1
46276,2
46277,0
46278,2
46279,2
46280,2
46281,0
46282,0
46283,0
46284,0
46285,2
46286,2
46287,0
46288,2
46289,0
46290,2
46291,2
46292,0
46293,0
46294,1
46295,1
46296,0
46297,2
46298,0
46299,2
46300,2
46301,1
46302,0
46303,2
46304,0
46305,2
46306,0
46307,0
46308,2
46309,2
46310,1
46311,1
46312,0
46313,1
46314,2
46315,2
46316,2
46317,0
46318,2
46319,0
46320,1
46321,0
46322,2
46323,0
46324,1
46325,0
46326,1
46327,0
46328,2
46329,1
46330,2
46331,1
46332,1
46333,2
46334,2
46335,0
46336,2
46337,2
46338,1
46339,0
46340,1
46341,0
46342,1
46343,2
46344,0
46345,0
46346,1
46347,1
46348,1
46349,0
46350,2
46351,1
46352,1
46353,0
46354,0
46355,0
46356,1
46357,2
46358,2
46359,2
46360,0
46361,1
46362,0
46363,2
46364,0
46365,0
46366,2
46367,1
46368,1
46369,2
46370,2
46371,0
46372,2
46373,0
46374,0
46375,2
46376,0
46377,2
46378,0
46379,2
46380,0
46381,0
46382,0
46383,0
46384,0
46385,0
46386,2
46387,2
46388,0
46389,0
46390,2
46391,0
46392,0
46393,0
46394,2
46395,1
46396,1
46397,1
46398,0
46399,2
46400,2
46401,2
46402,2
46403,0
46404,2
46405,0
46406,2
46407,2
46408,0
46409,0
46410,1
46411,1
46412,0
46413,2
46414,2
46415,0
46416,0
46417,2
46418,0
46419,0
46420,2
46421,2
46422,2
46423,0
46424,1
46425,0
46426,0
46427,0
46428,2
46429,1
46430,2
46431,2
46432,1
46433,2
46434,2
46435,1
46436,2
46437,2
46438,0
46439,2
46440,0
46441,2
46442,1
46443,2
46444,2
46445,2
46446,2
46447,0
46448,0
46449,2
46450,2
46451,1
46452,2
46453,0
46454,2
46455,2
46456,1
46457,2
46458,1
46459,2
46460,1
46461,0
46462,0
46463,1
46464,2
46465,0
46466,2
46467,2
46468,0
46469,2
46470,0
46471,0
46472,1
46473,1
46474,1
46475,1
46476,0
46477,0
46478,0
46479,2
46480,2
46481,2
46482,2
46483,1
46484,2
46485,2
46486,1
46487,2
46488,2
46489,1
46490,0
46491,2
46492,1
46493,1
46494,2
46495,0
46496,1
46497,2
46498,2
46499,0
46500,2
46501,1
46502,2
46503,1
46504,0
46505,2
46506,0
46507,2
46508,1
46509,1
46510,0
46511,0
46512,0
46513,2
46514,1
46515,2
46516,0
46517,0
46518,2
46519,2
46520,2
46521,2
46522,0
46523,2
46524,0
46525,2
46526,1
46527,1
46528,0
46529,0
46530,2
46531,2
46532,1
46533,2
46534,0
46535,2
46536,0
46537,2
46538,2
46539,1
46540,0
46541,0
46542,0
46543,2
46544,2
46545,1
46546,0
46547,0
46548,0
46549,0
46550,2
46551,0
46552,2
46553,2
46554,2
46555,2
46556,2
46557,0
46558,1
46559,1
46560,0
46561,2
46562,0
46563,1
46564,1
46565,2
46566,2
46567,0
46568,1
46569,2
46570,1
46571,0
46572,2
46573,2
46574,1
46575,2
46576,2
46577,0
46578,2
46579,1
46580,2
46581,2
46582,0
46583,2
46584,2
46585,0
46586,2
46587,2
46588,0
46589,0
46590,2
46591,0
46592,0
46593,1
46594,2
46595,0
46596,1
46597,0
46598,1
46599,2
46600,2
46601,1
46602,2
46603,1
46604,2
46605,2
46606,1
46607,1
46608,0
46609,0
46610,2
46611,1
46612,0
46613,1
46614,0
46615,2
46616,0
46617,0
46618,1
46619,0
46620,1
46621,2
46622,0
46623,1
46624,0
46625,1
46626,2
46627,0
46628,2
46629,2
46630,2
46631,2
46632,2
46633,2
46634,0
46635,2
46636,2
46637,0
46638,1
46639,0
46640,2
46641,2
46642,0
46643,1
46644,0
46645,2
46646,1
46647,0
46648,0
46649,1
46650,2
46651,1
46652,0
46653,2
46654,2
46655,1
46656,0
46657,2
46658,1
46659,0
46660,0
46661,0
46662,0
46663,0
46664,2
46665,2
46666,1
46667,0
46668,2
46669,2
46670,1
46671,0
46672,0
46673,2
46674,2
46675,0
46676,0
46677,2
46678,1
46679,2
46680,1
46681,0
46682,0
46683,2
46684,0
46685,1
46686,1
46687,0
46688,2
46689,0
46690,2
46691,2
46692,2
46693,1
46694,0
46695,0
46696,2
46697,0
46698,2
46699,0
46700,2
46701,0
46702,0
46703,0
46704,2
46705,1
46706,2
46707,1
46708,1
46709,2
46710,2
46711,0
46712,1
46713,0
46714,2
46715,2
46716,2
46717,0
46718,1
46719,0
46720,2
46721,1
46722,2
46723,0
46724,0
46725,2
46726,2
46727,2
46728,0
46729,2
46730,2
46731,2
46732,0
46733,2
46734,0
46735,0
46736,0
46737,2
46738,0
46739,1
46740,1
46741,0
46742,0
46743,2
46744,0
46745,1
46746,0
46747,0
46748,0
46749,2
46750,2
46751,1
46752,2
46753,0
46754,0
46755,2
46756,1
46757,1
46758,0
46759,0
46760,2
46761,0
46762,0
46763,1
46764,2
46765,0
46766,0
46767,0
46768,0
46769,2
46770,0
46771,2
46772,0
46773,0
46774,0
46775,1
46776,0
46777,2
46778,2
46779,2
46780,1
46781,0
46782,0
46783,1
46784,0
46785,1
46786,2
46787,2
46788,0
46789,0
46790,2
46791,2
46792,0
46793,2
46794,0
46795,1
46796,1
46797,0
46798,1
46799,2
46800,2
46801,0
46802,1
46803,1
46804,2
46805,2
46806,1
46807,0
46808,1
46809,0
46810,2
46811,0
46812,1
46813,1
46814,2
46815,0
46816,1
46817,1
46818,2
46819,1
46820,1
46821,0
46822,2
46823,0
46824,1
46825,0
46826,0
46827,0
46828,0
46829,0
46830,0
46831,1
46832,2
46833,0
46834,0
46835,2
46836,2
46837,2
46838,0
46839,0
46840,0
46841,0
46842,0
46843,2
46844,0
46845,2
46846,2
46847,1
46848,0
46849,2
46850,1
46851,1
46852,2
46853,0
46854,2
46855,2
46856,0
46857,1
46858,2
46859,0
46860,2
46861,0
46862,2
46863,0
46864,2
46865,2
46866,0
46867,0
46868,2
46869,2
46870,0
46871,2
46872,2
46873,0
46874,2
46875,2
46876,0
46877,2
46878,0
46879,1
46880,0
46881,2
46882,1
46883,0
46884,0
46885,2
46886,0
46887,1
46888,0
46889,0
46890,0
46891,2
46892,2
46893,2
46894,2
46895,2
46896,2
46897,2
46898,2
46899,0
46900,1
46901,1
46902,2
46903,0
46904,1
46905,0
46906,2
46907,1
46908,0
46909,0
46910,1
46911,0
46912,0
46913,0
46914,0
46915,2
46916,1
46917,0
46918,0
46919,0
46920,2
46921,1
46922,2
46923,2
46924,0
46925,1
46926,2
46927,0
46928,1
46929,2
46930,0
46931,1
46932,1
46933,0
46934,2
46935,2
46936,2
46937,1
46938,0
46939,0
46940,2
46941,0
46942,2
46943,1
46944,2
46945,2
46946,1
46947,2
46948,0
46949,0
46950,0
46951,2
46952,2
46953,0
46954,0
46955,2
46956,0
46957,2
46958,1
46959,0
46960,2
46961,0
46962,1
46963,2
46964,0
46965,1
46966,2
46967,2
46968,2
46969,2
46970,2
46971,2
46972,2
46973,2
46974,1
46975,1
46976,1
46977,2
46978,0
46979,2
46980,0
46981,0
46982,0
46983,2
46984,0
46985,2
46986,1
46987,1
46988,0
46989,0
46990,2
46991,0
46992,2
46993,0
46994,1
46995,2
46996,2
46997,2
46998,0
46999,2
47000,2
47001,0
47002,1
47003,0
47004,0
47005,0
47006,0
47007,0
47008,0
47009,1
47010,0
47011,0
47012,2
47013,1
47014,2
47015,0
47016,1
47017,1
47018,0
47019,2
47020,2
47021,0
47022,0
47023,2
47024,2
47025,1
47026,2
47027,2
47028,0
47029,1
47030,0
47031,0
47032,0
47033,1
47034,0
47035,2
47036,1
47037,0
47038,2
47039,0
47040,0
47041,1
47042,1
47043,1
47044,0
47045,0
47046,1
47047,2
47048,1
47049,0
47050,0
47051,1
47052,0
47053,2
47054,2
47055,2
47056,2
47057,0
47058,0
47059,0
47060,0
47061,2
47062,0
47063,0
47064,2
47065,0
47066,2
47067,2
47068,1
47069,2
47070,1
47071,1
47072,0
47073,2
47074,2
47075,2
47076,0
47077,2
47078,1
47079,1
47080,2
47081,1
47082,1
47083,1
47084,2
47085,0
47086,0
47087,0
47088,0
47089,2
47090,0
47091,2
47092,1
47093,2
47094,1
47095,0
47096,2
47097,2
47098,0
47099,0
47100,0
47101,1
47102,2
47103,0
47104,0
47105,0
47106,1
47107,2
47108,0
47109,0
47110,2
47111,2
47112,0
47113,0
47114,2
47115,0
47116,0
47117,1
47118,1
47119,1
47120,1
47121,0
47122,1
47123,0
47124,1
47125,2
47126,2
47127,0
47128,0
47129,2
47130,0
47131,2
47132,2
47133,1
47134,0
47135,0
47136,2
47137,1
47138,1
47139,1
47140,0
47141,2
47142,2
47143,1
47144,2
47145,2
47146,0
47147,0
47148,2
47149,0
47150,0
47151,0
47152,0
47153,1
47154,2
47155,0
47156,2
47157,2
47158,2
47159,2
47160,2
47161,0
47162,1
47163,2
47164,2
47165,0
47166,0
47167,2
47168,1
47169,2
47170,2
47171,2
47172,0
47173,1
47174,2
47175,0
47176,2
47177,0
47178,2
47179,0
47180,0
47181,0
47182,2
47183,0
47184,2
47185,2
47186,0
47187,1
47188,0
47189,0
47190,1
47191,2
47192,0
47193,1
47194,0
47195,0
47196,2
47197,1
47198,0
47199,0
47200,0
47201,2
47202,2
47203,0
47204,0
47205,2
47206,2
47207,0
47208,1
47209,1
47210,0
47211,1
47212,1
47213,2
47214,2
47215,0
47216,2
47217,1
47218,1
47219,0
47220,0
47221,2
47222,0
47223,1
47224,2
47225,1
47226,1
47227,0
47228,0
47229,2
47230,0
47231,1
47232,0
47233,2
47234,0
47235,0
47236,2
47237,2
47238,1
47239,1
47240,1
47241,0
47242,0
47243,1
47244,1
47245,2
47246,2
47247,2
47248,1
47249,1
47250,0
47251,0
47252,0
47253,0
47254,2
47255,0
47256,0
47257,2
47258,1
47259,0
47260,2
47261,2
47262,2
47263,2
47264,0
47265,0
47266,0
47267,2
47268,1
47269,0
47270,0
47271,1
47272,0
47273,2
47274,1
47275,2
47276,2
47277,0
47278,1
47279,0
47280,1
47281,2
47282,2
47283,0
47284,0
47285,2
47286,0
47287,0
47288,2
47289,1
47290,1
47291,0
47292,0
47293,0
47294,0
47295,1
47296,0
47297,0
47298,0
47299,0
47300,0
47301,0
47302,1
47303,1
47304,0
47305,0
47306,0
47307,2
47308,2
47309,1
47310,2
47311,2
47312,1
47313,2
47314,0
47315,2
47316,2
47317,0
47318,2
47319,2
47320,0
47321,0
47322,1
47323,0
47324,2
47325,0
47326,0
47327,2
47328,0
47329,2
47330,0
47331,2
47332,2
47333,0
47334,2
47335,0
47336,1
47337,0
47338,2
47339,0
47340,1
47341,2
47342,0
47343,0
47344,2
47345,0
47346,2
47347,2
47348,1
47349,0
47350,2
47351,1
47352,1
47353,2
47354,0
47355,0
47356,2
47357,2
47358,1
47359,0
47360,0
47361,0
47362,0
47363,0
47364,1
47365,0
47366,0
47367,0
47368,0
47369,0
47370,1
47371,2
47372,0
47373,1
47374,0
47375,2
47376,2
47377,2
47378,2
47379,1
47380,2
47381,2
47382,0
47383,1
47384,2
47385,2
47386,1
47387,1
47388,1
47389,1
47390,0
47391,2
47392,2
47393,1
47394,0
47395,2
47396,2
47397,0
47398,1
47399,2
47400,0
47401,0
47402,0
47403,0
47404,1
47405,1
47406,0
47407,2
47408,2
47409,1
47410,0
47411,2
47412,0
47413,2
47414,0
47415,2
47416,2
47417,0
47418,2
47419,2
47420,1
47421,0
47422,2
47423,0
47424,0
47425,2
47426,0
47427,2
47428,0
47429,0
47430,0
47431,0
47432,2
47433,2
47434,0
47435,0
47436,0
47437,1
47438,1
47439,0
47440,1
47441,1
47442,2
47443,0
47444,0
47445,2
47446,2
47447,1
47448,2
47449,2
47450,2
47451,0
47452,0
47453,2
47454,2
47455,1
47456,2
47457,0
47458,0
47459,0
47460,1
47461,0
47462,2
47463,0
47464,1
47465,1
47466,1
47467,1
47468,0
47469,1
47470,1
47471,0
47472,1
47473,0
47474,0
47475,0
47476,1
47477,2
47478,1
47479,1
47480,2
47481,2
47482,1
47483,2
47484,2
47485,1
47486,2
47487,2
47488,2
47489,2
47490,2
47491,2
47492,1
47493,2
47494,1
47495,0
47496,0
47497,1
47498,2
47499,0
47500,2
47501,0
47502,1
47503,1
47504,2
47505,0
47506,1
47507,1
47508,0
47509,2
47510,0
47511,2
47512,0
47513,2
47514,0
47515,0
47516,2
47517,0
47518,2
47519,1
47520,2
47521,1
47522,0
47523,0
47524,0
47525,0
47526,0
47527,2
47528,2
47529,1
47530,1
47531,1
47532,1
47533,1
47534,0
47535,0
47536,1
47537,1
47538,2
47539,2
47540,1
47541,1
47542,0
47543,1
47544,2
47545,1
47546,0
47547,0
47548,0
47549,0
47550,1
47551,2
47552,0
47553,0
47554,1
47555,1
47556,2
47557,2
47558,0
47559,2
47560,0
47561,1
47562,2
47563,0
47564,1
47565,0
47566,2
47567,2
47568,0
47569,1
47570,2
47571,2
47572,1
47573,1
47574,2
47575,0
47576,0
47577,0
47578,0
47579,0
47580,2
47581,0
47582,2
47583,0
47584,2
47585,2
47586,2
47587,1
47588,0
47589,1
47590,0
47591,0
47592,1
47593,0
47594,1
47595,2
47596,0
47597,1
47598,0
47599,0
47600,2
47601,2
47602,0
47603,0
47604,0
47605,2
47606,1
47607,1
47608,2
47609,2
47610,2
47611,0
47612,2
47613,0
47614,0
47615,1
47616,2
47617,1
47618,2
47619,1
47620,2
47621,2
47622,2
47623,2
47624,1
47625,0
47626,2
47627,2
47628,0
47629,1
47630,2
47631,2
47632,1
47633,0
47634,0
47635,0
47636,0
47637,0
47638,2
47639,2
47640,2
47641,2
47642,2
47643,1
47644,2
47645,2
47646,2
47647,1
47648,2
47649,1
47650,0
47651,2
47652,0
47653,2
47654,0
47655,0
47656,2
47657,0
47658,2
47659,1
47660,0
47661,1
47662,2
47663,1
47664,0
47665,0
47666,0
47667,0
47668,0
47669,1
47670,2
47671,0
47672,1
47673,2
47674,2
47675,2
47676,0
47677,0
47678,2
47679,1
47680,0
47681,2
47682,2
47683,2
47684,2
47685,0
47686,0
47687,0
47688,0
47689,2
47690,0
47691,0
47692,0
47693,0
47694,2
47695,1
47696,0
47697,2
47698,2
47699,2
47700,0
47701,2
47702,0
47703,0
47704,2
47705,1
47706,2
47707,0
47708,2
47709,2
47710,2
47711,2
47712,0
47713,2
47714,2
47715,1
47716,1
47717,0
47718,2
47719,0
47720,2
47721,1
47722,2
47723,0
47724,0
47725,2
47726,2
47727,0
47728,0
47729,1
47730,1
47731,0
47732,1
47733,0
47734,2
47735,2
47736,2
47737,0
47738,0
47739,2
47740,2
47741,2
47742,0
47743,1
47744,2
47745,1
47746,2
47747,0
47748,0
47749,0
47750,1
47751,0
47752,1
47753,0
47754,0
47755,2
47756,2
47757,1
47758,1
47759,1
47760,2
47761,0
47762,0
47763,0
47764,1
47765,0
47766,2
47767,0
47768,0
47769,1
47770,2
47771,0
47772,2
47773,0
47774,2
47775,0
47776,2
47777,1
47778,2
47779,2
47780,2
47781,1
47782,2
47783,0
47784,2
47785,2
47786,0
47787,0
47788,2
47789,2
47790,0
47791,1
47792,0
47793,0
47794,1
47795,0
47796,1
47797,2
47798,0
47799,1
47800,0
47801,0
47802,0
47803,2
47804,1
47805,1
47806,0
47807,2
47808,2
47809,1
47810,0
47811,1
47812,2
47813,2
47814,0
47815,0
47816,0
47817,0
47818,1
47819,1
47820,2
47821,2
47822,1
47823,0
47824,2
47825,2
47826,1
47827,0
47828,1
47829,0
47830,0
47831,2
47832,1
47833,1
47834,2
47835,2
47836,1
47837,2
47838,0
47839,0
47840,0
47841,0
47842,0
47843,0
47844,1
47845,1
47846,2
47847,0
47848,0
47849,1
47850,0
47851,1
47852,0
47853,1
47854,0
47855,0
47856,1
47857,0
47858,2
47859,2
47860,2
47861,1
47862,1
47863,2
47864,2
47865,0
47866,2
47867,1
47868,1
47869,1
47870,0
47871,1
47872,2
47873,0
47874,0
47875,0
47876,2
47877,2
47878,1
47879,0
47880,2
47881,1
47882,0
47883,2
47884,0
47885,2
47886,0
47887,0
47888,0
47889,1
47890,0
47891,1
47892,2
47893,2
47894,0
47895,1
47896,0
47897,0
47898,0
47899,0
47900,0
47901,2
47902,0
47903,2
47904,0
47905,1
47906,1
47907,1
47908,2
47909,1
47910,0
47911,1
47912,1
47913,1
47914,0
47915,2
47916,2
47917,2
47918,2
47919,2
47920,1
47921,0
47922,1
47923,2
47924,0
47925,0
47926,0
47927,1
47928,1
47929,1
47930,0
47931,2
47932,0
47933,1
47934,1
47935,0
47936,2
47937,0
47938,2
47939,2
47940,0
47941,1
47942,2
47943,2
47944,1
47945,0
47946,0
47947,0
47948,0
47949,1
47950,1
47951,1
47952,1
47953,2
47954,1
47955,0
47956,1
47957,1
47958,0
47959,0
47960,2
47961,0
47962,2
47963,0
47964,0
47965,0
47966,0
47967,0
47968,2
47969,0
47970,2
47971,1
47972,0
47973,1
47974,0
47975,2
47976,1
47977,0
47978,1
47979,0
47980,2
47981,0
47982,0
47983,1
47984,2
47985,0
47986,2
47987,2
47988,2
47989,2
47990,2
47991,1
47992,2
47993,0
47994,2
47995,0
47996,2
47997,0
47998,0
47999,0
48000,1
48001,2
48002,0
48003,1
48004,1
48005,0
48006,0
48007,0
48008,1
48009,0
48010,1
48011,0
48012,2
48013,2
48014,2
48015,0
48016,0
48017,1
48018,2
48019,0
48020,0
48021,2
48022,2
48023,0
48024,0
48025,0
48026,2
48027,0
48028,1
48029,2
48030,1
48031,1
48032,0
48033,0
48034,2
48035,0
48036,0
48037,0
48038,2
48039,0
48040,2
48041,1
48042,0
48043,0
48044,1
48045,0
48046,2
48047,2
48048,1
48049,0
48050,0
48051,2
48052,2
48053,1
48054,1
48055,0
48056,0
48057,2
48058,2
48059,0
48060,0
48061,2
48062,2
48063,2
48064,1
48065,0
48066,0
48067,1
48068,2
48069,0
48070,1
48071,0
48072,2
48073,2
48074,0
48075,0
48076,2
48077,1
48078,0
48079,1
48080,0
48081,0
48082,0
48083,0
48084,0
48085,1
48086,1
48087,1
48088,0
48089,2
48090,2
48091,2
48092,2
48093,0
48094,2
48095,0
48096,0
48097,2
48098,0
48099,0
48100,1
48101,2
48102,1
48103,2
48104,2
48105,0
48106,0
48107,0
48108,0
48109,0
48110,2
48111,1
48112,2
48113,2
48114,2
48115,0
48116,1
48117,2
48118,0
48119,2
48120,0
48121,0
48122,2
48123,0
48124,2
48125,0
48126,0
48127,0
48128,1
48129,0
48130,2
48131,2
48132,2
48133,2
48134,2
48135,0
48136,1
48137,1
48138,2
48139,2
48140,1
48141,1
48142,2
48143,2
48144,1
48145,1
48146,1
48147,1
48148,1
48149,2
48150,0
48151,0
48152,2
48153,2
48154,1
48155,1
48156,0
48157,0
48158,1
48159,0
48160,2
48161,2
48162,0
48163,2
48164,0
48165,0
48166,0
48167,2
48168,0
48169,2
48170,0
48171,1
48172,2
48173,1
48174,2
48175,0
48176,0
48177,2
48178,0
48179,0
48180,1
48181,1
48182,0
48183,1
48184,2
48185,2
48186,1
48187,2
48188,0
48189,0
48190,1
48191,0
48192,2
48193,0
48194,0
48195,0
48196,1
48197,2
48198,0
48199,1
48200,0
48201,0
48202,2
48203,1
48204,2
48205,1
48206,2
48207,0
48208,1
48209,1
48210,2
48211,2
48212,1
48213,1
48214,1
48215,2
48216,2
48217,1
48218,2
48219,0
48220,0
48221,2
48222,0
48223,1
48224,2
48225,2
48226,2
48227,0
48228,0
48229,2
48230,1
48231,2
48232,0
48233,2
48234,0
48235,2
48236,0
48237,0
48238,2
48239,0
48240,2
48241,1
48242,0
48243,2
48244,0
48245,0
48246,0
48247,0
48248,0
48249,1
48250,2
48251,2
48252,2
48253,1
48254,2
48255,0
48256,2
48257,0
48258,0
48259,0
48260,2
48261,2
48262,0
48263,1
48264,0
48265,0
48266,2
48267,2
48268,0
48269,0
48270,2
48271,0
48272,2
48273,2
48274,0
48275,0
48276,2
48277,2
48278,2
48279,2
48280,2
48281,0
48282,0
48283,1
48284,1
48285,0
48286,0
48287,0
48288,0
48289,0
48290,1
48291,2
48292,2
48293,2
48294,0
48295,1
48296,1
48297,0
48298,0
48299,0
48300,2
48301,2
48302,1
48303,2
48304,2
48305,2
48306,2
48307,2
48308,1
48309,0
48310,1
48311,1
48312,1
48313,2
48314,2
48315,0
48316,1
48317,0
48318,2
48319,1
48320,0
48321,0
48322,0
48323,2
48324,0
48325,0
48326,2
48327,1
48328,2
48329,2
48330,2
48331,2
48332,2
48333,0
48334,1
48335,1
48336,1
48337,2
48338,1
48339,2
48340,1
48341,0
48342,0
48343,1
48344,0
48345,2
48346,2
48347,2
48348,2
48349,1
48350,2
48351,0
48352,0
48353,2
48354,1
48355,1
48356,2
48357,0
48358,0
48359,1
48360,1
48361,0
48362,0
48363,2
48364,2
48365,0
48366,0
48367,2
48368,0
48369,2
48370,2
48371,2
48372,2
48373,2
48374,1
48375,1
48376,0
48377,0
48378,2
48379,0
48380,0
48381,0
48382,2
48383,2
48384,0
48385,2
48386,2
48387,0
48388,0
48389,2
48390,1
48391,0
48392,2
48393,0
48394,1
48395,2
48396,0
48397,2
48398,1
48399,0
48400,0
48401,1
48402,2
48403,2
48404,2
48405,2
48406,2
48407,2
48408,2
48409,0
48410,0
48411,2
48412,0
48413,1
48414,1
48415,2
48416,2
48417,1
48418,0
48419,0
48420,1
48421,2
48422,1
48423,0
48424,0
48425,2
48426,2
48427,2
48428,2
48429,2
48430,1
48431,0
48432,0
48433,0
48434,0
48435,2
48436,0
48437,1
48438,2
48439,2
48440,1
48441,0
48442,1
48443,2
48444,2
48445,1
48446,1
48447,2
48448,0
48449,1
48450,0
48451,1
48452,1
48453,0
48454,0
48455,0
48456,2
48457,1
48458,0
48459,0
48460,2
48461,0
48462,1
48463,2
48464,0
48465,1
48466,0
48467,0
48468,2
48469,0
48470,1
48471,0
48472,0
48473,1
48474,1
48475,2
48476,0
48477,1
48478,1
48479,0
48480,2
48481,0
48482,1
48483,0
48484,2
48485,2
48486,0
48487,0
48488,0
48489,2
48490,0
48491,2
48492,0
48493,1
48494,2
48495,2
48496,2
48497,0
48498,2
48499,1
48500,0
48501,1
48502,2
48503,0
48504,2
48505,2
48506,1
48507,0
48508,2
48509,0
48510,2
48511,0
48512,1
48513,1
48514,1
48515,1
48516,2
48517,2
48518,0
48519,0
48520,0
48521,0
48522,0
48523,1
48524,0
48525,2
48526,2
48527,2
48528,2
48529,0
48530,2
48531,0
48532,1
48533,0
48534,2
48535,2
48536,0
48537,0
48538,1
48539,0
48540,0
48541,0
48542,1
48543,1
48544,0
48545,1
48546,2
48547,0
48548,2
48549,2
48550,1
48551,0
48552,0
48553,2
48554,1
48555,2
48556,2
48557,2
48558,0
48559,2
48560,2
48561,2
48562,2
48563,2
48564,2
48565,2
48566,0
48567,2
48568,0
48569,0
48570,0
48571,2
48572,0
48573,2
48574,1
48575,0
48576,0
48577,2
48578,0
48579,2
48580,2
48581,2
48582,1
48583,1
48584,1
48585,2
48586,1
48587,1
48588,0
48589,1
48590,2
48591,2
48592,2
48593,1
48594,0
48595,0
48596,2
48597,2
48598,2
48599,0
48600,2
48601,0
48602,2
48603,0
48604,0
48605,1
48606,2
48607,0
48608,0
48609,1
48610,2
48611,2
48612,1
48613,1
48614,0
48615,1
48616,2
48617,2
48618,1
48619,0
48620,2
48621,2
48622,1
48623,2
48624,0
48625,2
48626,0
48627,0
48628,0
48629,0
48630,0
48631,0
48632,0
48633,0
48634,0
48635,2
48636,0
48637,0
48638,2
48639,2
48640,2
48641,2
48642,2
48643,2
48644,0
48645,0
48646,0
48647,0
48648,0
48649,0
48650,1
48651,0
48652,1
48653,2
48654,2
48655,0
48656,0
48657,0
48658,0
48659,1
48660,1
48661,0
48662,0
48663,1
48664,0
48665,0
48666,0
48667,1
48668,2
48669,0
48670,0
48671,0
48672,2
48673,2
48674,0
48675,0
48676,2
48677,1
48678,2
48679,0
48680,1
48681,1
48682,0
48683,0
48684,1
48685,2
48686,1
48687,2
48688,0
48689,0
48690,1
48691,2
48692,2
48693,0
48694,0
48695,0
48696,0
48697,2
48698,0
48699,0
48700,0
48701,2
48702,1
48703,0
48704,2
48705,0
48706,0
48707,0
48708,2
48709,1
48710,2
48711,2
48712,0
48713,1
48714,2
48715,2
48716,0
48717,0
48718,1
48719,0
48720,0
48721,0
48722,1
48723,0
48724,1
48725,1
48726,2
48727,0
48728,2
48729,1
48730,2
48731,2
48732,0
48733,0
48734,0
48735,0
48736,1
48737,1
48738,2
48739,0
48740,0
48741,0
48742,0
48743,2
48744,0
48745,2
48746,0
48747,0
48748,0
48749,1
48750,2
48751,2
48752,0
48753,0
48754,2
48755,0
48756,2
48757,2
48758,0
48759,1
48760,2
48761,0
48762,0
48763,1
48764,0
48765,2
48766,1
48767,0
48768,1
48769,2
48770,0
48771,1
48772,2
48773,2
48774,0
48775,2
48776,1
48777,2
48778,0
48779,0
48780,0
48781,0
48782,1
48783,1
48784,2
48785,2
48786,2
48787,2
48788,0
48789,0
48790,1
48791,2
48792,2
48793,0
48794,1
48795,2
48796,2
48797,2
48798,2
48799,2
48800,0
48801,1
48802,2
48803,2
48804,2
48805,2
48806,2
48807,0
48808,2
48809,2
48810,1
48811,2
48812,1
48813,1
48814,1
48815,2
48816,0
48817,1
48818,0
48819,1
48820,0
48821,1
48822,1
48823,0
48824,0
48825,0
48826,1
48827,2
48828,0
48829,0
48830,2
48831,0
48832,2
48833,0
48834,0
48835,2
48836,2
48837,0
48838,2
48839,0
48840,0
48841,2
48842,2
48843,0
48844,2
48845,2
48846,1
48847,0
48848,1
48849,0
48850,0
48851,1
48852,2
48853,1
48854,2
48855,0
48856,0
48857,0
48858,1
48859,2
48860,1
48861,1
48862,2
48863,2
48864,2
48865,0
48866,2
48867,0
48868,1
48869,2
48870,0
48871,2
48872,0
48873,2
48874,1
48875,0
48876,0
48877,1
48878,2
48879,0
48880,2
48881,2
48882,2
48883,2
48884,0
48885,1
48886,0
48887,1
48888,2
48889,2
48890,2
48891,0
48892,0
48893,0
48894,2
48895,0
48896,0
48897,2
48898,1
48899,1
48900,2
48901,2
48902,2
48903,2
48904,2
48905,2
48906,0
48907,2
48908,0
48909,1
48910,2
48911,2
48912,0
48913,0
48914,1
48915,1
48916,2
48917,0
48918,0
48919,0
48920,2
48921,1
48922,1
48923,2
48924,0
48925,2
48926,0
48927,0
48928,1
48929,0
48930,1
48931,0
48932,0
48933,2
48934,0
48935,0
48936,2
48937,1
48938,2
48939,0
48940,1
48941,2
48942,0
48943,1
48944,0
48945,1
48946,0
48947,2
48948,2
48949,1
48950,2
48951,0
48952,0
48953,0
48954,1
48955,1
48956,2
48957,0
48958,2
48959,0
48960,0
48961,0
48962,0
48963,2
48964,1
48965,2
48966,0
48967,2
48968,2
48969,0
48970,2
48971,1
48972,1
48973,1
48974,2
48975,0
48976,2
48977,0
48978,2
48979,0
48980,1
48981,1
48982,2
48983,1
48984,0
48985,1
48986,0
48987,1
48988,0
48989,0
48990,0
48991,0
48992,2
48993,1
48994,1
48995,0
48996,1
48997,0
48998,0
48999,2
49000,1
49001,2
49002,2
49003,2
49004,1
49005,0
49006,0
49007,0
49008,2
49009,2
49010,1
49011,2
49012,2
49013,1
49014,0
49015,2
49016,0
49017,2
49018,1
49019,2
49020,2
49021,1
49022,2
49023,2
49024,0
49025,2
49026,0
49027,0
49028,1
49029,0
49030,0
49031,2
49032,0
49033,0
49034,0
49035,0
49036,1
49037,1
49038,2
49039,1
49040,0
49041,1
49042,2
49043,2
49044,1
49045,0
49046,1
49047,1
49048,0
49049,2
49050,1
49051,2
49052,1
49053,0
49054,0
49055,0
49056,2
49057,0
49058,0
49059,2
49060,1
49061,1
49062,1
49063,1
49064,2
49065,0
49066,2
49067,1
49068,1
49069,0
49070,2
49071,0
49072,0
49073,2
49074,2
49075,0
49076,0
49077,2
49078,2
49079,1
49080,0
49081,2
49082,0
49083,0
49084,2
49085,1
49086,1
49087,2
49088,0
49089,0
49090,0
49091,0
49092,1
49093,2
49094,1
49095,0
49096,0
49097,2
49098,2
49099,0
49100,2
49101,1
49102,1
49103,0
49104,0
49105,2
49106,1
49107,1
49108,1
49109,0
49110,2
49111,2
49112,2
49113,0
49114,1
49115,1
49116,2
49117,1
49118,1
49119,0
49120,0
49121,0
49122,0
49123,0
49124,1
49125,0
49126,0
49127,2
49128,0
49129,1
49130,0
49131,0
49132,0
49133,1
49134,0
49135,1
49136,0
49137,0
49138,2
49139,1
49140,0
49141,1
49142,0
49143,0
49144,1
49145,1
49146,1
49147,0
49148,0
49149,0
49150,2
49151,2
49152,0
49153,0
49154,0
49155,2
49156,2
49157,2
49158,0
49159,0
49160,1
49161,0
49162,0
49163,0
49164,2
49165,1
49166,0
49167,2
49168,2
49169,0
49170,1
49171,0
49172,1
49173,1
49174,1
49175,2
49176,0
49177,0
49178,1
49179,2
49180,0
49181,2
49182,1
49183,0
49184,1
49185,2
49186,2
49187,2
49188,2
49189,0
49190,1
49191,1
49192,0
49193,2
49194,2
49195,0
49196,0
49197,0
49198,2
49199,2
49200,0
49201,0
49202,2
49203,2
49204,0
49205,2
49206,0
49207,2
49208,0
49209,1
49210,2
49211,0
49212,2
49213,2
49214,2
49215,2
49216,1
49217,0
49218,2
49219,2
49220,0
49221,2
49222,1
49223,1
49224,2
49225,2
49226,2
49227,2
49228,1
49229,2
49230,0
49231,1
49232,0
49233,2
49234,0
49235,2
49236,1
49237,1
49238,2
49239,2
49240,0
49241,2
49242,2
49243,0
49244,2
49245,0
49246,1
49247,1
49248,0
49249,0
49250,2
49251,1
49252,1
49253,2
49254,2
49255,0
49256,1
49257,0
49258,0
49259,0
49260,2
49261,2
49262,0
49263,0
49264,1
49265,0
49266,0
49267,1
49268,2
49269,2
49270,1
49271,2
49272,0
49273,2
49274,1
49275,2
49276,1
49277,0
49278,0
49279,0
49280,2
49281,2
49282,0
49283,0
49284,2
49285,0
49286,1
49287,1
49288,2
49289,0
49290,1
49291,2
49292,1
49293,0
49294,2
49295,1
49296,1
49297,1
49298,2
49299,2
49300,0
49301,0
49302,2
49303,2
49304,2
49305,1
49306,0
49307,2
49308,0
49309,1
49310,2
49311,0
49312,2
49313,0
49314,0
49315,0
49316,2
49317,0
49318,2
49319,1
49320,2
49321,2
49322,2
49323,0
49324,2
49325,0
49326,0
49327,0
49328,1
49329,1
49330,2
49331,2
49332,0
49333,1
49334,2
49335,2
49336,0
49337,2
49338,2
49339,0
49340,0
49341,1
49342,0
49343,0
49344,1
49345,0
49346,1
49347,1
49348,1
49349,1
49350,1
49351,1
49352,0
49353,1
49354,1
49355,2
49356,2
49357,2
49358,0
49359,2
49360,1
49361,0
49362,0
49363,0
49364,1
49365,1
49366,1
49367,1
49368,0
49369,2
49370,2
49371,0
49372,0
49373,0
49374,0
49375,2
49376,0
49377,0
49378,1
49379,2
49380,0
49381,2
49382,2
49383,2
49384,0
49385,0
49386,0
49387,0
49388,0
49389,0
49390,0
49391,2
49392,0
49393,2
49394,0
49395,1
49396,2
49397,2
49398,2
49399,0
49400,1
49401,1
49402,1
49403,0
49404,2
49405,1
49406,1
49407,1
49408,1
49409,2
49410,2
49411,1
49412,1
49413,2
49414,0
49415,1
49416,0
49417,2
49418,0
49419,0
49420,2
49421,2
49422,2
49423,0
49424,0
49425,0
49426,0
49427,2
49428,2
49429,1
49430,2
49431,2
49432,2
49433,1
49434,1
49435,1
49436,0
49437,2
49438,1
49439,2
49440,0
49441,2
49442,0
49443,0
49444,0
49445,0
49446,2
49447,0
49448,0
49449,0
49450,0
49451,0
49452,1
49453,2
49454,2
49455,1
49456,1
49457,1
49458,0
49459,1
49460,1
49461,1
49462,0
49463,0
49464,2
49465,2
49466,0
49467,0
49468,2
49469,2
49470,1
49471,0
49472,2
49473,2
49474,2
49475,0
49476,2
49477,2
49478,2
49479,1
49480,2
49481,1
49482,0
49483,2
49484,1
49485,1
49486,2
49487,2
49488,0
49489,1
49490,1
49491,0
49492,0
49493,2
49494,0
49495,2
49496,0
49497,2
49498,2
49499,2
49500,2
49501,0
49502,1
49503,2
49504,0
49505,2
49506,0
49507,0
49508,2
49509,2
49510,0
49511,0
49512,0
49513,0
49514,0
49515,2
49516,1
49517,1
49518,0
49519,0
49520,0
49521,2
49522,2
49523,0
49524,1
49525,0
49526,0
49527,1
49528,0
49529,0
49530,0
49531,0
49532,2
49533,1
49534,0
49535,2
49536,2
49537,2
49538,2
49539,1
49540,0
49541,2
49542,2
49543,0
49544,1
49545,0
49546,1
49547,0
49548,0
49549,2
49550,0
49551,1
49552,0
49553,0
49554,2
49555,0
49556,0
49557,0
49558,0
49559,2
49560,2
49561,0
49562,1
49563,0
49564,2
49565,2
49566,2
49567,2
49568,2
49569,2
49570,1
49571,2
49572,0
49573,1
49574,1
49575,2
49576,2
49577,0
49578,0
49579,2
49580,2
49581,2
49582,1
49583,1
49584,1
49585,1
49586,1
49587,0
49588,0
49589,0
49590,0
49591,0
49592,2
49593,2
49594,2
49595,0
49596,2
49597,2
49598,1
49599,1
49600,0
49601,0
49602,1
49603,2
49604,2
49605,2
49606,0
49607,2
49608,1
49609,1
49610,0
49611,1
49612,0
49613,2
49614,1
49615,0
49616,2
49617,0
49618,0
49619,1
49620,1
49621,1
49622,2
49623,2
49624,0
49625,0
49626,2
49627,1
49628,2
49629,2
49630,1
49631,0
49632,2
49633,2
49634,2
49635,1
49636,2
49637,2
49638,1
49639,1
49640,1
49641,0
49642,1
49643,2
49644,1
49645,0
49646,2
49647,1
49648,2
49649,0
49650,0
49651,2
49652,0
49653,2
49654,0
49655,1
49656,1
49657,2
49658,1
49659,0
49660,0
49661,0
49662,0
49663,2
49664,0
49665,0
49666,1
49667,0
49668,2
49669,2
49670,1
49671,1
49672,2
49673,0
49674,0
49675,0
49676,0
49677,0
49678,2
49679,2
49680,0
49681,2
49682,2
49683,1
49684,2
49685,2
49686,0
49687,1
49688,0
49689,2
49690,1
49691,0
49692,1
49693,0
49694,0
49695,2
49696,0
49697,0
49698,2
49699,2
49700,2
49701,1
49702,0
49703,0
49704,0
49705,0
49706,2
49707,0
49708,0
49709,0
49710,0
49711,1
49712,2
49713,0
49714,2
49715,0
49716,2
49717,1
49718,2
49719,0
49720,0
49721,1
49722,2
49723,2
49724,2
49725,2
49726,2
49727,1
49728,1
49729,0
49730,0
49731,2
49732,2
49733,1
49734,0
49735,0
49736,0
49737,1
49738,0
49739,0
49740,0
49741,1
49742,0
49743,0
49744,2
49745,0
49746,2
49747,0
49748,0
49749,0
49750,1
49751,1
49752,0
49753,2
49754,1
49755,2
49756,2
49757,1
49758,0
49759,0
49760,2
49761,2
49762,0
49763,1
49764,2
49765,0
49766,0
49767,2
49768,0
49769,2
49770,0
49771,1
49772,0
49773,0
49774,1
49775,0
49776,0
49777,2
49778,1
49779,0
49780,2
49781,2
49782,1
49783,0
49784,0
49785,0
49786,0
49787,2
49788,0
49789,1
49790,0
49791,0
49792,2
49793,2
49794,2
49795,2
49796,0
49797,0
49798,2
49799,0
49800,2
49801,0
49802,1
49803,0
49804,2
49805,1
49806,2
49807,0
49808,1
49809,1
49810,0
49811,2
49812,2
49813,0
49814,0
49815,2
49816,2
49817,2
49818,0
49819,1
49820,2
49821,0
49822,2
49823,0
49824,2
49825,1
49826,0
49827,0
49828,1
49829,2
49830,0
49831,0
49832,0
49833,0
49834,0
49835,0
49836,2
49837,0
49838,2
49839,0
49840,2
49841,2
49842,1
49843,1
49844,0
49845,1
49846,0
49847,2
49848,1
49849,2
49850,0
49851,0
49852,0
49853,0
49854,1
49855,0
49856,0
49857,0
49858,1
49859,1
49860,2
49861,0
49862,2
49863,2
49864,0
49865,1
49866,0
49867,1
49868,2
49869,2
49870,2
49871,2
49872,1
49873,2
49874,0
49875,0
49876,0
49877,0
49878,0
49879,1
49880,0
49881,0
49882,1
49883,2
49884,0
49885,2
49886,2
49887,1
49888,2
49889,0
49890,1
49891,2
49892,1
49893,2
49894,2
49895,2
49896,0
49897,1
49898,1
49899,0
49900,0
49901,2
49902,2
49903,1
49904,0
49905,1
49906,0
49907,0
49908,0
49909,0
49910,0
49911,0
49912,0
49913,1
49914,2
49915,1
49916,2
49917,2
49918,1
49919,1
49920,2
49921,0
49922,1
49923,2
49924,0
49925,0
49926,2
49927,2
49928,1
49929,2
49930,2
49931,1
49932,2
49933,2
49934,0
49935,0
49936,0
49937,1
49938,1
49939,0
49940,2
49941,0
49942,0
49943,2
49944,1
49945,2
49946,1
49947,1
49948,2
49949,0
49950,1
49951,2
49952,2
49953,2
49954,2
49955,0
49956,2
49957,0
49958,0
49959,2
49960,0
49961,2
49962,0
49963,2
49964,2
49965,2
49966,2
49967,0
49968,2
49969,2
49970,1
49971,0
49972,0
49973,1
49974,2
49975,0
49976,1
49977,2
49978,2
49979,0
49980,2
49981,0
49982,0
49983,2
49984,0
49985,1
49986,1
49987,2
49988,0
49989,1
49990,2
49991,2
49992,2
49993,0
49994,1
49995,1
49996,2
49997,2
49998,0
49999,0
50000,0
50001,1
50002,2
50003,2
50004,2
50005,2
50006,2
50007,0
50008,2
50009,0
50010,1
50011,2
50012,1
50013,0
50014,2
50015,0
50016,2
50017,2
50018,1
50019,2
50020,2
50021,0
50022,0
50023,1
50024,2
50025,2
50026,0
50027,2
50028,2
50029,2
50030,1
50031,0
50032,0
50033,0
50034,0
50035,1
50036,2
50037,1
50038,0
50039,1
50040,2
50041,0
50042,0
50043,1
50044,0
50045,0
50046,0
50047,0
50048,1
50049,2
50050,0
50051,2
50052,0
50053,0
50054,2
50055,0
50056,0
50057,1
50058,2
50059,0
50060,2
50061,0
50062,0
50063,0
50064,2
50065,0
50066,2
50067,1
50068,0
50069,0
50070,2
50071,2
50072,0
50073,0
50074,2
50075,0
50076,2
50077,2
50078,2
50079,1
50080,2
50081,1
50082,0
50083,0
50084,2
50085,2
50086,0
50087,0
50088,1
50089,2
50090,2
50091,2
50092,0
50093,1
50094,2
50095,0
50096,2
50097,1
50098,0
50099,2
50100,1
50101,2
50102,2
50103,0
50104,2
50105,2
50106,0
50107,1
50108,2
50109,0
50110,2
50111,2
50112,2
50113,0
50114,1
50115,0
50116,1
50117,1
50118,0
50119,1
50120,2
50121,2
50122,2
50123,1
50124,2
50125,2
50126,0
50127,1
50128,2
50129,2
50130,1
50131,1
50132,0
50133,2
50134,2
50135,2
50136,0
50137,0
50138,1
50139,1
50140,2
50141,0
50142,0
50143,1
50144,2
50145,2
50146,0
50147,0
50148,1
50149,2
50150,0
50151,2
50152,1
50153,1
50154,0
50155,0
50156,0
50157,0
50158,1
50159,0
50160,1
50161,2
50162,0
50163,2
50164,0
50165,1
50166,0
50167,0
50168,0
50169,1
50170,2
50171,0
50172,2
50173,2
50174,1
50175,2
50176,2
50177,0
50178,2
50179,0
50180,0
50181,0
50182,1
50183,0
50184,0
50185,2
50186,2
50187,0
50188,1
50189,2
50190,0
50191,0
50192,1
50193,1
50194,2
50195,1
50196,0
50197,2
50198,0
50199,2
50200,2
50201,1
50202,2
50203,0
50204,2
50205,1
50206,0
50207,0
50208,0
50209,2
50210,0
50211,2
50212,2
50213,2
50214,1
50215,2
50216,2
50217,2
50218,0
50219,2
50220,2
50221,1
50222,0
50223,0
50224,1
50225,0
50226,0
50227,2
50228,2
50229,1
50230,2
50231,2
50232,1
50233,1
50234,2
50235,0
50236,2
50237,0
50238,2
50239,0
50240,0
50241,0
50242,0
50243,0
50244,0
50245,2
50246,1
50247,1
50248,2
50249,2
50250,0
50251,0
50252,0
50253,0
50254,1
50255,1
50256,2
50257,1
50258,1
50259,2
50260,0
50261,0
50262,1
50263,1
50264,0
50265,2
50266,2
50267,1
50268,1
50269,2
50270,2
50271,0
50272,1
50273,1
50274,2
50275,1
50276,1
50277,1
50278,2
50279,1
50280,2
50281,2
50282,0
50283,0
50284,1
50285,1
50286,0
50287,2
50288,0
50289,0
50290,2
50291,0
50292,0
50293,0
50294,2
50295,2
50296,0
50297,1
50298,2
50299,2
50300,0
50301,0
50302,2
50303,0
50304,1
50305,2
50306,0
50307,0
50308,0
50309,2
50310,1
50311,2
50312,1
50313,0
50314,2
50315,0
50316,2
50317,2
50318,1
50319,0
50320,0
50321,2
50322,0
50323,0
50324,0
50325,2
50326,0
50327,1
50328,0
50329,1
50330,2
50331,2
50332,1
50333,2
50334,2
50335,2
50336,0
50337,1
50338,2
50339,0
50340,1
50341,1
50342,1
50343,0
50344,2
50345,1
50346,1
50347,2
50348,2
50349,2
50350,0
50351,0
50352,0
50353,2
50354,2
50355,0
50356,0
50357,0
50358,0
50359,1
50360,2
50361,2
50362,1
50363,2
50364,2
50365,0
50366,2
50367,1
50368,1
50369,2
50370,1
50371,2
50372,2
50373,2
50374,0
50375,0
50376,0
50377,0
50378,1
50379,0
50380,2
50381,0
50382,0
50383,1
50384,2
50385,0
50386,1
50387,1
50388,2
50389,1
50390,1
50391,0
50392,0
50393,1
50394,1
50395,0
50396,1
50397,0
50398,2
50399,0
50400,0
50401,2
50402,2
50403,1
50404,0
50405,1
50406,0
50407,2
50408,0
50409,2
50410,1
50411,2
50412,0
50413,2
50414,2
50415,0
50416,2
50417,2
50418,0
50419,1
50420,2
50421,0
50422,2
50423,0
50424,0
50425,2
50426,2
50427,2
50428,0
50429,2
50430,2
50431,0
50432,1
50433,2
50434,0
50435,0
50436,0
50437,2
50438,2
50439,0
50440,0
50441,1
50442,0
50443,0
50444,0
50445,1
50446,2
50447,0
50448,1
50449,0
50450,0
50451,2
50452,1
50453,0
50454,0
50455,0
50456,2
50457,1
50458,2
50459,0
50460,1
50461,2
50462,2
50463,2
50464,1
50465,0
50466,0
50467,1
50468,0
50469,1
50470,1
50471,1
50472,2
50473,1
50474,2
50475,0
50476,2
50477,0
50478,0
50479,2
50480,2
50481,0
50482,2
50483,0
50484,2
50485,0
50486,2
50487,2
50488,0
50489,1
50490,2
50491,2
50492,1
50493,2
50494,0
50495,1
50496,2
50497,2
50498,1
50499,1
50500,2
50501,2
50502,2
50503,2
50504,2
50505,0
50506,1
50507,2
50508,2
50509,2
50510,1
50511,0
50512,2
50513,0
50514,0
50515,1
50516,0
50517,0
50518,0
50519,1
50520,1
50521,2
50522,2
50523,2
50524,0
50525,0
50526,0
50527,2
50528,2
50529,1
50530,2
50531,2
50532,2
50533,2
50534,2
50535,0
50536,2
50537,0
50538,0
50539,0
50540,1
50541,2
50542,0
50543,2
50544,1
50545,0
50546,2
50547,0
50548,2
50549,1
50550,2
50551,2
50552,1
50553,2
50554,1
50555,0
50556,0
50557,1
50558,0
50559,0
50560,1
50561,1
50562,0
50563,0
50564,2
50565,2
50566,0
50567,2
50568,0
50569,1
50570,2
50571,1
50572,2
50573,0
50574,2
50575,1
50576,0
50577,2
50578,2
50579,1
50580,2
50581,1
50582,2
50583,2
50584,0
50585,0
50586,2
50587,2
50588,1
50589,2
50590,0
50591,2
50592,2
50593,0
50594,0
50595,2
50596,1
50597,2
50598,0
50599,0
50600,1
50601,1
50602,2
50603,2
50604,0
50605,1
50606,2
50607,2
50608,2
50609,0
50610,2
50611,0
50612,1
50613,0
50614,0
50615,2
50616,0
50617,1
50618,2
50619,1
50620,2
50621,2
50622,0
50623,0
50624,0
50625,2
50626,1
50627,0
50628,2
50629,1
50630,1
50631,0
50632,1
50633,2
50634,2
50635,1
50636,2
50637,1
50638,0
50639,1
50640,2
50641,0
50642,1
50643,0
50644,0
50645,1
50646,2
50647,0
50648,1
50649,0
50650,0
50651,2
50652,1
50653,1
50654,1
50655,2
50656,2
50657,2
50658,2
50659,2
50660,1
50661,2
50662,1
50663,2
50664,0
50665,1
50666,1
50667,2
50668,2
50669,2
50670,2
50671,1
50672,0
50673,1
50674,1
50675,0
50676,0
50677,0
50678,0
50679,0
50680,0
50681,2
50682,0
50683,2
50684,0
50685,0
50686,0
50687,2
50688,0
50689,2
50690,1
50691,1
50692,2
50693,0
50694,1
50695,1
50696,0
50697,0
50698,2
50699,0
50700,1
50701,0
50702,1
50703,1
50704,0
50705,2
50706,2
50707,2
50708,1
50709,2
50710,0
50711,0
50712,2
50713,0
50714,2
50715,2
50716,2
50717,2
50718,2
50719,0
50720,2
50721,2
50722,0
50723,0
50724,0
50725,0
50726,0
50727,0
50728,2
50729,1
50730,2
50731,2
50732,0
50733,1
50734,2
50735,0
50736,2
50737,2
50738,2
50739,0
50740,2
50741,2
50742,1
50743,2
50744,0
50745,2
50746,0
50747,1
50748,2
50749,0
50750,1
50751,0
50752,2
50753,1
50754,2
50755,1
50756,2
50757,0
50758,0
50759,2
50760,0
50761,2
50762,0
50763,1
50764,2
50765,2
50766,1
50767,0
50768,1
50769,0
50770,1
50771,0
50772,2
50773,1
50774,1
50775,0
50776,0
50777,2
50778,2
50779,2
50780,1
50781,0
50782,2
50783,0
50784,0
50785,0
50786,0
50787,1
50788,2
50789,2
50790,0
50791,2
50792,0
50793,1
50794,2
50795,2
50796,2
50797,0
50798,2
50799,2
50800,2
50801,0
50802,2
50803,1
50804,2
50805,0
50806,1
50807,0
50808,2
50809,2
50810,0
50811,1
50812,0
50813,0
50814,2
50815,2
50816,0
50817,0
50818,1
50819,1
50820,0
50821,0
50822,2
50823,1
50824,2
50825,2
50826,2
50827,2
50828,0
50829,2
50830,2
50831,0
50832,0
50833,0
50834,0
50835,1
50836,2
50837,1
50838,0
50839,0
50840,0
50841,0
50842,0
50843,1
50844,1
50845,2
50846,0
50847,0
50848,2
50849,1
50850,2
50851,1
50852,2
50853,0
50854,0
50855,2
50856,0
50857,2
50858,2
50859,1
50860,2
50861,2
50862,2
50863,2
50864,2
50865,0
50866,1
50867,2
50868,0
50869,2
50870,2
50871,0
50872,0
50873,0
50874,1
50875,1
50876,0
50877,2
50878,0
50879,0
50880,0
50881,0
50882,0
50883,1
50884,0
50885,1
50886,1
50887,2
50888,2
50889,0
50890,2
50891,0
50892,1
50893,0
50894,0
50895,1
50896,0
50897,0
50898,1
50899,2
50900,2
50901,2
50902,2
50903,2
50904,0
50905,2
50906,0
50907,1
50908,2
50909,2
50910,2
50911,0
50912,0
50913,2
50914,1
50915,0
50916,1
50917,1
50918,2
50919,1
50920,2
50921,0
50922,0
50923,2
50924,2
50925,0
50926,2
50927,2
50928,1
50929,1
50930,0
50931,0
50932,2
50933,2
50934,2
50935,1
50936,1
50937,2
50938,2
50939,1
50940,2
50941,2
50942,2
50943,0
50944,2
50945,0
50946,2
50947,2
50948,1
50949,2
50950,0
50951,1
50952,2
50953,1
50954,1
50955,1
50956,2
50957,0
50958,2
50959,0
50960,1
50961,2
50962,1
50963,0
50964,2
50965,0
50966,2
50967,0
50968,0
50969,2
50970,1
50971,2
50972,1
50973,2
50974,2
50975,2
50976,2
50977,1
50978,1
50979,2
50980,2
50981,0
50982,0
50983,1
50984,1
50985,1
50986,2
50987,0
50988,2
50989,2
50990,1
50991,0
50992,0
50993,2
50994,1
50995,1
50996,2
50997,1
50998,0
50999,1
51000,0
51001,1
51002,1
51003,1
51004,0
51005,1
51006,2
51007,0
51008,2
51009,0
51010,2
51011,0
51012,2
51013,2
51014,1
51015,2
51016,0
51017,0
51018,0
51019,0
51020,0
51021,2
51022,0
51023,0
51024,2
51025,1
51026,1
51027,0
51028,1
51029,0
51030,1
51031,2
51032,1
51033,2
51034,1
51035,1
51036,0
51037,1
51038,0
51039,2
51040,1
51041,2
51042,0
51043,1
51044,1
51045,0
51046,0
51047,0
51048,0
51049,2
51050,2
51051,0
51052,2
51053,2
51054,0
51055,0
51056,1
51057,2
51058,1
51059,1
51060,2
51061,2
51062,0
51063,2
51064,0
51065,2
51066,2
51067,0
51068,0
51069,2
51070,0
51071,2
51072,1
51073,2
51074,2
51075,1
51076,0
51077,0
51078,2
51079,0
51080,0
51081,0
51082,2
51083,2
51084,2
51085,0
51086,0
51087,1
51088,1
51089,2
51090,2
51091,1
51092,0
51093,2
51094,2
51095,2
51096,2
51097,2
51098,0
51099,1
51100,1
51101,0
51102,2
51103,2
51104,0
51105,2
51106,2
51107,1
51108,0
51109,2
51110,2
51111,2
51112,1
51113,0
51114,2
51115,0
51116,1
51117,2
51118,0
51119,2
51120,0
51121,1
51122,0
51123,1
51124,2
51125,1
51126,2
51127,0
51128,0
51129,1
51130,0
51131,1
51132,0
51133,2
51134,0
51135,1
51136,0
51137,0
51138,1
51139,0
51140,0
51141,2
51142,2
51143,2
51144,0
51145,1
51146,1
51147,2
51148,0
51149,2
51150,2
51151,0
51152,0
51153,0
51154,2
51155,2
51156,2
51157,1
51158,1
51159,2
51160,2
51161,0
51162,0
51163,0
51164,0
51165,0
51166,1
51167,2
51168,2
51169,1
51170,0
51171,2
51172,2
51173,1
51174,0
51175,0
51176,0
51177,0
51178,1
51179,0
51180,1
51181,2
51182,2
51183,1
51184,2
51185,0
51186,0
51187,1
51188,0
51189,0
51190,0
51191,1
51192,0
51193,1
51194,2
51195,0
51196,2
51197,1
51198,0
51199,2
51200,2
51201,1
51202,0
51203,0
51204,1
51205,0
51206,0
51207,0
51208,2
51209,0
51210,0
51211,2
51212,1
51213,2
51214,1
51215,2
51216,1
51217,1
51218,2
51219,1
51220,0
51221,0
51222,2
51223,0
51224,0
51225,2
51226,2
51227,1
51228,1
51229,2
51230,2
51231,2
51232,2
51233,1
51234,1
51235,2
51236,2
51237,1
51238,1
51239,0
51240,0
51241,1
51242,0
51243,0
51244,0
51245,1
51246,1
51247,1
51248,1
51249,1
51250,2
51251,2
51252,1
51253,1
51254,2
51255,2
51256,0
51257,0
51258,0
51259,2
51260,0
51261,1
51262,0
51263,1
51264,2
51265,0
51266,1
51267,2
51268,2
51269,1
51270,0
51271,1
51272,2
51273,1
51274,0
51275,1
51276,2
51277,2
51278,2
51279,1
51280,1
51281,1
51282,0
51283,1
51284,0
51285,2
51286,2
51287,1
51288,1
51289,0
51290,1
51291,0
51292,2
51293,0
51294,2
51295,2
51296,0
51297,0
51298,0
51299,2
51300,2
51301,0
51302,2
51303,2
51304,2
51305,1
51306,1
51307,1
51308,0
51309,1
51310,2
51311,2
51312,1
51313,1
51314,1
51315,2
51316,2
51317,1
51318,2
51319,1
51320,2
51321,2
51322,2
51323,1
51324,1
51325,0
51326,0
51327,0
51328,0
51329,2
51330,0
51331,0
51332,1
51333,0
51334,2
51335,2
51336,0
51337,2
51338,1
51339,0
51340,2
51341,2
51342,0
51343,1
51344,2
51345,0
51346,2
51347,1
51348,2
51349,0
51350,0
51351,0
51352,1
51353,0
51354,0
51355,2
51356,0
51357,0
51358,2
51359,2
51360,2
51361,0
51362,2
51363,1
51364,1
51365,0
51366,2
51367,2
51368,2
51369,2
51370,0
51371,0
51372,0
51373,2
51374,2
51375,1
51376,2
51377,0
51378,0
51379,0
51380,0
51381,0
51382,2
51383,1
51384,0
51385,0
51386,2
51387,0
51388,0
51389,1
51390,2
51391,2
51392,0
51393,2
51394,1
51395,0
51396,0
51397,1
51398,1
51399,2
51400,0
51401,2
51402,0
51403,0
51404,0
51405,1
51406,1
51407,0
51408,1
51409,2
51410,0
51411,2
51412,0
51413,1
51414,0
51415,2
51416,0
51417,0
51418,2
51419,0
51420,0
51421,2
51422,0
51423,1
51424,0
51425,0
51426,2
51427,2
51428,1
51429,1
51430,0
51431,0
51432,0
51433,2
51434,2
51435,0
51436,0
51437,2
51438,0
51439,2
51440,2
51441,2
51442,2
51443,0
51444,2
51445,2
51446,0
51447,0
51448,0
51449,1
51450,0
51451,0
51452,0
51453,0
51454,2
51455,0
51456,1
51457,2
51458,0
51459,0
51460,1
51461,2
51462,0
51463,0
51464,0
51465,1
51466,2
51467,1
51468,2
51469,0
51470,2
51471,2
51472,0
51473,1
51474,2
51475,2
51476,1
51477,2
51478,1
51479,0
51480,2
51481,0
51482,2
51483,0
51484,0
51485,1
51486,0
51487,2
51488,2
51489,0
51490,2
51491,2
51492,1
51493,0
51494,2
51495,0
51496,1
51497,0
51498,0
51499,1
51500,0
51501,0
51502,0
51503,0
51504,2
51505,0
51506,2
51507,2
51508,0
51509,0
51510,2
51511,0
51512,1
51513,2
51514,2
51515,1
51516,0
51517,2
51518,1
51519,0
51520,2
51521,1
51522,2
51523,0
51524,2
51525,0
51526,2
51527,2
51528,1
51529,1
51530,2
51531,2
51532,0
51533,1
51534,2
51535,2
51536,2
51537,0
51538,2
51539,2
51540,2
51541,2
51542,0
51543,0
51544,0
51545,0
51546,2
51547,2
51548,0
51549,0
51550,0
51551,2
51552,2
51553,1
51554,0
51555,2
51556,0
51557,2
51558,1
51559,2
51560,0
51561,0
51562,2
51563,0
51564,0
51565,1
51566,0
51567,1
51568,1
51569,2
51570,0
51571,0
51572,0
51573,1
51574,2
51575,2
51576,2
51577,2
51578,2
51579,2
51580,2
51581,2
51582,2
51583,2
51584,1
51585,1
51586,0
51587,0
51588,1
51589,0
51590,1
51591,2
51592,0
51593,0
51594,2
51595,0
51596,2
51597,0
51598,0
51599,2
51600,2
51601,0
51602,0
51603,2
51604,0
51605,2
51606,2
51607,0
51608,2
51609,2
51610,2
51611,1
51612,1
51613,2
51614,0
51615,0
51616,1
51617,1
51618,0
51619,1
51620,1
51621,2
51622,0
51623,0
51624,1
51625,0
51626,2
51627,2
51628,0
51629,0
51630,2
51631,2
51632,2
51633,1
51634,2
51635,1
51636,2
51637,0
51638,2
51639,0
51640,2
51641,0
51642,0
51643,0
51644,0
51645,2
51646,0
51647,2
51648,2
51649,0
51650,2
51651,1
51652,1
51653,1
51654,0
51655,2
51656,2
51657,2
51658,0
51659,2
51660,1
51661,1
51662,2
51663,0
51664,2
51665,1
51666,1
51667,0
51668,2
51669,0
51670,0
51671,0
51672,2
51673,2
51674,2
51675,1
51676,2
51677,2
51678,2
51679,2
51680,1
51681,2
51682,1
51683,0
51684,1
51685,1
51686,2
51687,0
51688,0
51689,0
51690,1
51691,0
51692,1
51693,0
51694,2
51695,2
51696,0
51697,2
51698,1
51699,2
51700,0
51701,2
51702,0
51703,0
51704,2
51705,2
51706,1
51707,0
51708,1
51709,1
51710,2
51711,2
51712,2
51713,0
51714,2
51715,1
51716,0
51717,2
51718,1
51719,1
51720,0
51721,0
51722,1
51723,0
51724,0
51725,1
51726,2
51727,2
51728,1
51729,2
51730,2
51731,0
51732,2
51733,0
51734,1
51735,0
51736,2
51737,2
51738,0
51739,0
51740,2
51741,0
51742,1
51743,2
51744,0
51745,0
51746,1
51747,2
51748,2
51749,2
51750,2
51751,1
51752,2
51753,2
51754,2
51755,2
51756,1
51757,2
51758,2
51759,0
51760,2
51761,2
51762,1
51763,1
51764,1
51765,2
51766,0
51767,0
51768,2
51769,2
51770,1
51771,2
51772,0
51773,0
51774,1
51775,2
51776,0
51777,2
51778,1
51779,0
51780,0
51781,0
51782,1
51783,0
51784,0
51785,1
51786,2
51787,0
51788,0
51789,1
51790,1
51791,0
51792,0
51793,2
51794,2
51795,0
51796,0
51797,0
51798,2
51799,2
51800,2
51801,2
51802,1
51803,1
51804,2
51805,0
51806,0
51807,2
51808,2
51809,2
51810,2
51811,2
51812,0
51813,2
51814,1
51815,0
51816,0
51817,2
51818,0
51819,0
51820,2
51821,0
51822,2
51823,0
51824,2
51825,0
51826,1
51827,0
51828,1
51829,1
51830,0
51831,0
51832,2
51833,2
51834,0
51835,2
51836,0
51837,0
51838,2
51839,2
51840,2
51841,2
51842,1
51843,0
51844,1
51845,2
51846,0
51847,0
51848,0
51849,1
51850,1
51851,2
51852,2
51853,2
51854,1
51855,0
51856,0
51857,2
51858,0
51859,1
51860,2
51861,0
51862,1
51863,1
51864,2
51865,0
51866,1
51867,1
51868,1
51869,2
51870,0
51871,1
51872,0
51873,1
51874,1
51875,0
51876,1
51877,0
51878,2
51879,2
51880,0
51881,1
51882,1
51883,0
51884,1
51885,2
51886,0
51887,1
51888,2
51889,2
51890,0
51891,0
51892,2
51893,2
51894,2
51895,0
51896,2
51897,2
51898,0
51899,1
51900,2
51901,0
51902,2
51903,1
51904,0
51905,2
51906,1
51907,0
51908,0
51909,2
51910,2
51911,1
51912,0
51913,0
51914,2
51915,0
51916,2
51917,1
51918,0
51919,1
51920,1
51921,2
51922,2
51923,2
51924,2
51925,0
51926,1
51927,1
51928,1
51929,2
51930,2
51931,1
51932,2
51933,1
51934,2
51935,1
51936,0
51937,0
51938,0
51939,0
51940,2
51941,0
51942,2
51943,0
51944,0
51945,2
51946,0
51947,0
51948,2
51949,2
51950,2
51951,1
51952,1
51953,0
51954,2
51955,1
51956,0
51957,2
51958,0
51959,1
51960,2
51961,0
51962,0
51963,1
51964,1
51965,0
51966,1
51967,2
51968,1
51969,2
51970,0
51971,0
51972,2
51973,1
51974,0
51975,2
51976,1
51977,2
51978,2
51979,2
51980,2
51981,2
51982,0
51983,0
51984,1
51985,0
51986,1
51987,1
51988,2
51989,0
51990,0
51991,1
51992,2
51993,1
51994,1
51995,2
51996,2
51997,2
51998,0
51999,1
52000,2
52001,1
52002,0
52003,1
52004,1
52005,1
52006,2
52007,2
52008,1
52009,2
52010,2
52011,1
52012,1
52013,0
52014,0
52015,1
52016,1
52017,0
52018,0
52019,1
52020,0
52021,2
52022,2
52023,1
52024,1
52025,2
52026,0
52027,0
52028,0
52029,0
52030,1
52031,0
52032,2
52033,1
52034,2
52035,0
52036,0
52037,1
52038,0
52039,1
52040,1
52041,1
52042,2
52043,1
52044,0
52045,2
52046,2
52047,0
52048,0
52049,0
52050,0
52051,2
52052,0
52053,1
52054,2
52055,0
52056,2
52057,2
52058,0
52059,0
52060,1
52061,2
52062,1
52063,0
52064,1
52065,1
52066,2
52067,2
52068,2
52069,0
52070,0
52071,0
52072,2
52073,2
52074,0
52075,0
52076,0
52077,0
52078,0
52079,2
52080,2
52081,0
52082,2
52083,1
52084,0
52085,1
52086,2
52087,0
52088,0
52089,2
52090,0
52091,1
52092,1
52093,0
52094,0
52095,0
52096,2
52097,2
52098,0
52099,1
52100,0
52101,0
52102,2
52103,1
52104,2
52105,1
52106,2
52107,2
52108,1
52109,2
52110,0
52111,0
52112,0
52113,2
52114,0
52115,2
52116,0
52117,0
52118,0
52119,2
52120,0
52121,0
52122,2
52123,0
52124,0
52125,2
52126,2
52127,1
52128,0
52129,1
52130,2
52131,1
52132,1
52133,2
52134,0
52135,1
52136,2
52137,0
52138,2
52139,0
52140,2
52141,1
52142,2
52143,2
52144,0
52145,0
52146,2
52147,2
52148,2
52149,2
52150,0
52151,1
52152,0
52153,1
52154,0
52155,0
52156,2
52157,1
52158,0
52159,2
52160,2
52161,0
52162,1
52163,1
52164,2
52165,1
52166,2
52167,2
52168,2
52169,1
52170,2
52171,0
52172,0
52173,0
52174,0
52175,1
52176,2
52177,2
52178,1
52179,1
52180,0
52181,0
52182,1
52183,2
52184,2
52185,0
52186,2
52187,0
52188,1
52189,2
52190,2
52191,1
52192,2
52193,0
52194,1
52195,0
52196,1
52197,1
52198,1
52199,0
52200,2
52201,2
52202,0
52203,2
52204,0
52205,2
52206,0
52207,0
52208,2
52209,0
52210,2
52211,2
52212,2
52213,2
52214,2
52215,1
52216,0
52217,2
52218,2
52219,1
52220,0
52221,0
52222,2
52223,1
52224,1
52225,0
52226,2
52227,2
52228,1
52229,0
52230,2
52231,0
52232,2
52233,2
52234,0
52235,0
52236,0
52237,1
52238,1
52239,1
52240,0
52241,0
52242,0
52243,2
52244,2
52245,1
52246,2
52247,2
52248,0
52249,2
52250,1
52251,2
52252,0
52253,0
52254,0
52255,0
52256,1
52257,0
52258,2
52259,0
52260,1
52261,1
52262,0
52263,0
52264,1
52265,2
52266,2
52267,2
52268,0
52269,2
52270,2
52271,2
52272,0
52273,0
52274,2
52275,2
52276,2
52277,1
52278,1
52279,2
52280,0
52281,2
52282,1
52283,2
52284,0
52285,0
52286,0
52287,0
52288,1
52289,0
52290,0
52291,2
52292,2
52293,0
52294,0
52295,0
52296,0
52297,0
52298,1
52299,1
52300,2
52301,0
52302,0
52303,0
52304,0
52305,0
52306,2
52307,0
52308,0
52309,1
52310,2
52311,2
52312,1
52313,2
52314,1
52315,2
52316,2
52317,1
52318,1
52319,1
52320,2
52321,0
52322,1
52323,2
52324,0
52325,1
52326,2
52327,0
52328,0
52329,0
52330,0
52331,0
52332,2
52333,0
52334,2
52335,1
52336,0
52337,2
52338,0
52339,1
52340,1
52341,0
52342,1
52343,1
52344,1
52345,1
52346,0
52347,0
52348,1
52349,0
52350,1
52351,0
52352,1
52353,0
52354,0
52355,0
52356,1
52357,0
52358,1
52359,2
52360,0
52361,2
52362,1
52363,1
52364,1
52365,2
52366,0
52367,0
52368,0
52369,2
52370,2
52371,2
52372,2
52373,0
52374,2
52375,0
52376,0
52377,1
52378,2
52379,1
52380,1
52381,0
52382,2
52383,2
52384,0
52385,2
52386,0
52387,2
52388,2
52389,1
52390,0
52391,1
52392,2
52393,1
52394,0
52395,1
52396,1
52397,2
52398,2
52399,0
52400,2
52401,1
52402,1
52403,0
52404,0
52405,0
52406,0
52407,1
52408,0
52409,2
52410,2
52411,1
52412,1
52413,0
52414,0
52415,2
52416,2
52417,0
52418,0
52419,1
52420,0
52421,0
52422,2
52423,1
52424,0
52425,1
52426,1
52427,0
52428,0
52429,2
52430,1
52431,2
52432,0
52433,1
52434,1
52435,2
52436,2
52437,0
52438,1
52439,0
52440,0
52441,2
52442,1
52443,1
52444,2
52445,1
52446,1
52447,0
52448,2
52449,1
52450,1
52451,1
52452,0
52453,2
52454,2
52455,1
52456,2
52457,0
52458,0
52459,1
52460,1
52461,0
52462,2
52463,2
52464,1
52465,0
52466,2
52467,0
52468,1
52469,2
52470,1
52471,0
52472,0
52473,1
52474,1
52475,1
52476,0
52477,0
52478,2
52479,2
52480,0
52481,1
52482,0
52483,1
52484,0
52485,0
52486,0
52487,0
52488,2
52489,2
52490,0
52491,2
52492,2
52493,0
52494,0
52495,2
52496,1
52497,1
52498,2
52499,0
52500,2
52501,2
52502,2
52503,0
52504,0
52505,0
52506,1
52507,1
52508,1
52509,1
52510,0
52511,0
52512,2
52513,1
52514,2
52515,2
52516,0
52517,0
52518,2
52519,1
52520,2
52521,0
52522,2
52523,2
52524,2
52525,0
52526,1
52527,0
52528,1
52529,2
52530,2
52531,0
52532,2
52533,2
52534,2
52535,2
52536,2
52537,1
52538,1
52539,0
52540,2
52541,0
52542,0
52543,2
52544,0
52545,1
52546,1
52547,0
52548,0
52549,1
52550,0
52551,2
52552,2
52553,2
52554,1
52555,0
52556,2
52557,2
52558,2
52559,0
52560,1
52561,1
52562,0
52563,1
52564,0
52565,0
52566,2
52567,0
52568,2
52569,2
52570,2
52571,2
52572,2
52573,1
52574,0
52575,2
52576,2
52577,1
52578,0
52579,0
52580,1
52581,0
52582,1
52583,0
52584,2
52585,0
52586,0
52587,1
52588,2
52589,0
52590,0
52591,1
52592,0
52593,0
52594,0
52595,1
52596,1
52597,0
52598,2
52599,1
52600,2
52601,2
52602,2
52603,1
52604,0
52605,2
52606,2
52607,0
52608,2
52609,1
52610,2
52611,2
52612,1
52613,1
52614,2
52615,0
52616,2
52617,0
52618,2
52619,0
52620,0
52621,2
52622,0
52623,0
52624,1
52625,0
52626,2
52627,0
52628,2
52629,0
52630,0
52631,1
52632,0
52633,0
52634,0
52635,0
52636,0
52637,2
52638,1
52639,0
52640,1
52641,2
52642,0
52643,0
52644,0
52645,0
52646,0
52647,2
52648,2
52649,2
52650,2
52651,1
52652,0
52653,2
52654,1
52655,2
52656,1
52657,2
52658,2
52659,0
52660,1
52661,2
52662,0
52663,2
52664,1
52665,0
52666,2
52667,2
52668,1
52669,2
52670,2
52671,0
52672,0
52673,1
52674,1
52675,1
52676,0
52677,0
52678,2
52679,1
52680,0
52681,0
52682,2
52683,2
52684,2
52685,1
52686,1
52687,2
52688,0
52689,1
52690,0
52691,1
52692,1
52693,2
52694,0
52695,2
52696,0
52697,0
52698,0
52699,2
52700,0
52701,2
52702,0
52703,2
52704,2
52705,0
52706,2
52707,1
52708,2
52709,0
52710,2
52711,2
52712,0
52713,2
52714,1
52715,2
52716,2
52717,0
52718,1
52719,0
52720,0
52721,2
52722,0
52723,0
52724,0
52725,2
52726,0
52727,0
52728,2
52729,0
52730,0
52731,1
52732,0
52733,0
52734,2
52735,1
52736,2
52737,0
52738,0
52739,1
52740,0
52741,1
52742,1
52743,2
52744,1
52745,2
52746,2
52747,1
52748,1
52749,1
52750,0
52751,0
52752,2
52753,0
52754,2
52755,0
52756,2
52757,1
52758,0
52759,2
52760,0
52761,2
52762,1
52763,2
52764,1
52765,2
52766,0
52767,2
52768,0
52769,2
52770,1
52771,0
52772,0
52773,0
52774,0
52775,0
52776,1
52777,2
52778,2
52779,2
52780,0
52781,2
52782,2
52783,0
52784,2
52785,1
52786,1
52787,1
52788,2
52789,2
52790,0
52791,0
52792,2
52793,0
52794,0
52795,1
52796,2
52797,0
52798,0
52799,2
52800,0
52801,2
52802,1
52803,1
52804,0
52805,0
52806,0
52807,2
52808,0
52809,0
52810,1
52811,2
52812,2
52813,2
52814,0
52815,2
52816,2
52817,0
52818,1
52819,2
52820,2
52821,2
52822,2
52823,0
52824,1
52825,0
52826,0
52827,2
52828,1
52829,2
52830,0
52831,0
52832,0
52833,2
52834,0
52835,2
52836,0
52837,2
52838,2
52839,2
52840,0
52841,0
52842,2
52843,1
52844,0
52845,2
52846,2
52847,1
52848,1
52849,0
52850,0
52851,2
52852,1
52853,0
52854,2
52855,0
52856,1
52857,0
52858,1
52859,0
52860,0
52861,0
52862,1
52863,1
52864,2
52865,2
52866,2
52867,1
52868,0
52869,2
52870,2
52871,1
52872,2
52873,0
52874,0
52875,2
52876,2
52877,1
52878,0
52879,1
52880,0
52881,2
52882,0
52883,0
52884,2
52885,2
52886,1
52887,2
52888,1
52889,0
52890,1
52891,0
52892,1
52893,0
52894,2
52895,0
52896,2
52897,0
52898,0
52899,1
52900,0
52901,2
52902,1
52903,2
52904,1
52905,0
52906,2
52907,2
52908,0
52909,0
52910,2
52911,2
52912,0
52913,2
52914,0
52915,0
52916,2
52917,0
52918,1
52919,0
52920,0
52921,0
52922,0
52923,2
52924,0
52925,0
52926,0
52927,2
52928,2
52929,2
52930,0
52931,0
52932,2
52933,0
52934,1
52935,2
52936,0
52937,1
52938,0
52939,2
52940,0
52941,1
52942,2
52943,1
52944,1
52945,0
52946,0
52947,0
52948,0
52949,0
52950,0
52951,2
52952,0
52953,0
52954,2
52955,0
52956,2
52957,1
52958,0
52959,0
52960,1
52961,2
52962,0
52963,0
52964,2
52965,2
52966,1
52967,1
52968,0
52969,2
52970,1
52971,1
52972,0
52973,2
52974,2
52975,2
52976,0
52977,1
52978,2
52979,0
52980,2
52981,2
52982,2
52983,0
52984,1
52985,0
52986,1
52987,1
52988,1
52989,2
52990,2
52991,0
52992,2
52993,0
52994,0
52995,1
52996,0
52997,0
52998,2
52999,1
53000,0
53001,2
53002,1
53003,1
53004,0
53005,1
53006,2
53007,2
53008,2
53009,0
53010,2
53011,0
53012,0
53013,2
53014,0
53015,2
53016,1
53017,0
53018,0
53019,2
53020,2
53021,2
53022,2
53023,1
53024,2
53025,2
53026,2
53027,0
53028,0
53029,2
53030,1
53031,0
53032,0
53033,2
53034,1
53035,0
53036,2
53037,0
53038,1
53039,2
53040,2
53041,2
53042,1
53043,0
53044,1
53045,2
53046,1
53047,0
53048,2
53049,2
53050,0
53051,2
53052,2
53053,2
53054,0
53055,0
53056,2
53057,1
53058,1
53059,2
53060,2
53061,0
53062,1
53063,2
53064,2
53065,1
53066,1
53067,1
53068,0
53069,2
53070,1
53071,0
53072,1
53073,1
53074,2
53075,1
53076,2
53077,1
53078,0
53079,0
53080,0
53081,0
53082,0
53083,2
53084,1
53085,2
53086,2
53087,2
53088,2
53089,2
53090,2
53091,2
53092,2
53093,0
53094,0
53095,1
53096,2
53097,0
53098,1
53099,2
53100,0
53101,0
53102,2
53103,0
53104,0
53105,2
53106,0
53107,2
53108,0
53109,2
53110,2
53111,2
53112,2
53113,1
53114,0
53115,1
53116,1
53117,2
53118,0
53119,1
53120,0
53121,0
53122,1
53123,2
53124,2
53125,0
53126,0
53127,2
53128,0
53129,2
53130,0
53131,2
53132,2
53133,2
53134,1
53135,2
53136,0
53137,2
53138,1
53139,2
53140,2
53141,2
53142,2
53143,2
53144,1
53145,0
53146,2
53147,0
53148,0
53149,2
53150,0
53151,1
53152,0
53153,2
53154,2
53155,2
53156,2
53157,2
53158,2
53159,2
53160,0
53161,0
53162,1
53163,2
53164,0
53165,2
53166,2
53167,0
53168,1
53169,2
53170,2
53171,0
53172,2
53173,1
53174,0
53175,1
53176,2
53177,0
53178,2
53179,0
53180,2
53181,0
53182,1
53183,2
53184,0
53185,2
53186,0
53187,1
53188,0
53189,2
53190,2
53191,0
53192,0
53193,2
53194,0
53195,2
53196,2
53197,0
53198,1
53199,2
53200,1
53201,2
53202,0
53203,1
53204,1
53205,2
53206,2
53207,0
53208,2
53209,2
53210,2
53211,1
53212,1
53213,2
53214,2
53215,0
53216,1
53217,0
53218,2
53219,1
53220,0
53221,2
53222,1
53223,2
53224,0
53225,2
53226,2
53227,1
53228,2
53229,2
53230,0
53231,1
53232,2
53233,2
53234,0
53235,2
53236,2
53237,1
53238,0
53239,1
53240,2
53241,1
53242,0
53243,2
53244,1
53245,2
53246,2
53247,2
53248,0
53249,2
53250,0
53251,0
53252,0
53253,2
53254,0
53255,2
53256,1
53257,0
53258,0
53259,0
53260,0
53261,2
53262,2
53263,0
53264,0
53265,1
53266,2
53267,0
53268,0
53269,2
53270,2
53271,0
53272,1
53273,0
53274,2
53275,2
53276,1
53277,0
53278,0
53279,2
53280,0
53281,0
53282,0
53283,2
53284,2
53285,1
53286,0
53287,2
53288,0
53289,0
53290,0
53291,2
53292,0
53293,0
53294,0
53295,2
53296,0
53297,2
53298,0
53299,0
53300,2
53301,1
53302,0
53303,1
53304,0
53305,0
53306,0
53307,2
53308,2
53309,1
53310,0
53311,2
53312,1
53313,1
53314,0
53315,0
53316,2
53317,2
53318,2
53319,2
53320,0
53321,1
53322,2
53323,1
53324,1
53325,0
53326,2
53327,0
53328,0
53329,2
53330,1
53331,0
53332,2
53333,0
53334,2
53335,0
53336,1
53337,1
53338,1
53339,0
53340,1
53341,0
53342,2
53343,0
53344,0
53345,2
53346,2
53347,2
53348,1
53349,0
53350,2
53351,2
53352,2
53353,2
53354,0
53355,0
53356,0
53357,2
53358,0
53359,0
53360,1
53361,0
53362,1
53363,0
53364,2
53365,2
53366,0
53367,2
53368,1
53369,1
53370,2
53371,0
53372,1
53373,0
53374,2
53375,2
53376,0
53377,0
53378,1
53379,2
53380,0
53381,0
53382,0
53383,1
53384,0
53385,1
53386,0
53387,2
53388,2
53389,2
53390,1
53391,0
53392,1
53393,2
53394,0
53395,0
53396,0
53397,2
53398,0
53399,2
53400,1
53401,2
53402,1
53403,2
53404,0
53405,2
53406,0
53407,2
53408,1
53409,0
53410,0
53411,2
53412,0
53413,2
53414,2
53415,1
53416,0
53417,1
53418,1
53419,1
53420,0
53421,0
53422,2
53423,2
53424,0
53425,0
53426,0
53427,2
53428,0
53429,1
53430,1
53431,1
53432,2
53433,1
53434,2
53435,2
53436,0
53437,2
53438,2
53439,2
53440,0
53441,2
53442,0
53443,0
53444,2
53445,0
53446,2
53447,1
53448,2
53449,2
53450,0
53451,1
53452,0
53453,2
53454,0
53455,1
53456,1
53457,2
53458,2
53459,2
53460,0
53461,2
53462,0
53463,2
53464,0
53465,0
53466,1
53467,1
53468,2
53469,1
53470,1
53471,2
53472,0
53473,1
53474,2
53475,2
53476,2
53477,1
53478,0
53479,1
53480,2
53481,0
53482,1
53483,2
53484,0
53485,0
53486,1
53487,2
53488,2
53489,2
53490,1
53491,2
53492,2
53493,2
53494,1
53495,0
53496,0
53497,2
53498,1
53499,0
53500,1
53501,0
53502,2
53503,0
53504,2
53505,1
53506,0
53507,2
53508,2
53509,0
53510,2
53511,2
53512,0
53513,0
53514,2
53515,1
53516,2
53517,2
53518,0
53519,0
53520,1
53521,0
53522,1
53523,1
53524,2
53525,0
53526,2
53527,1
53528,2
53529,1
53530,2
53531,2
53532,1
53533,2
53534,0
53535,0
53536,0
53537,0
53538,0
53539,1
53540,0
53541,0
53542,1
53543,0
53544,0
53545,1
53546,1
53547,1
53548,0
53549,1
53550,1
53551,0
53552,0
53553,2
53554,0
53555,0
53556,1
53557,2
53558,2
53559,1
53560,2
53561,2
53562,1
53563,0
53564,0
53565,0
53566,2
53567,2
53568,0
53569,0
53570,2
53571,2
53572,0
53573,2
53574,1
53575,0
53576,1
53577,0
53578,1
53579,0
53580,0
53581,1
53582,2
53583,1
53584,2
53585,0
53586,2
53587,0
53588,2
53589,0
53590,0
53591,1
53592,1
53593,1
53594,0
53595,0
53596,2
53597,0
53598,0
53599,2
53600,2
53601,1
53602,1
53603,0
53604,2
53605,1
53606,0
53607,2
53608,2
53609,2
53610,2
53611,0
53612,0
53613,2
53614,2
53615,1
53616,2
53617,1
53618,2
53619,1
53620,1
53621,0
53622,2
53623,1
53624,1
53625,0
53626,2
53627,0
53628,1
53629,2
53630,2
53631,0
53632,0
53633,0
53634,0
53635,2
53636,0
53637,0
53638,0
53639,0
53640,2
53641,1
53642,2
53643,0
53644,2
53645,2
53646,0
53647,2
53648,1
53649,0
53650,2
53651,0
53652,0
53653,1
53654,0
53655,2
53656,0
53657,2
53658,1
53659,0
53660,0
53661,2
53662,1
53663,1
53664,1
53665,0
53666,0
53667,2
53668,2
53669,0
53670,1
53671,0
53672,2
53673,0
53674,1
53675,0
53676,2
53677,1
53678,2
53679,2
53680,2
53681,0
53682,0
53683,0
53684,0
53685,1
53686,2
53687,2
53688,0
53689,2
53690,1
53691,2
53692,2
53693,0
53694,1
53695,0
53696,0
53697,2
53698,2
53699,0
53700,2
53701,2
53702,2
53703,0
53704,1
53705,0
53706,0
53707,2
53708,0
53709,0
53710,2
53711,1
53712,0
53713,0
53714,2
53715,0
53716,0
53717,1
53718,2
53719,1
53720,2
53721,0
53722,2
53723,0
53724,2
53725,0
53726,2
53727,2
53728,0
53729,1
53730,2
53731,1
53732,0
53733,0
53734,2
53735,2
53736,1
53737,2
53738,2
53739,2
53740,1
53741,2
53742,2
53743,2
53744,2
53745,0
53746,0
53747,1
53748,2
53749,2
53750,1
53751,2
53752,1
53753,0
53754,0
53755,1
53756,2
53757,0
53758,1
53759,1
53760,2
53761,2
53762,2
53763,1
53764,0
53765,2
53766,1
53767,0
53768,0
53769,2
53770,2
53771,1
53772,0
53773,2
53774,2
53775,2
53776,2
53777,0
53778,0
53779,2
53780,2
53781,1
53782,1
53783,1
53784,1
53785,0
53786,2
53787,2
53788,2
53789,1
53790,1
53791,2
53792,2
53793,1
53794,0
53795,1
53796,0
53797,2
53798,2
53799,0
53800,1
53801,1
53802,1
53803,1
53804,2
53805,0
53806,0
53807,2
53808,0
53809,0
53810,2
53811,2
53812,2
53813,2
53814,1
53815,0
53816,2
53817,1
53818,2
53819,0
53820,0
53821,0
53822,1
53823,2
53824,0
53825,2
53826,2
53827,2
53828,0
53829,2
53830,0
53831,2
53832,0
53833,2
53834,0
53835,2
53836,1
53837,0
53838,1
53839,1
53840,0
53841,2
53842,2
53843,2
53844,2
53845,0
53846,0
53847,2
53848,0
53849,2
53850,0
53851,2
53852,2
53853,2
53854,1
53855,0
53856,0
53857,2
53858,0
53859,2
53860,1
53861,1
53862,0
53863,0
53864,1
53865,2
53866,0
53867,2
53868,2
53869,1
53870,0
53871,0
53872,0
53873,1
53874,2
53875,2
53876,0
53877,2
53878,2
53879,0
53880,2
53881,1
53882,1
53883,0
53884,1
53885,0
53886,0
53887,1
53888,2
53889,0
53890,1
53891,0
53892,0
53893,2
53894,2
53895,1
53896,0
53897,2
53898,2
53899,1
53900,0
53901,2
53902,1
53903,2
53904,1
53905,0
53906,0
53907,0
53908,0
53909,1
53910,1
53911,2
53912,2
53913,1
53914,0
53915,2
53916,2
53917,0
53918,0
53919,1
53920,1
53921,2
53922,1
53923,2
53924,2
53925,2
53926,2
53927,0
53928,2
53929,2
53930,2
53931,2
53932,2
53933,0
53934,2
53935,2
53936,2
53937,0
53938,2
53939,0
53940,0
53941,0
53942,0
53943,0
53944,0
53945,2
53946,2
53947,0
53948,2
53949,0
53950,2
53951,1
53952,1
53953,2
53954,1
53955,2
53956,0
53957,2
53958,0
53959,1
53960,2
53961,2
53962,1
53963,2
53964,0
53965,1
53966,0
53967,2
53968,2
53969,0
53970,2
53971,1
53972,0
53973,2
53974,1
53975,2
53976,0
53977,2
53978,2
53979,0
53980,0
53981,2
53982,2
53983,1
53984,0
53985,0
53986,1
53987,2
53988,2
53989,0
53990,0
53991,0
53992,2
53993,2
53994,1
53995,1
53996,1
53997,0
53998,2
53999,2
54000,1
54001,0
54002,0
54003,0
54004,1
54005,1
54006,1
54007,0
54008,2
54009,2
54010,0
54011,0
54012,1
54013,0
54014,2
54015,1
54016,2
54017,1
54018,1
54019,1
54020,0
54021,0
54022,2
54023,0
54024,0
54025,2
54026,2
54027,0
54028,1
54029,1
54030,0
54031,0
54032,1
54033,0
54034,0
54035,2
54036,0
54037,2
54038,2
54039,1
54040,1
54041,1
54042,1
54043,0
54044,1
54045,2
54046,1
54047,1
54048,1
54049,2
54050,2
54051,2
54052,2
54053,2
54054,2
54055,0
54056,1
54057,0
54058,0
54059,0
54060,2
54061,1
54062,0
54063,0
54064,1
54065,0
54066,1
54067,2
54068,0
54069,0
54070,1
54071,0
54072,0
54073,2
54074,0
54075,0
54076,1
54077,0
54078,1
54079,2
54080,1
54081,2
54082,0
54083,1
54084,0
54085,1
54086,2
54087,2
54088,0
54089,0
54090,0
54091,0
54092,0
54093,2
54094,1
54095,2
54096,0
54097,2
54098,0
54099,0
54100,1
54101,0
54102,2
54103,2
54104,0
54105,1
54106,2
54107,2
54108,2
54109,0
54110,0
54111,2
54112,2
54113,0
54114,0
54115,2
54116,1
54117,2
54118,1
54119,0
54120,2
54121,0
54122,0
54123,0
54124,2
54125,2
54126,0
54127,2
54128,2
54129,1
54130,2
54131,1
54132,2
54133,2
54134,2
54135,2
54136,2
54137,2
54138,2
54139,2
54140,2
54141,0
54142,0
54143,2
54144,0
54145,2
54146,2
54147,2
54148,2
54149,0
54150,1
54151,1
54152,0
54153,2
54154,2
54155,2
54156,2
54157,0
54158,0
54159,2
54160,0
54161,2
54162,0
54163,2
54164,1
54165,1
54166,0
54167,0
54168,0
54169,1
54170,2
54171,2
54172,2
54173,2
54174,2
54175,0
54176,0
54177,2
54178,1
54179,2
54180,1
54181,0
54182,2
54183,2
54184,2
54185,2
54186,0
54187,0
54188,1
54189,2
54190,0
54191,1
54192,0
54193,0
54194,0
54195,1
54196,0
54197,0
54198,0
54199,1
54200,1
54201,1
54202,2
54203,1
54204,1
54205,2
54206,1
54207,0
54208,1
54209,0
54210,1
54211,2
54212,1
54213,2
54214,2
54215,1
54216,0
54217,0
54218,2
54219,0
54220,0
54221,2
54222,1
54223,0
54224,1
54225,2
54226,1
54227,0
54228,1
54229,1
54230,1
54231,0
54232,1
54233,1
54234,0
54235,0
54236,2
54237,0
54238,1
54239,2
54240,0
54241,2
54242,1
54243,2
54244,1
54245,2
54246,1
54247,2
54248,1
54249,2
54250,1
54251,0
54252,0
54253,1
54254,2
54255,1
54256,1
54257,2
54258,0
54259,1
54260,0
54261,0
54262,0
54263,0
54264,0
54265,1
54266,2
54267,1
54268,1
54269,2
54270,0
54271,1
54272,1
54273,2
54274,1
54275,1
54276,0
54277,0
54278,1
54279,1
54280,0
54281,1
54282,0
54283,0
54284,2
54285,1
54286,1
54287,0
54288,2
54289,1
54290,2
54291,2
54292,1
54293,0
54294,2
54295,2
54296,0
54297,0
54298,0
54299,2
54300,2
54301,0
54302,2
54303,0
54304,0
54305,2
54306,0
54307,1
54308,0
54309,1
54310,0
54311,0
54312,2
54313,0
54314,2
54315,2
54316,2
54317,2
54318,0
54319,2
54320,1
54321,1
54322,2
54323,2
54324,2
54325,1
54326,1
54327,1
54328,2
54329,2
54330,0
54331,1
54332,0
54333,2
54334,2
54335,2
54336,1
54337,2
54338,0
54339,0
54340,2
54341,2
54342,2
54343,1
54344,0
54345,1
54346,0
54347,2
54348,1
54349,1
54350,2
54351,0
54352,2
54353,0
54354,0
54355,2
54356,0
54357,0
54358,0
54359,0
54360,2
54361,0
54362,2
54363,0
54364,1
54365,0
54366,2
54367,2
54368,2
54369,1
54370,2
54371,1
54372,2
54373,2
54374,1
54375,1
54376,0
54377,2
54378,2
54379,1
54380,0
54381,0
54382,2
54383,0
54384,0
54385,2
54386,2
54387,0
54388,0
54389,0
54390,2
54391,0
54392,2
54393,2
54394,2
54395,0
54396,0
54397,1
54398,2
54399,1
54400,0
54401,1
54402,0
54403,0
54404,0
54405,2
54406,0
54407,1
54408,2
54409,0
54410,0
54411,0
54412,0
54413,0
54414,2
54415,2
54416,2
54417,2
54418,1
54419,0
54420,2
54421,2
54422,2
54423,2
54424,1
54425,1
54426,0
54427,1
54428,2
54429,2
54430,2
54431,0
54432,0
54433,2
54434,1
54435,1
54436,2
54437,2
54438,2
54439,1
54440,0
54441,2
54442,1
54443,2
54444,2
54445,2
54446,2
54447,1
54448,0
54449,2
54450,0
54451,1
54452,2
54453,0
54454,0
54455,2
54456,0
54457,1
54458,2
54459,0
54460,2
54461,1
54462,2
54463,0
54464,2
54465,2
54466,0
54467,2
54468,0
54469,2
54470,1
54471,1
54472,2
54473,0
54474,0
54475,0
54476,2
54477,2
54478,1
54479,0
54480,2
54481,1
54482,0
54483,2
54484,0
54485,0
54486,2
54487,1
54488,0
54489,1
54490,0
54491,1
54492,2
54493,2
54494,0
54495,1
54496,0
54497,1
54498,0
54499,2
54500,0
54501,0
54502,2
54503,1
54504,2
54505,2
54506,1
54507,0
54508,2
54509,0
54510,1
54511,1
54512,2
54513,2
54514,2
54515,2
54516,2
54517,1
54518,2
54519,1
54520,0
54521,0
54522,0
54523,2
54524,2
54525,1
54526,0
54527,2
54528,2
54529,2
54530,2
54531,0
54532,0
54533,0
54534,2
54535,2
54536,0
54537,2
54538,0
54539,2
54540,1
54541,2
54542,0
54543,1
54544,1
54545,2
54546,0
54547,2
54548,2
54549,2
54550,2
54551,0
54552,2
54553,2
54554,0
54555,2
54556,0
54557,0
54558,0
54559,2
54560,0
54561,2
54562,2
54563,0
54564,2
54565,0
54566,2
54567,2
54568,2
54569,1
54570,0
54571,1
54572,0
54573,0
54574,2
54575,2
54576,1
54577,2
54578,2
54579,2
54580,1
54581,0
54582,2
54583,1
54584,0
54585,0
54586,0
54587,2
54588,1
54589,2
54590,2
54591,1
54592,1
54593,0
54594,0
54595,1
54596,1
54597,0
54598,0
54599,2
54600,0
54601,0
54602,1
54603,2
54604,2
54605,1
54606,1
54607,1
54608,1
54609,0
54610,1
54611,0
54612,1
54613,2
54614,2
54615,0
54616,2
54617,0
54618,1
54619,2
54620,1
54621,2
54622,0
54623,0
54624,0
54625,2
54626,1
54627,0
54628,0
54629,2
54630,0
54631,1
54632,0
54633,1
54634,2
54635,0
54636,0
54637,1
54638,1
54639,1
54640,2
54641,0
54642,0
54643,0
54644,0
54645,1
54646,2
54647,2
54648,0
54649,2
54650,2
54651,1
54652,1
54653,0
54654,2
54655,1
54656,2
54657,1
54658,0
54659,0
54660,2
54661,1
54662,0
54663,2
54664,0
54665,0
54666,2
54667,2
54668,2
54669,2
54670,1
54671,1
54672,2
54673,2
54674,1
54675,2
54676,0
54677,2
54678,2
54679,2
54680,1
54681,0
54682,1
54683,0
54684,0
54685,2
54686,0
54687,2
54688,2
54689,1
54690,2
54691,0
54692,0
54693,1
54694,0
54695,1
54696,0
54697,1
54698,2
54699,0
54700,1
54701,1
54702,0
54703,2
54704,1
54705,1
54706,2
54707,0
54708,0
54709,0
54710,0
54711,0
54712,2
54713,2
54714,1
54715,1
54716,0
54717,0
54718,1
54719,0
54720,2
54721,2
54722,1
54723,0
54724,1
54725,1
54726,0
54727,2
54728,2
54729,0
54730,0
54731,1
54732,2
54733,0
54734,2
54735,0
54736,0
54737,1
54738,1
54739,1
54740,2
54741,0
54742,2
54743,2
54744,0
54745,2
54746,0
54747,2
54748,2
54749,0
54750,1
54751,0
54752,2
54753,2
54754,1
54755,2
54756,1
54757,2
54758,0
54759,2
54760,0
54761,1
54762,2
54763,1
54764,1
54765,1
54766,1
54767,2
54768,2
54769,0
54770,2
54771,1
54772,0
54773,2
54774,2
54775,2
54776,0
54777,2
54778,1
54779,2
54780,0
54781,0
54782,1
54783,0
54784,2
54785,0
54786,2
54787,1
54788,2
54789,0
54790,1
54791,1
54792,0
54793,0
54794,0
54795,0
54796,2
54797,2
54798,2
54799,2
54800,1
54801,1
54802,2
54803,2
54804,2
54805,2
54806,0
54807,1
54808,0
54809,2
54810,0
54811,2
54812,2
54813,2
54814,2
54815,1
54816,0
54817,1
54818,1
54819,0
54820,0
54821,2
54822,2
54823,2
54824,2
54825,0
54826,2
54827,2
54828,0
54829,0
54830,2
54831,1
54832,0
54833,2
54834,0
54835,0
54836,0
54837,2
54838,2
54839,2
54840,1
54841,2
54842,0
54843,0
54844,0
54845,0
54846,0
54847,2
54848,0
54849,0
54850,2
54851,0
54852,1
54853,1
54854,0
54855,2
54856,0
54857,1
54858,0
54859,1
54860,2
54861,2
54862,1
54863,2
54864,0
54865,0
54866,0
54867,1
54868,0
54869,1
54870,0
54871,2
54872,2
54873,1
54874,0
54875,2
54876,1
54877,1
54878,0
54879,2
54880,0
54881,2
54882,0
54883,2
54884,0
54885,0
54886,0
54887,2
54888,0
54889,2
54890,2
54891,0
54892,0
54893,0
54894,0
54895,1
54896,1
54897,0
54898,0
54899,0
54900,1
54901,1
54902,0
54903,1
54904,0
54905,2
54906,2
54907,2
54908,2
54909,2
54910,1
54911,0
54912,2
54913,0
54914,1
54915,2
54916,2
54917,1
54918,1
54919,2
54920,1
54921,0
54922,0
54923,2
54924,2
54925,1
54926,2
54927,0
54928,0
54929,2
54930,2
54931,2
54932,2
54933,0
54934,2
54935,2
54936,0
54937,1
54938,2
54939,1
54940,2
54941,0
54942,2
54943,1
54944,1
54945,2
54946,2
54947,0
54948,0
54949,1
54950,0
54951,1
54952,1
54953,1
54954,1
54955,0
54956,0
54957,0
54958,0
54959,0
54960,1
54961,2
54962,0
54963,2
54964,0
54965,0
54966,0
54967,1
54968,2
54969,0
54970,0
54971,2
54972,2
54973,1
54974,0
54975,0
54976,2
54977,2
54978,1
54979,0
54980,0
54981,2
54982,0
54983,0
54984,1
54985,2
54986,0
54987,2
54988,1
54989,1
54990,1
54991,0
54992,0
54993,0
54994,2
54995,0
54996,1
54997,0
54998,0
54999,1
55000,2
55001,2
55002,2
55003,1
55004,2
55005,2
55006,0
55007,2
55008,0
55009,0
55010,1
55011,2
55012,0
55013,0
55014,2
55015,2
55016,2
55017,1
55018,1
55019,1
55020,1
55021,0
55022,2
55023,0
55024,0
55025,2
55026,2
55027,0
55028,1
55029,0
55030,0
55031,2
55032,0
55033,0
55034,0
55035,1
55036,1
55037,2
55038,0
55039,2
55040,0
55041,2
55042,2
55043,2
55044,1
55045,0
55046,1
55047,2
55048,0
55049,0
55050,2
55051,2
55052,2
55053,2
55054,2
55055,0
55056,2
55057,2
55058,0
55059,2
55060,2
55061,2
55062,0
55063,2
55064,2
55065,2
55066,0
55067,0
55068,0
55069,0
55070,2
55071,0
55072,2
55073,2
55074,0
55075,0
55076,0
55077,0
55078,1
55079,1
55080,0
55081,0
55082,1
55083,2
55084,0
55085,1
55086,0
55087,0
55088,2
55089,1
55090,2
55091,0
55092,2
55093,0
55094,2
55095,2
55096,0
55097,0
55098,0
55099,0
55100,1
55101,2
55102,0
55103,0
55104,0
55105,0
55106,2
55107,0
55108,2
55109,1
55110,0
55111,2
55112,2
55113,1
55114,0
55115,1
55116,0
55117,1
55118,1
55119,2
55120,2
55121,2
55122,0
55123,1
55124,2
55125,0
55126,0
55127,2
55128,2
55129,2
55130,0
55131,2
55132,0
55133,2
55134,0
55135,2
55136,1
55137,2
55138,0
55139,2
55140,0
55141,1
55142,2
55143,1
55144,0
55145,1
55146,1
55147,2
55148,1
55149,1
55150,0
55151,2
55152,2
55153,1
55154,0
55155,0
55156,1
55157,1
55158,2
55159,1
55160,2
55161,1
55162,1
55163,0
55164,1
55165,0
55166,0
55167,2
55168,2
55169,0
55170,2
55171,0
55172,0
55173,0
55174,1
55175,0
55176,0
55177,1
55178,2
55179,2
55180,0
55181,0
55182,2
55183,0
55184,2
55185,1
55186,0
55187,0
55188,2
55189,1
55190,0
55191,0
55192,1
55193,0
55194,2
55195,2
55196,0
55197,1
55198,0
55199,2
55200,1
55201,1
55202,2
55203,2
55204,2
55205,1
55206,2
55207,1
55208,2
55209,0
55210,2
55211,2
55212,1
55213,0
55214,0
55215,1
55216,1
55217,0
55218,1
55219,0
55220,2
55221,1
55222,2
55223,2
55224,0
55225,2
55226,2
55227,2
55228,2
55229,1
55230,0
55231,0
55232,1
55233,2
55234,2
55235,2
55236,2
55237,0
55238,2
55239,0
55240,1
55241,2
55242,2
55243,0
55244,2
55245,2
55246,0
55247,0
55248,0
55249,2
55250,1
55251,0
55252,2
55253,1
55254,1
55255,2
55256,2
55257,2
55258,0
55259,1
55260,1
55261,2
55262,1
55263,0
55264,2
55265,1
55266,0
55267,0
55268,1
55269,1
55270,2
55271,0
55272,2
55273,0
55274,1
55275,2
55276,1
55277,2
55278,0
55279,2
55280,1
55281,2
55282,2
55283,1
55284,2
55285,0
55286,2
55287,2
55288,1
55289,2
55290,0
55291,2
55292,2
55293,2
55294,0
55295,0
55296,2
55297,0
55298,1
55299,0
55300,1
55301,0
55302,2
55303,2
55304,2
55305,0
55306,1
55307,1
55308,0
55309,2
55310,0
55311,0
55312,1
55313,1
55314,2
55315,0
55316,0
55317,0
55318,2
55319,2
55320,2
55321,1
55322,1
55323,1
55324,1
55325,0
55326,0
55327,2
55328,0
55329,0
55330,2
55331,1
55332,2
55333,1
55334,0
55335,0
55336,0
55337,0
55338,2
55339,1
55340,1
55341,2
55342,0
55343,2
55344,1
55345,1
55346,1
55347,2
55348,2
55349,2
55350,0
55351,0
55352,2
55353,1
55354,0
55355,1
55356,1
55357,0
55358,0
55359,2
55360,2
55361,0
55362,2
55363,1
55364,2
55365,0
55366,0
55367,2
55368,0
55369,0
55370,2
55371,2
55372,0
55373,0
55374,2
55375,2
55376,1
55377,0
55378,2
55379,1
55380,0
55381,1
55382,0
55383,0
55384,2
55385,2
55386,0
55387,2
55388,1
55389,0
55390,2
55391,1
55392,0
55393,2
55394,1
55395,0
55396,1
55397,0
55398,2
55399,2
55400,1
55401,2
55402,0
55403,1
55404,2
55405,0
55406,0
55407,0
55408,2
55409,0
55410,0
55411,0
55412,2
55413,0
55414,0
55415,1
55416,2
55417,1
55418,2
55419,0
55420,2
55421,0
55422,1
55423,1
55424,0
55425,2
55426,0
55427,0
55428,0
55429,0
55430,0
55431,0
55432,2
55433,2
55434,2
55435,2
55436,2
55437,0
55438,1
55439,1
55440,2
55441,1
55442,0
55443,0
55444,0
55445,2
55446,0
55447,2
55448,2
55449,2
55450,2
55451,2
55452,0
55453,0
55454,2
55455,2
55456,2
55457,2
55458,1
55459,2
55460,0
55461,0
55462,2
55463,0
55464,2
55465,1
55466,0
55467,0
55468,0
55469,0
55470,2
55471,2
55472,1
55473,0
55474,2
55475,2
55476,0
55477,1
55478,1
55479,1
55480,2
55481,0
55482,0
55483,2
55484,2
55485,2
55486,1
55487,2
55488,2
55489,2
55490,0
55491,1
55492,1
55493,0
55494,1
55495,2
55496,2
55497,2
55498,0
55499,1
55500,2
55501,2
55502,2
55503,2
55504,2
55505,0
55506,2
55507,1
55508,1
55509,1
55510,2
55511,1
55512,1
55513,0
55514,0
55515,1
55516,1
55517,2
55518,2
55519,2
55520,2
55521,2
55522,2
55523,2
55524,0
55525,2
55526,1
55527,1
55528,1
55529,0
55530,2
55531,2
55532,0
55533,2
55534,0
55535,1
55536,0
55537,0
55538,0
55539,1
55540,0
55541,2
55542,1
55543,2
55544,2
55545,2
55546,1
55547,0
55548,0
55549,0
55550,2
55551,2
55552,1
55553,0
55554,2
55555,0
55556,0
55557,2
55558,1
55559,0
55560,1
55561,2
55562,1
55563,2
55564,2
55565,2
55566,1
55567,2
55568,0
55569,2
55570,2
55571,2
55572,0
55573,0
55574,0
55575,1
55576,2
55577,2
55578,2
55579,1
55580,0
55581,0
55582,0
55583,2
55584,1
55585,0
55586,0
55587,0
55588,0
55589,1
55590,0
55591,2
55592,1
55593,0
55594,2
55595,0
55596,0
55597,2
55598,1
55599,0
55600,2
55601,1
55602,1
55603,2
55604,0
55605,2
55606,0
55607,0
55608,2
55609,1
55610,2
55611,1
55612,1
55613,0
55614,1
55615,1
55616,2
55617,2
55618,0
55619,1
55620,2
55621,1
55622,2
55623,0
55624,2
55625,0
55626,1
55627,2
55628,1
55629,2
55630,2
55631,0
55632,2
55633,1
55634,2
55635,2
55636,0
55637,0
55638,1
55639,2
55640,1
55641,1
55642,1
55643,2
55644,2
55645,0
55646,2
55647,1
55648,1
55649,0
55650,2
55651,2
55652,0
55653,2
55654,2
55655,1
55656,0
55657,0
55658,1
55659,0
55660,0
55661,0
55662,2
55663,1
55664,2
55665,0
55666,0
55667,2
55668,1
55669,0
55670,1
55671,0
55672,1
55673,2
55674,0
55675,0
55676,1
55677,0
55678,0
55679,0
55680,1
55681,2
55682,2
55683,0
55684,0
55685,2
55686,2
55687,1
55688,0
55689,2
55690,1
55691,0
55692,0
55693,1
55694,2
55695,1
55696,2
55697,2
55698,1
55699,0
55700,0
55701,0
55702,0
55703,0
55704,2
55705,1
55706,0
55707,0
55708,0
55709,0
55710,0
55711,2
55712,0
55713,0
55714,2
55715,0
55716,2
55717,0
55718,2
55719,1
55720,0
55721,0
55722,0
55723,1
55724,0
55725,0
55726,0
55727,2
55728,2
55729,2
55730,0
55731,2
55732,1
55733,2
55734,0
55735,2
55736,2
55737,2
55738,1
55739,2
55740,2
55741,0
55742,0
55743,1
55744,0
55745,1
55746,0
55747,0
55748,2
55749,2
55750,0
55751,0
55752,2
55753,2
55754,2
55755,2
55756,2
55757,0
55758,2
55759,2
55760,1
55761,0
55762,0
55763,1
55764,2
55765,0
55766,2
55767,0
55768,0
55769,2
55770,2
55771,0
55772,2
55773,0
55774,0
55775,0
55776,1
55777,1
55778,1
55779,0
55780,2
55781,0
55782,2
55783,2
55784,1
55785,0
55786,1
55787,1
55788,0
55789,1
55790,1
55791,0
55792,0
55793,0
55794,2
55795,0
55796,2
55797,2
55798,0
55799,2
55800,0
55801,2
55802,0
55803,0
55804,1
55805,0
55806,2
55807,0
55808,0
55809,2
55810,0
55811,0
55812,1
55813,1
55814,2
55815,2
55816,1
55817,0
55818,2
55819,0
55820,2
55821,1
55822,0
55823,1
55824,0
55825,2
55826,2
55827,1
55828,0
55829,2
55830,0
55831,0
55832,2
55833,2
55834,1
55835,2
55836,1
55837,1
55838,0
55839,1
55840,2
55841,2
55842,1
55843,2
55844,0
55845,0
55846,2
55847,2
55848,2
55849,1
55850,0
55851,2
55852,0
55853,1
55854,1
55855,0
55856,2
55857,0
55858,0
55859,1
55860,1
55861,1
55862,1
55863,0
55864,0
55865,0
55866,0
55867,0
55868,2
55869,0
55870,2
55871,0
55872,2
55873,0
55874,1
55875,2
55876,2
55877,1
55878,0
55879,0
55880,2
55881,0
55882,2
55883,1
55884,0
55885,0
55886,2
55887,2
55888,0
55889,0
55890,2
55891,1
55892,0
55893,1
55894,2
55895,2
55896,0
55897,1
55898,0
55899,1
55900,2
55901,0
55902,0
55903,1
55904,0
55905,0
55906,1
55907,1
55908,0
55909,2
55910,0
55911,2
55912,0
55913,1
55914,0
55915,0
55916,0
55917,0
55918,0
55919,2
55920,0
55921,0
55922,2
55923,0
55924,0
55925,1
55926,0
55927,0
55928,2
55929,2
55930,2
55931,2
55932,2
55933,2
55934,2
55935,0
55936,1
55937,2
55938,2
55939,0
55940,2
55941,1
55942,2
55943,0
55944,0
55945,1
55946,2
55947,2
55948,2
55949,0
55950,1
55951,0
55952,2
55953,1
55954,1
55955,0
55956,2
55957,0
55958,1
55959,2
55960,2
55961,2
55962,1
55963,2
55964,0
55965,1
55966,2
55967,1
55968,2
55969,0
55970,0
55971,0
55972,0
55973,0
55974,0
55975,2
55976,0
55977,0
55978,1
55979,0
55980,0
55981,2
55982,0
55983,0
55984,0
55985,1
55986,2
55987,1
55988,0
55989,0
55990,0
55991,2
55992,2
55993,2
55994,1
55995,0
55996,2
55997,2
55998,2
55999,2
56000,0
56001,2
56002,0
56003,1
56004,0
56005,2
56006,0
56007,0
56008,0
56009,2
56010,2
56011,1
56012,2
56013,2
56014,1
56015,0
56016,1
56017,1
56018,1
56019,1
56020,1
56021,1
56022,0
56023,0
56024,0
56025,1
56026,0
56027,1
56028,0
56029,2
56030,0
56031,1
56032,0
56033,1
56034,0
56035,2
56036,0
56037,2
56038,0
56039,1
56040,0
56041,2
56042,2
56043,0
56044,2
56045,1
56046,2
56047,0
56048,2
56049,2
56050,2
56051,2
56052,2
56053,2
56054,0
56055,0
56056,0
56057,1
56058,1
56059,0
56060,0
56061,0
56062,0
56063,0
56064,2
56065,2
56066,2
56067,1
56068,0
56069,2
56070,1
56071,0
56072,0
56073,0
56074,1
56075,0
56076,2
56077,2
56078,2
56079,0
56080,1
56081,0
56082,2
56083,0
56084,1
56085,1
56086,1
56087,2
56088,0
56089,1
56090,2
56091,0
56092,1
56093,2
56094,1
56095,2
56096,2
56097,0
56098,1
56099,0
56100,0
56101,2
56102,2
56103,2
56104,1
56105,0
56106,1
56107,1
56108,2
56109,1
56110,1
56111,0
56112,1
56113,2
56114,2
56115,2
56116,1
56117,2
56118,1
56119,2
56120,0
56121,1
56122,2
56123,1
56124,2
56125,0
56126,2
56127,0
56128,2
56129,2
56130,2
56131,1
56132,2
56133,1
56134,2
56135,0
56136,0
56137,1
56138,0
56139,2
56140,1
56141,2
56142,1
56143,0
56144,2
56145,0
56146,2
56147,0
56148,0
56149,2
56150,0
56151,2
56152,0
56153,0
56154,1
56155,0
56156,2
56157,2
56158,0
56159,2
56160,0
56161,2
56162,2
56163,2
56164,0
56165,0
56166,2
56167,2
56168,0
56169,0
56170,2
56171,2
56172,2
56173,2
56174,2
56175,1
56176,0
56177,1
56178,1
56179,2
56180,1
56181,0
56182,1
56183,2
56184,2
56185,0
56186,0
56187,2
56188,1
56189,2
56190,1
56191,1
56192,0
56193,1
56194,1
56195,2
56196,2
56197,0
56198,0
56199,2
56200,0
56201,0
56202,0
56203,2
56204,1
56205,0
56206,2
56207,0
56208,0
56209,1
56210,2
56211,2
56212,2
56213,2
56214,0
56215,2
56216,2
56217,1
56218,0
56219,2
56220,0
56221,2
56222,0
56223,0
56224,2
56225,1
56226,2
56227,1
56228,1
56229,0
56230,2
56231,2
56232,1
56233,2
56234,0
56235,2
56236,2
56237,2
56238,0
56239,2
56240,2
56241,2
56242,1
56243,1
56244,0
56245,0
56246,1
56247,2
56248,1
56249,2
56250,1
56251,0
56252,1
56253,0
56254,1
56255,0
56256,2
56257,0
56258,0
56259,0
56260,2
56261,2
56262,0
56263,1
56264,2
56265,0
56266,0
56267,0
56268,1
56269,2
56270,2
56271,1
56272,0
56273,0
56274,2
56275,2
56276,2
56277,0
56278,0
56279,2
56280,0
56281,2
56282,2
56283,1
56284,0
56285,0
56286,2
56287,0
56288,2
56289,0
56290,2
56291,1
56292,2
56293,1
56294,1
56295,2
56296,0
56297,2
56298,2
56299,1
56300,2
56301,1
56302,1
56303,0
56304,1
56305,2
56306,2
56307,0
56308,0
56309,1
56310,0
56311,2
56312,1
56313,1
56314,0
56315,0
56316,1
56317,2
56318,2
56319,0
56320,2
56321,0
56322,0
56323,1
56324,1
56325,0
56326,2
56327,2
56328,2
56329,2
56330,1
56331,2
56332,2
56333,0
56334,0
56335,0
56336,2
56337,2
56338,0
56339,2
56340,0
56341,2
56342,0
56343,0
56344,0
56345,0
56346,1
56347,1
56348,0
56349,2
56350,0
56351,0
56352,2
56353,0
56354,1
56355,0
56356,0
56357,2
56358,2
56359,2
56360,2
56361,1
56362,2
56363,1
56364,0
56365,0
56366,1
56367,1
56368,2
56369,0
56370,2
56371,0
56372,1
56373,0
56374,2
56375,2
56376,1
56377,0
56378,1
56379,2
56380,0
56381,1
56382,0
56383,2
56384,0
56385,0
56386,1
56387,2
56388,2
56389,2
56390,2
56391,0
56392,0
56393,1
56394,1
56395,2
56396,0
56397,0
56398,1
56399,0
56400,0
56401,1
56402,2
56403,0
56404,0
56405,2
56406,2
56407,0
56408,2
56409,0
56410,2
56411,2
56412,0
56413,0
56414,0
56415,2
56416,1
56417,2
56418,0
56419,1
56420,1
56421,0
56422,2
56423,0
56424,2
56425,2
56426,1
56427,2
56428,0
56429,1
56430,1
56431,1
56432,1
56433,2
56434,1
56435,1
56436,2
56437,0
56438,0
56439,0
56440,1
56441,0
56442,0
56443,2
56444,1
56445,0
56446,0
56447,2
56448,0
56449,1
56450,2
56451,0
56452,2
56453,0
56454,2
56455,2
56456,1
56457,1
56458,2
56459,2
56460,0
56461,2
56462,2
56463,0
56464,2
56465,0
56466,2
56467,0
56468,0
56469,2
56470,2
56471,2
56472,0
56473,1
56474,1
56475,0
56476,2
56477,0
56478,0
56479,2
56480,0
56481,1
56482,0
56483,0
56484,2
56485,0
56486,0
56487,0
56488,2
56489,2
56490,0
56491,0
56492,1
56493,1
56494,2
56495,2
56496,0
56497,2
56498,2
56499,1
56500,2
56501,1
56502,0
56503,2
56504,0
56505,0
56506,2
56507,0
56508,1
56509,1
56510,0
56511,0
56512,2
56513,2
56514,1
56515,1
56516,2
56517,1
56518,2
56519,2
56520,2
56521,0
56522,2
56523,1
56524,0
56525,1
56526,0
56527,0
56528,2
56529,0
56530,1
56531,1
56532,0
56533,1
56534,1
56535,0
56536,0
56537,1
56538,1
56539,0
56540,2
56541,0
56542,2
56543,0
56544,1
56545,1
56546,1
56547,1
56548,0
56549,1
56550,0
56551,1
56552,2
56553,2
56554,2
56555,2
56556,0
56557,2
56558,1
56559,0
56560,1
56561,0
56562,0
56563,2
56564,0
56565,2
56566,0
56567,0
56568,2
56569,2
56570,1
56571,1
56572,0
56573,2
56574,2
56575,0
56576,0
56577,0
56578,0
56579,1
56580,2
56581,0
56582,1
56583,1
56584,2
56585,2
56586,2
56587,1
56588,2
56589,0
56590,2
56591,1
56592,0
56593,0
56594,0
56595,1
56596,2
56597,0
56598,0
56599,1
56600,2
56601,2
56602,0
56603,2
56604,1
56605,0
56606,0
56607,0
56608,0
56609,2
56610,0
56611,0
56612,0
56613,2
56614,2
56615,0
56616,2
56617,1
56618,0
56619,0
56620,2
56621,0
56622,2
56623,0
56624,0
56625,1
56626,2
56627,1
56628,2
56629,2
56630,0
56631,1
56632,0
56633,2
56634,0
56635,1
56636,1
56637,0
56638,0
56639,0
56640,0
56641,2
56642,2
56643,2
56644,2
56645,0
56646,2
56647,2
56648,2
56649,0
56650,0
56651,2
56652,2
56653,2
56654,0
56655,0
56656,2
56657,0
56658,2
56659,0
56660,0
56661,2
56662,1
56663,1
56664,2
56665,1
56666,2
56667,0
56668,2
56669,1
56670,2
56671,1
56672,0
56673,0
56674,2
56675,2
56676,2
56677,1
56678,0
56679,0
56680,2
56681,2
56682,0
56683,2
56684,1
56685,2
56686,2
56687,2
56688,1
56689,0
56690,2
56691,1
56692,2
56693,2
56694,2
56695,1
56696,1
56697,0
56698,2
56699,0
56700,1
56701,0
56702,2
56703,1
56704,2
56705,1
56706,2
56707,2
56708,0
56709,0
56710,2
56711,1
56712,1
56713,2
56714,1
56715,2
56716,0
56717,1
56718,2
56719,0
56720,0
56721,1
56722,0
56723,2
56724,2
56725,2
56726,0
56727,2
56728,2
56729,1
56730,2
56731,1
56732,0
56733,2
56734,2
56735,0
56736,2
56737,2
56738,1
56739,1
56740,0
56741,0
56742,0
56743,2
56744,0
56745,1
56746,1
56747,0
56748,1
56749,1
56750,2
56751,2
56752,1
56753,0
56754,0
56755,2
56756,2
56757,1
56758,0
56759,0
56760,1
56761,1
56762,2
56763,0
56764,0
56765,2
56766,1
56767,1
56768,2
56769,2
56770,2
56771,2
56772,0
56773,0
56774,0
56775,1
56776,2
56777,0
56778,0
56779,1
56780,2
56781,0
56782,0
56783,0
56784,2
56785,2
56786,0
56787,2
56788,1
56789,2
56790,1
56791,1
56792,2
56793,0
56794,2
56795,2
56796,2
56797,0
56798,0
56799,1
56800,2
56801,0
56802,1
56803,2
56804,2
56805,1
56806,2
56807,2
56808,2
56809,0
56810,0
56811,2
56812,2
56813,2
56814,1
56815,2
56816,1
56817,1
56818,0
56819,0
56820,1
56821,0
56822,0
56823,0
56824,0
56825,1
56826,0
56827,0
56828,1
56829,1
56830,1
56831,2
56832,2
56833,2
56834,2
56835,2
56836,2
56837,1
56838,2
56839,2
56840,0
56841,2
56842,0
56843,2
56844,0
56845,1
56846,2
56847,2
56848,1
56849,1
56850,1
56851,0
56852,0
56853,2
56854,2
56855,1
56856,1
56857,1
56858,0
56859,0
56860,1
56861,2
56862,1
56863,1
56864,1
56865,1
56866,0
56867,1
56868,1
56869,2
56870,0
56871,0
56872,0
56873,2
56874,2
56875,2
56876,1
56877,2
56878,2
56879,1
56880,0
56881,0
56882,1
56883,0
56884,0
56885,2
56886,0
56887,2
56888,2
56889,2
56890,0
56891,0
56892,1
56893,1
56894,2
56895,0
56896,0
56897,1
56898,0
56899,1
56900,1
56901,0
56902,1
56903,1
56904,1
56905,0
56906,0
56907,2
56908,1
56909,2
56910,2
56911,2
56912,2
56913,0
56914,0
56915,0
56916,0
56917,2
56918,2
56919,0
56920,2
56921,2
56922,2
56923,0
56924,0
56925,0
56926,0
56927,1
56928,2
56929,1
56930,0
56931,0
56932,0
56933,2
56934,0
56935,0
56936,2
56937,2
56938,0
56939,0
56940,0
56941,2
56942,0
56943,0
56944,0
56945,0
56946,0
56947,2
56948,1
56949,0
56950,1
56951,0
56952,2
56953,2
56954,2
56955,0
56956,2
56957,0
56958,0
56959,1
56960,0
56961,2
56962,0
56963,0
56964,1
56965,2
56966,1
56967,1
56968,1
56969,0
56970,2
56971,0
56972,1
56973,0
56974,2
56975,0
56976,1
56977,2
56978,0
56979,2
56980,1
56981,0
56982,2
56983,0
56984,0
56985,1
56986,2
56987,0
56988,0
56989,1
56990,1
56991,2
56992,2
56993,2
56994,0
56995,0
56996,0
56997,0
56998,1
56999,0
57000,2
57001,2
57002,0
57003,2
57004,2
57005,1
57006,0
57007,0
57008,1
57009,0
57010,0
57011,2
57012,0
57013,0
57014,2
57015,2
57016,0
57017,2
57018,0
57019,2
57020,2
57021,2
57022,1
57023,2
57024,0
57025,0
57026,2
57027,0
57028,2
57029,0
57030,1
57031,1
57032,2
57033,0
57034,2
57035,0
57036,2
57037,0
57038,2
57039,0
57040,0
57041,0
57042,1
57043,1
57044,2
57045,2
57046,2
57047,2
57048,2
57049,0
57050,2
57051,2
57052,2
57053,2
57054,0
57055,0
57056,0
57057,1
57058,1
57059,1
57060,1
57061,2
57062,2
57063,2
57064,1
57065,2
57066,1
57067,0
57068,2
57069,0
57070,0
57071,0
57072,0
57073,2
57074,0
57075,0
57076,2
57077,2
57078,2
57079,2
57080,1
57081,1
57082,1
57083,0
57084,2
57085,0
57086,1
57087,0
57088,0
57089,0
57090,0
57091,0
57092,1
57093,0
57094,0
57095,1
57096,1
57097,0
57098,2
57099,1
57100,2
57101,2
57102,1
57103,0
57104,0
57105,0
57106,0
57107,2
57108,2
57109,1
57110,2
57111,2
57112,0
57113,0
57114,1
57115,0
57116,0
57117,1
57118,0
57119,0
57120,2
57121,0
57122,2
57123,0
57124,1
57125,0
57126,2
57127,0
57128,0
57129,0
57130,0
57131,1
57132,0
57133,2
57134,0
57135,2
57136,2
57137,0
57138,0
57139,0
57140,1
57141,1
57142,0
57143,2
57144,2
57145,2
57146,2
57147,1
57148,1
57149,2
57150,0
57151,2
57152,0
57153,1
57154,2
57155,0
57156,1
57157,0
57158,0
57159,1
57160,2
57161,0
57162,1
57163,0
57164,0
57165,2
57166,1
57167,0
57168,2
57169,1
57170,2
57171,0
57172,2
57173,2
57174,0
57175,1
57176,0
57177,2
57178,0
57179,0
57180,1
57181,2
57182,0
57183,0
57184,1
57185,2
57186,2
57187,0
57188,2
57189,1
57190,2
57191,1
57192,0
57193,2
57194,0
57195,2
57196,2
57197,1
57198,2
57199,0
57200,2
57201,2
57202,0
57203,2
57204,2
57205,2
57206,2
57207,0
57208,1
57209,0
57210,2
57211,0
57212,0
57213,2
57214,2
57215,1
57216,0
57217,1
57218,1
57219,2
57220,2
57221,1
57222,2
57223,1
57224,1
57225,1
57226,0
57227,2
57228,1
57229,2
57230,2
57231,1
57232,0
57233,0
57234,1
57235,0
57236,1
57237,2
57238,2
57239,1
57240,2
57241,1
57242,0
57243,1
57244,1
57245,0
57246,1
57247,0
57248,1
57249,2
57250,1
57251,0
57252,2
57253,1
57254,0
57255,1
57256,2
57257,2
57258,2
57259,2
57260,0
57261,2
57262,0
57263,2
57264,2
57265,1
57266,0
57267,2
57268,1
57269,2
57270,0
57271,0
57272,1
57273,2
57274,2
57275,1
57276,2
57277,2
57278,0
57279,0
57280,0
57281,1
57282,1
57283,1
57284,0
57285,2
57286,2
57287,2
57288,1
57289,0
57290,1
57291,1
57292,1
57293,1
57294,0
57295,0
57296,2
57297,0
57298,2
57299,0
57300,2
57301,2
57302,0
57303,1
57304,1
57305,2
57306,2
57307,0
57308,0
57309,0
57310,0
57311,0
57312,0
57313,1
57314,0
57315,0
57316,1
57317,2
57318,0
57319,0
57320,0
57321,0
57322,1
57323,0
57324,0
57325,0
57326,0
57327,2
57328,0
57329,0
57330,1
57331,0
57332,2
57333,0
57334,1
57335,2
57336,0
57337,2
57338,2
57339,0
57340,2
57341,0
57342,2
57343,0
57344,0
57345,1
57346,2
57347,1
57348,2
57349,2
57350,0
57351,0
57352,0
57353,0
57354,1
57355,2
57356,2
57357,1
57358,0
57359,2
57360,2
57361,2
57362,1
57363,2
57364,0
57365,0
57366,1
57367,0
57368,1
57369,1
57370,1
57371,1
57372,0
57373,1
57374,0
57375,0
57376,2
57377,0
57378,2
57379,2
57380,1
57381,0
57382,2
57383,2
57384,0
57385,0
57386,2
57387,0
57388,2
57389,2
57390,1
57391,2
57392,1
57393,1
57394,2
57395,0
57396,2
57397,1
57398,0
57399,1
57400,2
57401,2
57402,1
57403,2
57404,1
57405,0
57406,2
57407,2
57408,2
57409,1
57410,0
57411,1
57412,2
57413,0
57414,2
57415,0
57416,1
57417,0
57418,1
57419,2
57420,1
57421,1
57422,0
57423,0
57424,1
57425,1
57426,1
57427,0
57428,1
57429,0
57430,0
57431,2
57432,0
57433,1
57434,1
57435,0
57436,1
57437,2
57438,2
57439,1
57440,2
57441,2
57442,2
57443,2
57444,0
57445,2
57446,2
57447,2
57448,2
57449,1
57450,1
57451,2
57452,0
57453,0
57454,0
57455,1
57456,1
57457,2
57458,2
57459,0
57460,0
57461,2
57462,2
57463,2
57464,0
57465,2
57466,2
57467,2
57468,0
57469,2
57470,0
57471,1
57472,0
57473,0
57474,1
57475,0
57476,2
57477,0
57478,2
57479,1
57480,2
57481,1
57482,2
57483,0
57484,2
57485,1
57486,0
57487,1
57488,1
57489,2
57490,2
57491,2
57492,2
57493,2
57494,0
57495,2
57496,2
57497,2
57498,0
57499,2
57500,0
57501,2
57502,0
57503,2
57504,0
57505,0
57506,0
57507,0
57508,0
57509,2
57510,0
57511,2
57512,1
57513,0
57514,2
57515,1
57516,2
57517,0
57518,2
57519,0
57520,2
57521,0
57522,2
57523,2
57524,2
57525,2
57526,2
57527,2
57528,2
57529,2
57530,0
57531,0
57532,0
57533,0
57534,1
57535,1
57536,1
57537,0
57538,1
57539,1
57540,1
57541,2
57542,2
57543,0
57544,2
57545,2
57546,1
57547,0
57548,2
57549,2
57550,2
57551,0
57552,2
57553,0
57554,1
57555,0
57556,0
57557,0
57558,2
57559,0
57560,2
57561,2
57562,0
57563,1
57564,2
57565,0
57566,0
57567,0
57568,0
57569,1
57570,0
57571,0
57572,1
57573,2
57574,1
57575,1
57576,1
57577,0
57578,0
57579,2
57580,0
57581,0
57582,1
57583,0
57584,0
57585,1
57586,2
57587,2
57588,0
57589,0
57590,2
57591,2
57592,1
57593,2
57594,2
57595,0
57596,0
57597,1
57598,2
57599,1
57600,2
57601,0
57602,2
57603,0
57604,2
57605,0
57606,2
57607,1
57608,0
57609,0
57610,0
57611,0
57612,0
57613,1
57614,1
57615,2
57616,2
57617,0
57618,0
57619,0
57620,0
57621,2
57622,2
57623,1
57624,2
57625,0
57626,2
57627,1
57628,0
57629,1
57630,2
57631,0
57632,2
57633,2
57634,1
57635,0
57636,0
57637,0
57638,0
57639,2
57640,2
57641,2
57642,0
57643,0
57644,2
57645,0
57646,2
57647,0
57648,2
57649,1
57650,0
57651,0
57652,2
57653,0
57654,0
57655,1
57656,1
57657,0
57658,1
57659,0
57660,1
57661,2
57662,1
57663,2
57664,2
57665,2
57666,0
57667,1
57668,0
57669,2
57670,0
57671,0
57672,1
57673,0
57674,0
57675,0
57676,1
57677,1
57678,0
57679,2
57680,2
57681,1
57682,2
57683,2
57684,0
57685,1
57686,2
57687,0
57688,2
57689,2
57690,2
57691,0
57692,0
57693,0
57694,2
57695,0
57696,0
57697,2
57698,1
57699,0
57700,1
57701,0
57702,2
57703,0
57704,0
57705,0
57706,2
57707,0
57708,2
57709,0
57710,0
57711,1
57712,0
57713,0
57714,2
57715,2
57716,1
57717,1
57718,0
57719,2
57720,0
57721,2
57722,0
57723,0
57724,1
57725,2
57726,2
57727,1
57728,1
57729,0
57730,2
57731,0
57732,0
57733,2
57734,2
57735,2
57736,1
57737,0
57738,0
57739,0
57740,1
57741,2
57742,2
57743,2
57744,2
57745,0
57746,1
57747,1
57748,2
57749,0
57750,0
57751,1
57752,2
57753,1
57754,2
57755,2
57756,2
57757,0
57758,0
57759,0
57760,1
57761,2
57762,1
57763,0
57764,0
57765,0
57766,1
57767,0
57768,2
57769,2
57770,2
57771,0
57772,0
57773,0
57774,0
57775,1
57776,0
57777,1
57778,2
57779,2
57780,0
57781,0
57782,0
57783,2
57784,1
57785,0
57786,0
57787,2
57788,0
57789,0
57790,0
57791,2
57792,0
57793,0
57794,2
57795,0
57796,2
57797,2
57798,0
57799,1
57800,2
57801,0
57802,1
57803,1
57804,2
57805,0
57806,0
57807,0
57808,1
57809,0
57810,2
57811,1
57812,2
57813,0
57814,0
57815,2
57816,1
57817,0
57818,0
57819,2
57820,0
57821,0
57822,2
57823,0
57824,2
57825,0
57826,2
57827,0
57828,1
57829,2
57830,2
57831,1
57832,0
57833,0
57834,2
57835,2
57836,2
57837,0
57838,2
57839,0
57840,2
57841,2
57842,2
57843,1
57844,0
57845,2
57846,2
57847,1
57848,2
57849,2
57850,0
57851,2
57852,0
57853,0
57854,0
57855,1
57856,0
57857,1
57858,2
57859,2
57860,0
57861,2
57862,0
57863,1
57864,1
57865,0
57866,2
57867,2
57868,0
57869,2
57870,2
57871,0
57872,0
57873,1
57874,2
57875,1
57876,0
57877,1
57878,2
57879,2
57880,1
57881,2
57882,2
57883,1
57884,2
57885,0
57886,1
57887,1
57888,1
57889,1
57890,1
57891,0
57892,0
57893,1
57894,2
57895,0
57896,0
57897,1
57898,2
57899,2
57900,0
57901,0
57902,2
57903,2
57904,2
57905,1
57906,2
57907,0
57908,0
57909,2
57910,2
57911,0
57912,1
57913,2
57914,2
57915,2
57916,2
57917,2
57918,1
57919,2
57920,1
57921,2
57922,0
57923,0
57924,1
57925,0
57926,1
57927,2
57928,2
57929,0
57930,1
57931,1
57932,1
57933,0
57934,0
57935,0
57936,0
57937,0
57938,0
57939,0
57940,1
57941,0
57942,1
57943,2
57944,0
57945,1
57946,2
57947,1
57948,1
57949,2
57950,1
57951,0
57952,2
57953,0
57954,0
57955,2
57956,2
57957,0
57958,2
57959,1
57960,0
57961,0
57962,1
57963,0
57964,2
57965,2
57966,0
57967,0
57968,2
57969,1
57970,2
57971,0
57972,1
57973,2
57974,0
57975,2
57976,2
57977,1
57978,0
57979,0
57980,0
57981,1
57982,1
57983,2
57984,2
57985,2
57986,0
57987,0
57988,1
57989,2
57990,0
57991,2
57992,2
57993,0
57994,0
57995,0
57996,0
57997,0
57998,2
57999,2
58000,2
58001,0
58002,1
58003,0
58004,0
58005,0
58006,2
58007,0
58008,2
58009,1
58010,0
58011,2
58012,0
58013,2
58014,0
58015,1
58016,1
58017,2
58018,0
58019,0
58020,2
58021,0
58022,2
58023,2
58024,0
58025,2
58026,0
58027,0
58028,0
58029,2
58030,0
58031,2
58032,0
58033,2
58034,0
58035,2
58036,2
58037,0
58038,2
58039,0
58040,2
58041,1
58042,0
58043,0
58044,2
58045,1
58046,0
58047,1
58048,1
58049,2
58050,2
58051,1
58052,0
58053,2
58054,2
58055,1
58056,0
58057,0
58058,2
58059,0
58060,1
58061,1
58062,1
58063,0
58064,1
58065,1
58066,2
58067,0
58068,2
58069,0
58070,0
58071,1
58072,0
58073,1
58074,0
58075,0
58076,0
58077,0
58078,1
58079,0
58080,2
58081,0
58082,0
58083,0
58084,0
58085,2
58086,2
58087,2
58088,0
58089,1
58090,2
58091,2
58092,0
58093,0
58094,0
58095,2
58096,2
58097,1
58098,0
58099,2
58100,0
58101,0
58102,1
58103,2
58104,0
58105,2
58106,0
58107,0
58108,0
58109,0
58110,2
58111,0
58112,1
58113,2
58114,2
58115,0
58116,0
58117,0
58118,2
58119,0
58120,2
58121,2
58122,0
58123,2
58124,0
58125,1
58126,0
58127,2
58128,0
58129,0
58130,0
58131,0
58132,0
58133,2
58134,0
58135,1
58136,0
58137,2
58138,2
58139,1
58140,2
58141,0
58142,0
58143,1
58144,2
58145,0
58146,2
58147,1
58148,1
58149,0
58150,0
58151,2
58152,2
58153,0
58154,0
58155,2
58156,0
58157,0
58158,2
58159,1
58160,2
58161,2
58162,1
58163,0
58164,2
58165,1
58166,2
58167,2
58168,2
58169,2
58170,0
58171,0
58172,2
58173,2
58174,2
58175,2
58176,1
58177,2
58178,2
58179,2
58180,1
58181,0
58182,2
58183,2
58184,2
58185,0
58186,1
58187,0
58188,0
58189,1
58190,2
58191,0
58192,0
58193,0
58194,0
58195,1
58196,1
58197,0
58198,2
58199,1
58200,1
58201,2
58202,0
58203,0
58204,0
58205,0
58206,2
58207,0
58208,0
58209,2
58210,2
58211,0
58212,0
58213,0
58214,2
58215,0
58216,0
58217,1
58218,1
58219,0
58220,0
58221,2
58222,1
58223,0
58224,1
58225,0
58226,0
58227,0
58228,2
58229,2
58230,1
58231,0
58232,2
58233,2
58234,1
58235,0
58236,2
58237,1
58238,0
58239,1
58240,0
58241,2
58242,0
58243,2
58244,2
58245,0
58246,0
58247,0
58248,2
58249,2
58250,0
58251,0
58252,0
58253,2
58254,2
58255,0
58256,0
58257,1
58258,1
58259,2
58260,1
58261,2
58262,2
58263,2
58264,1
58265,1
58266,0
58267,0
58268,0
58269,0
58270,1
58271,0
58272,0
58273,0
58274,2
58275,1
58276,2
58277,1
58278,0
58279,2
58280,2
58281,2
58282,1
58283,2
58284,2
58285,2
58286,0
58287,2
58288,2
58289,2
58290,2
58291,0
58292,2
58293,2
58294,0
58295,1
58296,2
58297,1
58298,2
58299,0
58300,1
58301,2
58302,2
58303,2
58304,2
58305,2
58306,0
58307,2
58308,2
58309,1
58310,2
58311,1
58312,2
58313,0
58314,1
58315,2
58316,1
58317,0
58318,0
58319,0
58320,1
58321,0
58322,0
58323,1
58324,2
58325,0
58326,1
58327,1
58328,1
58329,2
58330,0
58331,0
58332,2
58333,1
58334,0
58335,0
58336,0
58337,2
58338,2
58339,2
58340,2
58341,2
58342,2
58343,2
58344,2
58345,2
58346,0
58347,1
58348,2
58349,0
58350,1
58351,1
58352,0
58353,0
58354,0
58355,0
58356,0
58357,1
58358,2
58359,0
58360,1
58361,2
58362,0
58363,0
58364,0
58365,0
58366,0
58367,0
58368,0
58369,2
58370,0
58371,1
58372,1
58373,0
58374,2
58375,1
58376,0
58377,2
58378,1
58379,2
58380,0
58381,0
58382,1
58383,1
58384,0
58385,2
58386,1
58387,1
58388,0
58389,2
58390,2
58391,0
58392,0
58393,1
58394,2
58395,0
58396,0
58397,1
58398,0
58399,2
58400,2
58401,1
58402,0
58403,1
58404,2
58405,2
58406,2
58407,1
58408,0
58409,0
58410,2
58411,0
58412,2
58413,0
58414,0
58415,1
58416,2
58417,0
58418,0
58419,2
58420,2
58421,0
58422,2
58423,2
58424,1
58425,2
58426,2
58427,1
58428,1
58429,0
58430,1
58431,2
58432,2
58433,0
58434,2
58435,1
58436,2
58437,1
58438,1
58439,2
58440,2
58441,0
58442,2
58443,0
58444,0
58445,0
58446,1
58447,2
58448,2
58449,2
58450,2
58451,0
58452,2
58453,2
58454,1
58455,2
58456,0
58457,0
58458,0
58459,0
58460,1
58461,2
58462,2
58463,1
58464,0
58465,0
58466,2
58467,2
58468,0
58469,1
58470,1
58471,0
58472,0
58473,1
58474,2
58475,0
58476,2
58477,0
58478,2
58479,1
58480,1
58481,0
58482,0
58483,2
58484,0
58485,2
58486,2
58487,0
58488,1
58489,0
58490,0
58491,0
58492,2
58493,0
58494,2
58495,2
58496,0
58497,1
58498,0
58499,2
58500,0
58501,2
58502,2
58503,0
58504,2
58505,2
58506,2
58507,0
58508,0
58509,2
58510,1
58511,1
58512,0
58513,0
58514,0
58515,2
58516,0
58517,1
58518,0
58519,2
58520,0
58521,0
58522,2
58523,0
58524,0
58525,2
58526,0
58527,2
58528,0
58529,1
58530,2
58531,1
58532,0
58533,1
58534,2
58535,2
58536,0
58537,0
58538,0
58539,1
58540,1
58541,0
58542,0
58543,2
58544,0
58545,1
58546,1
58547,2
58548,2
58549,2
58550,2
58551,0
58552,0
58553,0
58554,0
58555,0
58556,2
58557,1
58558,2
58559,2
58560,2
58561,1
58562,0
58563,1
58564,1
58565,2
58566,0
58567,1
58568,1
58569,0
58570,2
58571,0
58572,0
58573,2
58574,0
58575,1
58576,1
58577,0
58578,1
58579,0
58580,2
58581,1
58582,0
58583,0
58584,1
58585,2
58586,0
58587,1
58588,0
58589,0
58590,2
58591,2
58592,2
58593,2
58594,2
58595,2
58596,2
58597,1
58598,0
58599,1
58600,2
58601,0
58602,1
58603,2
58604,0
58605,1
58606,1
58607,2
58608,2
58609,0
58610,1
58611,0
58612,2
58613,2
58614,0
58615,0
58616,2
58617,0
58618,0
58619,2
58620,2
58621,0
58622,1
58623,1
58624,2
58625,2
58626,2
58627,1
58628,2
58629,0
58630,1
58631,2
58632,0
58633,2
58634,1
58635,0
58636,0
58637,0
58638,1
58639,2
58640,1
58641,2
58642,0
58643,0
58644,0
58645,2
58646,2
58647,2
58648,2
58649,0
58650,1
58651,0
58652,1
58653,2
58654,2
58655,0
58656,0
58657,2
58658,2
58659,0
58660,0
58661,2
58662,1
58663,2
58664,0
58665,1
58666,2
58667,0
58668,0
58669,1
58670,2
58671,1
58672,1
58673,0
58674,0
58675,2
58676,2
58677,0
58678,2
58679,2
58680,1
58681,2
58682,2
58683,2
58684,0
58685,2
58686,2
58687,2
58688,0
58689,2
58690,0
58691,0
58692,0
58693,1
58694,2
58695,1
58696,2
58697,1
58698,2
58699,0
58700,0
58701,0
58702,2
58703,1
58704,0
58705,0
58706,0
58707,0
58708,2
58709,2
58710,2
58711,2
58712,0
58713,2
58714,2
58715,2
58716,1
58717,2
58718,2
58719,0
58720,0
58721,1
58722,1
58723,2
58724,0
58725,2
58726,2
58727,1
58728,2
58729,2
58730,0
58731,0
58732,2
58733,1
58734,0
58735,2
58736,0
58737,0
58738,2
58739,2
58740,2
58741,0
58742,2
58743,2
58744,0
58745,0
58746,0
58747,1
58748,1
58749,0
58750,2
58751,2
58752,2
58753,0
58754,2
58755,2
58756,0
58757,0
58758,2
58759,1
58760,0
58761,1
58762,0
58763,2
58764,0
58765,0
58766,0
58767,2
58768,0
58769,2
58770,0
58771,1
58772,0
58773,0
58774,2
58775,2
58776,0
58777,0
58778,1
58779,1
58780,0
58781,0
58782,2
58783,0
58784,1
58785,0
58786,2
58787,0
58788,2
58789,0
58790,2
58791,1
58792,2
58793,0
58794,0
58795,0
58796,2
58797,1
58798,2
58799,0
58800,0
58801,0
58802,2
58803,2
58804,0
58805,0
58806,0
58807,2
58808,2
58809,2
58810,1
58811,0
58812,2
58813,2
58814,0
58815,2
58816,2
58817,1
58818,2
58819,2
58820,2
58821,0
58822,0
58823,2
58824,2
58825,0
58826,2
58827,1
58828,0
58829,2
58830,0
58831,2
58832,2
58833,1
58834,0
58835,2
58836,0
58837,2
58838,0
58839,2
58840,2
58841,1
58842,1
58843,0
58844,2
58845,2
58846,1
58847,1
58848,0
58849,2
58850,0
58851,2
58852,2
58853,0
58854,2
58855,0
58856,1
58857,2
58858,1
58859,0
58860,2
58861,0
58862,2
58863,0
58864,1
58865,0
58866,2
58867,1
58868,0
58869,1
58870,0
58871,1
58872,2
58873,1
58874,1
58875,1
58876,2
58877,2
58878,2
58879,1
58880,1
58881,2
58882,0
58883,1
58884,2
58885,0
58886,0
58887,1
58888,2
58889,1
58890,0
58891,1
58892,1
58893,2
58894,2
58895,2
58896,1
58897,2
58898,1
58899,1
58900,2
58901,2
58902,2
58903,1
58904,0
58905,1
58906,0
58907,0
58908,1
58909,1
58910,0
58911,2
58912,1
58913,2
58914,2
58915,2
58916,1
58917,0
58918,0
58919,2
58920,0
58921,0
58922,0
58923,2
58924,1
58925,0
58926,0
58927,2
58928,0
58929,0
58930,0
58931,0
58932,0
58933,0
58934,2
58935,0
58936,2
58937,0
58938,2
58939,2
58940,2
58941,1
58942,1
58943,2
58944,2
58945,2
58946,1
58947,2
58948,2
58949,2
58950,1
58951,2
58952,1
58953,2
58954,2
58955,2
58956,1
58957,2
58958,2
58959,2
58960,0
58961,2
58962,0
58963,2
58964,0
58965,0
58966,1
58967,1
58968,0
58969,2
58970,0
58971,2
58972,1
58973,2
58974,2
58975,1
58976,2
58977,0
58978,0
58979,1
58980,1
58981,2
58982,2
58983,0
58984,1
58985,2
58986,2
58987,0
58988,2
58989,1
58990,0
58991,0
58992,1
58993,1
58994,2
58995,1
58996,0
58997,0
58998,2
58999,1
59000,2
59001,2
59002,0
59003,2
59004,2
59005,2
59006,0
59007,0
59008,0
59009,0
59010,0
59011,2
59012,0
59013,0
59014,0
59015,2
59016,1
59017,2
59018,2
59019,2
59020,2
59021,1
59022,0
59023,2
59024,0
59025,2
59026,1
59027,2
59028,1
59029,0
59030,2
59031,1
59032,2
59033,0
59034,0
59035,1
59036,2
59037,1
59038,2
59039,0
59040,0
59041,2
59042,0
59043,1
59044,2
59045,2
59046,1
59047,0
59048,0
59049,2
59050,0
59051,0
59052,1
59053,0
59054,2
59055,1
59056,2
59057,0
59058,0
59059,2
59060,0
59061,0
59062,1
59063,2
59064,1
59065,1
59066,2
59067,1
59068,2
59069,2
59070,0
59071,0
59072,0
59073,0
59074,0
59075,0
59076,0
59077,0
59078,1
59079,1
59080,1
59081,0
59082,0
59083,2
59084,0
59085,0
59086,2
59087,1
59088,2
59089,0
59090,2
59091,0
59092,2
59093,1
59094,0
59095,0
59096,1
59097,0
59098,1
59099,2
59100,0
59101,2
59102,2
59103,1
59104,2
59105,0
59106,0
59107,1
59108,2
59109,2
59110,0
59111,0
59112,2
59113,0
59114,0
59115,1
59116,2
59117,2
59118,2
59119,0
59120,1
59121,1
59122,0
59123,0
59124,2
59125,0
59126,1
59127,1
59128,2
59129,2
59130,0
59131,0
59132,2
59133,0
59134,1
59135,2
59136,1
59137,0
59138,2
59139,0
59140,1
59141,1
59142,1
59143,2
59144,0
59145,0
59146,1
59147,0
59148,2
59149,0
59150,0
59151,0
59152,1
59153,0
59154,0
59155,1
59156,0
59157,0
59158,2
59159,1
59160,2
59161,0
59162,1
59163,2
59164,1
59165,1
59166,0
59167,2
59168,0
59169,2
59170,1
59171,0
59172,1
59173,1
59174,1
59175,2
59176,1
59177,0
59178,1
59179,0
59180,0
59181,2
59182,2
59183,0
59184,2
59185,2
59186,0
59187,1
59188,2
59189,0
59190,1
59191,2
59192,0
59193,2
59194,1
59195,2
59196,2
59197,1
59198,2
59199,2
59200,1
59201,2
59202,1
59203,2
59204,0
59205,0
59206,0
59207,1
59208,0
59209,1
59210,0
59211,2
59212,2
59213,1
59214,0
59215,2
59216,0
59217,0
59218,0
59219,1
59220,0
59221,2
59222,2
59223,0
59224,0
59225,0
59226,1
59227,2
59228,0
59229,2
59230,2
59231,0
59232,0
59233,2
59234,2
59235,2
59236,0
59237,0
59238,0
59239,2
59240,1
59241,2
59242,0
59243,2
59244,0
59245,2
59246,2
59247,2
59248,1
59249,2
59250,1
59251,0
59252,0
59253,1
59254,0
59255,0
59256,0
59257,2
59258,2
59259,2
59260,1
59261,1
59262,0
59263,0
59264,0
59265,0
59266,1
59267,2
59268,2
59269,1
59270,0
59271,2
59272,0
59273,2
59274,2
59275,2
59276,0
59277,2
59278,0
59279,1
59280,1
59281,2
59282,2
59283,1
59284,0
59285,1
59286,2
59287,2
59288,2
59289,2
59290,0
59291,0
59292,0
59293,2
59294,0
59295,1
59296,0
59297,2
59298,0
59299,0
59300,1
59301,2
59302,0
59303,2
59304,0
59305,2
59306,2
59307,1
59308,0
59309,0
59310,2
59311,1
59312,0
59313,2
59314,2
59315,0
59316,2
59317,1
59318,0
59319,0
59320,0
59321,0
59322,0
59323,2
59324,2
59325,1
59326,2
59327,1
59328,0
59329,2
59330,2
59331,2
59332,0
59333,2
59334,2
59335,2
59336,1
59337,0
59338,0
59339,0
59340,0
59341,2
59342,0
59343,1
59344,0
59345,1
59346,0
59347,1
59348,2
59349,0
59350,0
59351,0
59352,0
59353,0
59354,2
59355,2
59356,2
59357,2
59358,2
59359,0
59360,0
59361,0
59362,0
59363,2
59364,0
59365,2
59366,2
59367,0
59368,0
59369,0
59370,0
59371,0
59372,2
59373,0
59374,0
59375,1
59376,2
59377,2
59378,0
59379,0
59380,1
59381,0
59382,0
59383,1
59384,0
59385,2
59386,2
59387,2
59388,2
59389,2
59390,2
59391,2
59392,2
59393,2
59394,0
59395,0
59396,1
59397,0
59398,1
59399,0
59400,2
59401,2
59402,1
59403,2
59404,2
59405,2
59406,1
59407,2
59408,2
59409,2
59410,0
59411,0
59412,1
59413,2
59414,0
59415,2
59416,2
59417,0
59418,1
59419,2
59420,2
59421,0
59422,2
59423,2
59424,0
59425,2
59426,1
59427,0
59428,0
59429,2
59430,1
59431,1
59432,0
59433,1
59434,0
59435,0
59436,1
59437,1
59438,0
59439,0
59440,1
59441,2
59442,1
59443,2
59444,2
59445,1
59446,0
59447,2
59448,1
59449,0
59450,1
59451,1
59452,2
59453,2
59454,2
59455,2
59456,2
59457,1
59458,1
59459,1
59460,2
59461,2
59462,2
59463,2
59464,0
59465,0
59466,2
59467,2
59468,1
59469,0
59470,1
59471,1
59472,0
59473,2
59474,0
59475,2
59476,0
59477,1
59478,1
59479,2
59480,2
59481,1
59482,2
59483,2
59484,0
59485,2
59486,0
59487,0
59488,2
59489,0
59490,0
59491,1
59492,2
59493,0
59494,0
59495,0
59496,0
59497,0
59498,2
59499,0
59500,0
59501,2
59502,2
59503,1
59504,0
59505,1
59506,2
59507,0
59508,2
59509,1
59510,1
59511,1
59512,1
59513,0
59514,0
59515,0
59516,0
59517,2
59518,0
59519,1
59520,2
59521,2
59522,0
59523,1
59524,2
59525,2
59526,2
59527,2
59528,0
59529,0
59530,0
59531,0
59532,0
59533,0
59534,0
59535,1
59536,2
59537,2
59538,2
59539,2
59540,0
59541,0
59542,1
59543,0
59544,2
59545,0
59546,2
59547,1
59548,2
59549,0
59550,0
59551,0
59552,2
59553,0
59554,2
59555,2
59556,0
59557,2
59558,2
59559,2
59560,2
59561,1
59562,2
59563,1
59564,0
59565,0
59566,2
59567,1
59568,1
59569,0
59570,0
59571,0
59572,1
59573,0
59574,0
59575,1
59576,2
59577,0
59578,2
59579,0
59580,1
59581,0
59582,1
59583,1
59584,2
59585,0
59586,1
59587,1
59588,1
59589,0
59590,0
59591,0
59592,1
59593,2
59594,2
59595,2
59596,2
59597,1
59598,2
59599,0
59600,1
59601,1
59602,2
59603,2
59604,2
59605,0
59606,2
59607,1
59608,0
59609,1
59610,1
59611,0
59612,0
59613,2
59614,2
59615,2
59616,1
59617,0
59618,2
59619,2
59620,0
59621,1
59622,0
59623,1
59624,2
59625,2
59626,0
59627,2
59628,2
59629,2
59630,1
59631,1
59632,0
59633,1
59634,2
59635,2
59636,0
59637,2
59638,2
59639,0
59640,0
59641,2
59642,0
59643,0
59644,0
59645,1
59646,0
59647,0
59648,0
59649,0
59650,2
59651,2
59652,2
59653,1
59654,2
59655,0
59656,1
59657,0
59658,1
59659,2
59660,2
59661,0
59662,2
59663,2
59664,2
59665,2
59666,1
59667,0
59668,0
59669,2
59670,0
59671,0
59672,0
59673,1
59674,1
59675,0
59676,1
59677,1
59678,2
59679,2
59680,1
59681,1
59682,2
59683,0
59684,0
59685,2
59686,2
59687,0
59688,2
59689,1
59690,0
59691,2
59692,0
59693,0
59694,0
59695,0
59696,1
59697,2
59698,1
59699,1
59700,2
59701,2
59702,0
59703,0
59704,0
59705,1
59706,1
59707,0
59708,2
59709,1
59710,2
59711,2
59712,2
59713,0
59714,0
59715,2
59716,0
59717,0
59718,2
59719,1
59720,1
59721,1
59722,0
59723,1
59724,1
59725,1
59726,2
59727,2
59728,1
59729,0
59730,2
59731,2
59732,0
59733,0
59734,0
59735,0
59736,1
59737,1
59738,1
59739,1
59740,1
59741,2
59742,0
59743,0
59744,2
59745,2
59746,2
59747,0
59748,0
59749,0
59750,0
59751,1
59752,1
59753,0
59754,0
59755,0
59756,0
59757,2
59758,2
59759,0
59760,2
59761,2
59762,1
59763,0
59764,0
59765,0
59766,2
59767,0
59768,0
59769,0
59770,0
59771,1
59772,1
59773,0
59774,2
59775,2
59776,2
59777,1
59778,2
59779,1
59780,1
59781,2
59782,0
59783,2
59784,0
59785,1
59786,0
59787,0
59788,1
59789,0
59790,2
59791,2
59792,2
59793,0
59794,0
59795,1
59796,2
59797,0
59798,0
59799,2
59800,2
59801,0
59802,0
59803,2
59804,1
59805,2
59806,1
59807,2
59808,2
59809,1
59810,0
59811,0
59812,0
59813,2
59814,0
59815,0
59816,1
59817,0
59818,2
59819,2
59820,0
59821,0
59822,0
59823,2
59824,2
59825,1
59826,2
59827,1
59828,0
59829,0
59830,0
59831,0
59832,2
59833,2
59834,1
59835,1
59836,1
59837,0
59838,0
59839,1
59840,2
59841,1
59842,0
59843,0
59844,1
59845,2
59846,1
59847,2
59848,1
59849,0
59850,2
59851,1
59852,1
59853,0
59854,0
59855,0
59856,1
59857,2
59858,1
59859,0
59860,2
59861,2
59862,0
59863,2
59864,2
59865,2
59866,2
59867,1
59868,0
59869,0
59870,0
59871,2
59872,2
59873,2
59874,1
59875,1
59876,1
59877,2
59878,2
59879,1
59880,1
59881,1
59882,0
59883,0
59884,2
59885,0
59886,0
59887,0
59888,0
59889,2
59890,1
59891,2
59892,0
59893,2
59894,0
59895,2
59896,2
59897,0
59898,1
59899,2
59900,2
59901,1
59902,2
59903,2
59904,1
59905,2
59906,0
59907,1
59908,1
59909,1
59910,0
59911,0
59912,0
59913,2
59914,2
59915,0
59916,2
59917,1
59918,2
59919,0
59920,0
59921,0
59922,2
59923,0
59924,0
59925,0
59926,0
59927,0
59928,1
59929,1
59930,2
59931,0
59932,2
59933,2
59934,1
59935,2
59936,0
59937,2
59938,2
59939,2
59940,2
59941,0
59942,0
59943,0
59944,0
59945,2
59946,0
59947,0
59948,0
59949,1
59950,0
59951,2
59952,1
59953,2
59954,2
59955,2
59956,2
59957,1
59958,0
59959,1
59960,0
59961,2
59962,2
59963,2
59964,2
59965,0
59966,2
59967,0
59968,0
59969,2
59970,2
59971,0
59972,2
59973,2
59974,2
59975,2
59976,2
59977,0
59978,2
59979,0
59980,0
59981,2
59982,2
59983,0
59984,0
59985,2
59986,0
59987,2
59988,1
59989,1
59990,1
59991,0
59992,0
59993,2
59994,1
59995,2
59996,2
59997,0
59998,2
59999,0
60000,2
60001,1
60002,2
60003,2
60004,1
60005,0
60006,1
60007,1
60008,0
60009,1
60010,2
60011,0
60012,2
60013,0
60014,2
60015,1
60016,2
60017,1
60018,1
60019,0
60020,2
60021,0
60022,2
60023,0
60024,0
60025,0
60026,0
60027,2
60028,2
60029,0
60030,0
60031,2
60032,0
60033,1
60034,0
60035,2
60036,2
60037,0
60038,0
60039,0
60040,0
60041,0
60042,1
60043,1
60044,0
60045,0
60046,2
60047,0
60048,2
60049,1
60050,1
60051,2
60052,2
60053,2
60054,2
60055,0
60056,1
60057,0
60058,0
60059,1
60060,0
60061,2
60062,0
60063,0
60064,2
60065,1
60066,2
60067,2
60068,0
60069,0
60070,0
60071,2
60072,1
60073,0
60074,1
60075,2
60076,1
60077,2
60078,1
60079,2
60080,1
60081,0
60082,2
60083,2
60084,0
60085,0
60086,1
60087,2
60088,2
60089,0
60090,1
60091,0
60092,0
60093,2
60094,0
60095,0
60096,0
60097,0
60098,2
60099,2
60100,2
60101,2
60102,0
60103,2
60104,0
60105,0
60106,2
60107,0
60108,0
60109,1
60110,2
60111,0
60112,0
60113,0
60114,0
60115,2
60116,1
60117,1
60118,1
60119,2
60120,2
60121,2
60122,0
60123,2
60124,1
60125,2
60126,1
60127,0
60128,1
60129,0
60130,1
60131,2
60132,0
60133,2
60134,2
60135,0
60136,2
60137,2
60138,1
60139,2
60140,0
60141,0
60142,1
60143,0
60144,0
60145,0
60146,2
60147,2
60148,1
60149,2
60150,2
60151,1
60152,2
60153,2
60154,2
60155,0
60156,1
60157,0
60158,2
60159,2
60160,2
60161,2
60162,0
60163,2
60164,2
60165,2
60166,1
60167,2
60168,1
60169,2
60170,0
60171,1
60172,1
60173,2
60174,0
60175,0
60176,1
60177,2
60178,2
60179,2
60180,0
60181,1
60182,1
60183,1
60184,1
60185,2
60186,1
60187,2
60188,0
60189,0
60190,0
60191,0
60192,2
60193,1
60194,2
60195,2
60196,2
60197,2
60198,0
60199,1
60200,0
60201,2
60202,0
60203,1
60204,0
60205,0
60206,2
60207,2
60208,0
60209,2
60210,2
60211,2
60212,0
60213,0
60214,0
60215,2
60216,2
60217,0
60218,0
60219,2
60220,1
60221,0
60222,0
60223,1
60224,0
60225,2
60226,2
60227,0
60228,0
60229,1
60230,0
60231,1
60232,1
60233,2
60234,2
60235,1
60236,1
60237,2
60238,2
60239,2
60240,0
60241,0
60242,1
60243,0
60244,2
60245,1
60246,2
60247,0
60248,0
60249,0
60250,1
60251,1
60252,1
60253,0
60254,0
60255,1
60256,2
60257,0
60258,0
60259,1
60260,2
60261,0
60262,0
60263,1
60264,0
60265,0
60266,1
60267,0
60268,1
60269,2
60270,2
60271,2
60272,0
60273,0
60274,2
60275,1
60276,1
60277,1
60278,2
60279,1
60280,2
60281,0
60282,2
60283,1
60284,2
60285,1
60286,2
60287,0
60288,0
60289,0
60290,0
60291,0
60292,2
60293,0
60294,0
60295,0
60296,0
60297,1
60298,0
60299,0
60300,2
60301,0
60302,1
60303,2
60304,2
60305,0
60306,1
60307,2
60308,0
60309,2
60310,2
60311,1
60312,0
60313,0
60314,1
60315,0
60316,0
60317,0
60318,1
60319,2
60320,1
60321,0
60322,0
60323,2
60324,2
60325,0
60326,1
60327,1
60328,0
60329,0
60330,2
60331,0
60332,2
60333,1
60334,2
60335,2
60336,2
60337,2
60338,0
60339,1
60340,1
60341,2
60342,2
60343,1
60344,2
60345,0
60346,0
60347,0
60348,1
60349,1
60350,0
60351,2
60352,2
60353,0
60354,2
60355,1
60356,2
60357,2
60358,0
60359,1
60360,0
60361,2
60362,1
60363,0
60364,0
60365,2
60366,1
60367,2
60368,2
60369,0
60370,0
60371,0
60372,2
60373,1
60374,2
60375,0
60376,0
60377,1
60378,1
60379,0
60380,2
60381,2
60382,1
60383,0
60384,0
60385,2
60386,0
60387,2
60388,1
60389,2
60390,2
60391,2
60392,0
60393,2
60394,2
60395,1
60396,2
60397,1
60398,0
60399,0
60400,2
60401,1
60402,1
60403,0
60404,2
60405,1
60406,2
60407,1
60408,0
60409,1
60410,2
60411,2
60412,0
60413,0
60414,2
60415,0
60416,1
60417,0
60418,2
60419,2
60420,0
60421,1
60422,2
60423,1
60424,2
60425,2
60426,2
60427,1
60428,1
60429,2
60430,1
60431,2
60432,0
60433,0
60434,0
60435,0
60436,1
60437,1
60438,2
60439,2
60440,0
60441,1
60442,0
60443,0
60444,2
60445,1
60446,0
60447,0
60448,2
60449,0
60450,1
60451,0
60452,2
60453,2
60454,0
60455,1
60456,1
60457,0
60458,0
60459,0
60460,0
60461,0
60462,2
60463,0
60464,0
60465,0
60466,1
60467,0
60468,0
60469,1
60470,2
60471,2
60472,0
60473,2
60474,0
60475,0
60476,0
60477,0
60478,2
60479,0
60480,2
60481,2
60482,0
60483,0
60484,2
60485,2
60486,2
60487,0
60488,0
60489,0
60490,0
60491,1
60492,2
60493,0
60494,2
60495,0
60496,0
60497,2
60498,1
60499,2
60500,2
60501,1
60502,2
60503,0
60504,0
60505,0
60506,0
60507,2
60508,1
60509,0
60510,2
60511,1
60512,0
60513,1
60514,1
60515,1
60516,1
60517,1
60518,1
60519,0
60520,1
60521,1
60522,1
60523,2
60524,1
60525,2
60526,0
60527,1
60528,2
60529,0
60530,1
60531,1
60532,0
60533,1
60534,0
60535,1
60536,1
60537,0
60538,0
60539,1
60540,1
60541,0
60542,2
60543,2
60544,2
60545,2
60546,0
60547,2
60548,1
60549,2
60550,2
60551,2
60552,0
60553,0
60554,0
60555,0
60556,2
60557,0
60558,0
60559,2
60560,0
60561,2
60562,1
60563,0
60564,0
60565,0
60566,0
60567,0
60568,1
60569,2
60570,0
60571,0
60572,1
60573,0
60574,0
60575,1
60576,1
60577,0
60578,2
60579,0
60580,2
60581,0
60582,2
60583,0
60584,2
60585,1
60586,1
60587,0
60588,0
60589,0
60590,2
60591,0
60592,1
60593,2
60594,0
60595,0
60596,2
60597,0
60598,2
60599,0
60600,0
60601,1
60602,1
60603,1
60604,0
60605,2
60606,0
60607,2
60608,2
60609,0
60610,2
60611,1
60612,1
60613,2
60614,1
60615,0
60616,1
60617,2
60618,2
60619,0
60620,0
60621,2
60622,0
60623,2
60624,2
60625,2
60626,1
60627,0
60628,2
60629,0
60630,0
60631,2
60632,2
60633,2
60634,1
60635,0
60636,0
60637,1
60638,0
60639,0
60640,2
60641,1
60642,1
60643,2
60644,0
60645,2
60646,2
60647,1
60648,1
60649,0
60650,1
60651,1
60652,0
60653,2
60654,1
60655,1
60656,1
60657,1
60658,1
60659,0
60660,2
60661,1
60662,2
60663,1
60664,2
60665,1
60666,2
60667,0
60668,0
60669,0
60670,2
60671,1
60672,2
60673,2
60674,2
60675,2
60676,0
60677,0
60678,1
60679,2
60680,0
60681,1
60682,0
60683,2
60684,2
60685,0
60686,0
60687,1
60688,2
60689,0
60690,2
60691,0
60692,1
60693,2
60694,0
60695,1
60696,2
60697,0
60698,2
60699,0
60700,0
60701,2
60702,0
60703,2
60704,0
60705,1
60706,0
60707,1
60708,0
60709,2
60710,0
60711,1
60712,2
60713,2
60714,0
60715,0
60716,2
60717,1
60718,1
60719,2
60720,1
60721,2
60722,1
60723,1
60724,1
60725,2
60726,2
60727,1
60728,0
60729,1
60730,0
60731,1
60732,2
60733,1
60734,0
60735,0
60736,2
60737,0
60738,0
60739,0
60740,0
60741,0
60742,1
60743,1
60744,0
60745,2
60746,0
60747,1
60748,1
60749,0
60750,2
60751,0
60752,2
60753,2
60754,2
60755,0
60756,1
60757,0
60758,2
60759,2
60760,1
60761,2
60762,2
60763,2
60764,0
60765,0
60766,2
60767,1
60768,0
60769,2
60770,1
60771,1
60772,0
60773,0
60774,0
60775,0
60776,1
60777,2
60778,1
60779,0
60780,2
60781,0
60782,1
60783,2
60784,2
60785,2
60786,0
60787,1
60788,1
60789,1
60790,1
60791,2
60792,0
60793,2
60794,2
60795,2
60796,2
60797,0
60798,0
60799,2
60800,0
60801,0
60802,1
60803,2
60804,0
60805,2
60806,0
60807,0
60808,0
60809,2
60810,1
60811,0
60812,1
60813,1
60814,0
60815,2
60816,0
60817,2
60818,2
60819,0
60820,2
60821,0
60822,1
60823,2
60824,0
60825,0
60826,1
60827,0
60828,0
60829,0
60830,0
60831,2
60832,2
60833,2
60834,1
60835,0
60836,1
60837,0
60838,2
60839,0
60840,0
60841,0
60842,2
60843,0
60844,2
60845,2
60846,2
60847,2
60848,2
60849,2
60850,2
60851,0
60852,2
60853,2
60854,1
60855,2
60856,2
60857,0
60858,0
60859,1
60860,2
60861,2
60862,1
60863,2
60864,0
60865,0
60866,2
60867,1
60868,0
60869,0
60870,0
60871,1
60872,2
60873,2
60874,0
60875,0
60876,2
60877,2
60878,2
60879,1
60880,2
60881,2
60882,0
60883,2
60884,2
60885,0
60886,0
60887,0
60888,1
60889,1
60890,0
60891,2
60892,1
60893,2
60894,2
60895,2
60896,2
60897,0
60898,0
60899,0
60900,2
60901,2
60902,1
60903,1
60904,1
60905,2
60906,1
60907,0
60908,0
60909,1
60910,1
60911,2
60912,0
60913,1
60914,2
60915,2
60916,0
60917,0
60918,2
60919,0
60920,2
60921,0
60922,2
60923,2
60924,2
60925,1
60926,0
60927,0
60928,2
60929,1
60930,0
60931,2
60932,2
60933,0
60934,0
60935,2
60936,1
60937,0
60938,2
60939,0
60940,2
60941,0
60942,1
60943,0
60944,0
60945,1
60946,0
60947,1
60948,1
60949,1
60950,1
60951,1
60952,2
60953,1
60954,2
60955,2
60956,1
60957,2
60958,0
60959,0
60960,2
60961,1
60962,1
60963,2
60964,0
60965,1
60966,2
60967,2
60968,1
60969,0
60970,0
60971,0
60972,0
60973,2
60974,0
60975,0
60976,0
60977,2
60978,0
60979,0
60980,2
60981,2
60982,0
60983,2
60984,2
60985,2
60986,0
60987,0
60988,0
60989,2
60990,2
60991,2
60992,2
60993,2
60994,0
60995,0
60996,1
60997,1
60998,2
60999,2
61000,0
61001,0
61002,2
61003,0
61004,0
61005,0
61006,2
61007,0
61008,0
61009,0
61010,0
61011,1
61012,2
61013,1
61014,1
61015,1
61016,0
61017,1
61018,0
61019,1
61020,2
61021,2
61022,0
61023,0
61024,2
61025,0
61026,0
61027,1
61028,1
61029,2
61030,0
61031,0
61032,1
61033,0
61034,1
61035,0
61036,1
61037,1
61038,1
61039,2
61040,1
61041,1
61042,1
61043,2
61044,0
61045,0
61046,2
61047,0
61048,0
61049,0
61050,0
61051,2
61052,1
61053,2
61054,1
61055,0
61056,1
61057,0
61058,1
61059,0
61060,2
61061,2
61062,1
61063,2
61064,1
61065,2
61066,1
61067,2
61068,0
61069,1
61070,2
61071,1
61072,1
61073,2
61074,0
61075,2
61076,2
61077,1
61078,0
61079,0
61080,0
61081,2
61082,1
61083,2
61084,0
61085,0
61086,2
61087,0
61088,0
61089,2
61090,1
61091,2
61092,1
61093,0
61094,0
61095,2
61096,0
61097,2
61098,2
61099,1
61100,2
61101,2
61102,0
61103,2
61104,1
61105,2
61106,0
61107,1
61108,2
61109,2
61110,0
61111,0
61112,2
61113,1
61114,2
61115,0
61116,0
61117,0
61118,0
61119,2
61120,1
61121,0
61122,2
61123,2
61124,2
61125,2
61126,0
61127,2
61128,0
61129,2
61130,0
61131,2
61132,0
61133,0
61134,0
61135,0
61136,2
61137,2
61138,0
61139,2
61140,2
61141,1
61142,2
61143,1
61144,0
61145,2
61146,0
61147,2
61148,0
61149,0
61150,2
61151,1
61152,0
61153,0
61154,0
61155,1
61156,2
61157,2
61158,0
61159,2
61160,2
61161,0
61162,0
61163,2
61164,2
61165,0
61166,2
61167,2
61168,1
61169,1
61170,2
61171,2
61172,2
61173,0
61174,0
61175,1
61176,2
61177,1
61178,0
61179,1
61180,0
61181,0
61182,2
61183,0
61184,1
61185,2
61186,2
61187,0
61188,2
61189,0
61190,0
61191,0
61192,1
61193,2
61194,0
61195,2
61196,2
61197,1
61198,1
61199,1
61200,0
61201,0
61202,0
61203,2
61204,0
61205,0
61206,0
61207,2
61208,2
61209,2
61210,1
61211,2
61212,1
61213,0
61214,0
61215,2
61216,2
61217,0
61218,2
61219,2
61220,1
61221,0
61222,2
61223,0
61224,0
61225,2
61226,1
61227,2
61228,0
61229,0
61230,1
61231,0
61232,0
61233,2
61234,0
61235,1
61236,2
61237,2
61238,1
61239,1
61240,2
61241,2
61242,1
61243,1
61244,1
61245,0
61246,2
61247,1
61248,1
61249,0
61250,0
61251,2
61252,2
61253,2
61254,2
61255,2
61256,0
61257,1
61258,0
61259,1
61260,1
61261,1
61262,2
61263,2
61264,2
61265,0
61266,2
61267,1
61268,0
61269,1
61270,0
61271,1
61272,2
61273,2
61274,0
61275,0
61276,1
61277,0
61278,0
61279,2
61280,1
61281,2
61282,0
61283,2
61284,0
61285,1
61286,2
61287,0
61288,0
61289,1
61290,1
61291,2
61292,1
61293,1
61294,0
61295,1
61296,0
61297,0
61298,0
61299,2
61300,0
61301,1
61302,2
61303,1
61304,0
61305,1
61306,1
61307,0
61308,0
61309,2
61310,0
61311,1
61312,0
61313,2
61314,1
61315,2
61316,1
61317,2
61318,0
61319,1
61320,1
61321,2
61322,1
61323,2
61324,0
61325,2
61326,1
61327,2
61328,1
61329,0
61330,1
61331,0
61332,0
61333,0
61334,0
61335,0
61336,0
61337,2
61338,1
61339,0
61340,2
61341,1
61342,2
61343,1
61344,1
61345,1
61346,1
61347,1
61348,2
61349,1
61350,2
61351,1
61352,1
61353,1
61354,0
61355,0
61356,1
61357,0
61358,2
61359,2
61360,0
61361,1
61362,0
61363,0
61364,0
61365,2
61366,0
61367,0
61368,2
61369,1
61370,2
61371,2
61372,0
61373,2
61374,0
61375,1
61376,1
61377,2
61378,0
61379,0
61380,2
61381,0
61382,1
61383,2
61384,0
61385,2
61386,2
61387,1
61388,0
61389,2
61390,0
61391,2
61392,0
61393,0
61394,0
61395,2
61396,0
61397,2
61398,0
61399,2
61400,1
61401,2
61402,0
61403,0
61404,1
61405,1
61406,0
61407,0
61408,2
61409,2
61410,2
61411,0
61412,0
61413,2
61414,2
61415,2
61416,2
61417,0
61418,1
61419,2
61420,2
61421,0
61422,1
61423,0
61424,0
61425,0
61426,1
61427,0
61428,2
61429,1
61430,2
61431,0
61432,2
61433,2
61434,1
61435,1
61436,1
61437,0
61438,0
61439,1
61440,0
61441,0
61442,1
61443,0
61444,0
61445,2
61446,0
61447,2
61448,2
61449,1
61450,0
61451,1
61452,2
61453,2
61454,2
61455,0
61456,2
61457,2
61458,2
61459,0
61460,0
61461,2
61462,1
61463,2
61464,0
61465,0
61466,0
61467,2
61468,2
61469,0
61470,0
61471,2
61472,0
61473,1
61474,0
61475,0
61476,2
61477,0
61478,2
61479,0
61480,2
61481,1
61482,1
61483,1
61484,2
61485,0
61486,2
61487,0
61488,0
61489,1
61490,0
61491,2
61492,0
61493,0
61494,2
61495,2
61496,2
61497,1
61498,0
61499,1
61500,0
61501,0
61502,0
61503,0
61504,2
61505,2
61506,0
61507,1
61508,2
61509,2
61510,2
61511,0
61512,0
61513,2
61514,2
61515,0
61516,0
61517,1
61518,0
61519,0
61520,2
61521,1
61522,1
61523,2
61524,2
61525,0
61526,0
61527,2
61528,2
61529,2
61530,1
61531,1
61532,2
61533,0
61534,1
61535,1
61536,2
61537,0
61538,1
61539,1
61540,2
61541,2
61542,0
61543,2
61544,1
61545,0
61546,0
61547,2
61548,2
61549,0
61550,2
61551,0
61552,0
61553,2
61554,0
61555,2
61556,0
61557,2
61558,0
61559,2
61560,2
61561,2
61562,2
61563,2
61564,1
61565,1
61566,1
61567,2
61568,1
61569,0
61570,0
61571,0
61572,2
61573,2
61574,2
61575,1
61576,1
61577,2
61578,0
61579,2
61580,0
61581,0
61582,2
61583,0
61584,1
61585,0
61586,1
61587,2
61588,0
61589,0
61590,2
61591,2
61592,2
61593,0
61594,0
61595,2
61596,2
61597,2
61598,1
61599,0
61600,1
61601,0
61602,1
61603,2
61604,2
61605,0
61606,2
61607,0
61608,0
61609,1
61610,1
61611,1
61612,1
61613,1
61614,0
61615,0
61616,0
61617,0
61618,2
61619,0
61620,0
61621,1
61622,2
61623,1
61624,0
61625,0
61626,1
61627,1
61628,0
61629,1
61630,1
61631,1
61632,1
61633,2
61634,0
61635,2
61636,0
61637,0
61638,0
61639,0
61640,0
61641,2
61642,1
61643,0
61644,0
61645,0
61646,2
61647,2
61648,1
61649,1
61650,0
61651,1
61652,1
61653,1
61654,0
61655,0
61656,1
61657,2
61658,2
61659,2
61660,0
61661,0
61662,0
61663,2
61664,1
61665,0
61666,0
61667,0
61668,1
61669,0
61670,0
61671,0
61672,2
61673,2
61674,0
61675,0
61676,0
61677,2
61678,0
61679,1
61680,0
61681,2
61682,0
61683,0
61684,2
61685,0
61686,0
61687,0
61688,2
61689,0
61690,0
61691,2
61692,0
61693,2
61694,2
61695,2
61696,2
61697,2
61698,0
61699,0
61700,1
61701,2
61702,0
61703,0
61704,1
61705,0
61706,1
61707,2
61708,2
61709,1
61710,1
61711,2
61712,0
61713,0
61714,0
61715,1
61716,0
61717,0
61718,2
61719,0
61720,0
61721,2
61722,0
61723,2
61724,2
61725,0
61726,1
61727,2
61728,2
61729,2
61730,2
61731,0
61732,2
61733,1
61734,1
61735,2
61736,2
61737,0
61738,2
61739,0
61740,0
61741,2
61742,0
61743,0
61744,0
61745,0
61746,1
61747,1
61748,0
61749,0
61750,2
61751,2
61752,1
61753,1
61754,1
61755,2
61756,0
61757,0
61758,1
61759,0
61760,0
61761,2
61762,2
61763,2
61764,1
61765,1
61766,0
61767,2
61768,1
61769,0
61770,0
61771,1
61772,1
61773,2
61774,2
61775,2
61776,1
61777,2
61778,0
61779,1
61780,1
61781,2
61782,2
61783,1
61784,2
61785,1
61786,0
61787,0
61788,2
61789,0
61790,0
61791,0
61792,0
61793,0
61794,2
61795,2
61796,2
61797,1
61798,1
61799,0
61800,0
61801,1
61802,0
61803,0
61804,2
61805,0
61806,0
61807,2
61808,0
61809,1
61810,2
61811,0
61812,0
61813,1
61814,2
61815,2
61816,0
61817,0
61818,2
61819,0
61820,0
61821,2
61822,0
61823,0
61824,0
61825,1
61826,0
61827,0
61828,1
61829,1
61830,2
61831,0
61832,1
61833,1
61834,0
61835,2
61836,0
61837,1
61838,1
61839,2
61840,1
61841,1
61842,2
61843,0
61844,2
61845,0
61846,0
61847,1
61848,2
61849,2
61850,0
61851,1
61852,0
61853,2
61854,2
61855,2
61856,0
61857,2
61858,2
61859,1
61860,2
61861,2
61862,0
61863,0
61864,1
61865,1
61866,2
61867,2
61868,2
61869,0
61870,2
61871,0
61872,2
61873,1
61874,2
61875,1
61876,2
61877,1
61878,1
61879,0
61880,2
61881,2
61882,2
61883,0
61884,0
61885,1
61886,0
61887,0
61888,2
61889,2
61890,2
61891,0
61892,2
61893,2
61894,1
61895,0
61896,0
61897,2
61898,0
61899,0
61900,2
61901,0
61902,2
61903,2
61904,2
61905,2
61906,0
61907,2
61908,0
61909,2
61910,0
61911,2
61912,0
61913,0
61914,1
61915,1
61916,0
61917,0
61918,1
61919,2
61920,2
61921,0
61922,1
61923,2
61924,0
61925,2
61926,2
61927,1
61928,0
61929,2
61930,0
61931,0
61932,1
61933,0
61934,0
61935,2
61936,0
61937,2
61938,2
61939,1
61940,1
61941,2
61942,1
61943,1
61944,0
61945,0
61946,2
61947,1
61948,1
61949,0
61950,0
61951,1
61952,0
61953,0
61954,1
61955,0
61956,2
61957,1
61958,0
61959,2
61960,2
61961,0
61962,2
61963,0
61964,1
61965,0
61966,0
61967,1
61968,2
61969,2
61970,1
61971,2
61972,2
61973,1
61974,0
61975,1
61976,0
61977,0
61978,1
61979,0
61980,0
61981,0
61982,1
61983,0
61984,1
61985,2
61986,2
61987,0
61988,1
61989,0
61990,2
61991,2
61992,0
61993,2
61994,1
61995,0
61996,0
61997,1
61998,0
61999,2
62000,0
62001,0
62002,0
62003,2
62004,1
62005,2
62006,2
62007,0
62008,2
62009,0
62010,0
62011,2
62012,0
62013,2
62014,1
62015,0
62016,1
62017,0
62018,0
62019,0
62020,0
62021,2
62022,1
62023,0
62024,2
62025,0
62026,0
62027,0
62028,2
62029,2
62030,1
62031,1
62032,1
62033,1
62034,1
62035,2
62036,0
62037,0
62038,0
62039,1
62040,1
62041,2
62042,2
62043,2
62044,0
62045,1
62046,0
62047,2
62048,0
62049,0
62050,0
62051,1
62052,2
62053,2
62054,2
62055,1
62056,0
62057,2
62058,2
62059,2
62060,1
62061,2
62062,2
62063,2
62064,0
62065,0
62066,1
62067,1
62068,0
62069,0
62070,1
62071,1
62072,0
62073,0
62074,2
62075,2
62076,0
62077,1
62078,2
62079,2
62080,1
62081,2
62082,2
62083,1
62084,2
62085,2
62086,1
62087,1
62088,0
62089,2
62090,1
62091,2
62092,0
62093,2
62094,2
62095,2
62096,2
62097,1
62098,2
62099,2
62100,0
62101,0
62102,1
62103,1
62104,1
62105,2
62106,0
62107,0
62108,0
62109,0
62110,0
62111,0
62112,2
62113,2
62114,2
62115,0
62116,0
62117,0
62118,0
62119,2
62120,2
62121,0
62122,1
62123,2
62124,1
62125,0
62126,2
62127,0
62128,2
62129,1
62130,2
62131,1
62132,1
62133,0
62134,0
62135,1
62136,2
62137,0
62138,2
62139,2
62140,0
62141,2
62142,1
62143,2
62144,0
62145,1
62146,0
62147,0
62148,0
62149,2
62150,2
62151,0
62152,0
62153,0
62154,0
62155,1
62156,0
62157,2
62158,0
62159,0
62160,0
62161,1
62162,2
62163,2
62164,0
62165,1
62166,0
62167,2
62168,0
62169,1
62170,2
62171,2
62172,0
62173,2
62174,1
62175,2
62176,2
62177,0
62178,1
62179,0
62180,0
62181,1
62182,2
62183,0
62184,1
62185,0
62186,2
62187,0
62188,1
62189,1
62190,2
62191,0
62192,2
62193,1
62194,2
62195,0
62196,2
62197,2
62198,2
62199,0
62200,0
62201,0
62202,1
62203,2
62204,2
62205,0
62206,0
62207,1
62208,2
62209,2
62210,0
62211,0
62212,0
62213,0
62214,2
62215,1
62216,1
62217,2
62218,1
62219,2
62220,0
62221,0
62222,0
62223,2
62224,1
62225,1
62226,2
62227,0
62228,2
62229,1
62230,2
62231,2
62232,1
62233,0
62234,0
62235,0
62236,1
62237,1
62238,2
62239,0
62240,2
62241,1
62242,0
62243,1
62244,1
62245,2
62246,2
62247,0
62248,0
62249,0
62250,1
62251,0
62252,2
62253,2
62254,0
62255,2
62256,2
62257,2
62258,2
62259,1
62260,0
62261,2
62262,2
62263,2
62264,2
62265,0
62266,1
62267,1
62268,2
62269,1
62270,0
62271,2
62272,1
62273,1
62274,0
62275,1
62276,0
62277,2
62278,1
62279,2
62280,1
62281,2
62282,2
62283,2
62284,1
62285,2
62286,0
62287,1
62288,0
62289,2
62290,2
62291,0
62292,0
62293,0
62294,2
62295,2
62296,2
62297,2
62298,2
62299,2
62300,1
62301,0
62302,0
62303,2
62304,1
62305,0
62306,0
62307,1
62308,0
62309,0
62310,2
62311,2
62312,2
62313,0
62314,0
62315,0
62316,0
62317,0
62318,0
62319,1
62320,2
62321,2
62322,2
62323,1
62324,0
62325,1
62326,1
62327,2
62328,2
62329,2
62330,2
62331,0
62332,0
62333,2
62334,0
62335,1
62336,2
62337,2
62338,0
62339,0
62340,0
62341,0
62342,2
62343,0
62344,2
62345,0
62346,2
62347,0
62348,2
62349,1
62350,2
62351,0
62352,2
62353,0
62354,0
62355,2
62356,0
62357,2
62358,2
62359,1
62360,0
62361,1
62362,2
62363,0
62364,2
62365,0
62366,2
62367,2
62368,0
62369,2
62370,1
62371,0
62372,2
62373,0
62374,1
62375,0
62376,0
62377,2
62378,1
62379,2
62380,0
62381,2
62382,2
62383,0
62384,0
62385,2
62386,0
62387,2
62388,0
62389,0
62390,2
62391,2
62392,0
62393,0
62394,0
62395,2
62396,2
62397,2
62398,0
62399,1
62400,2
62401,0
62402,2
62403,1
62404,2
62405,1
62406,2
62407,0
62408,2
62409,2
62410,0
62411,0
62412,2
62413,2
62414,2
62415,2
62416,2
62417,1
62418,2
62419,1
62420,2
62421,0
62422,0
62423,0
62424,0
62425,1
62426,2
62427,2
62428,0
62429,2
62430,2
62431,1
62432,2
62433,0
62434,2
62435,0
62436,0
62437,0
62438,0
62439,0
62440,2
62441,2
62442,2
62443,2
62444,0
62445,1
62446,0
62447,0
62448,2
62449,0
62450,1
62451,1
62452,0
62453,0
62454,0
62455,1
62456,1
62457,0
62458,1
62459,1
62460,2
62461,2
62462,0
62463,0
62464,2
62465,1
62466,2
62467,1
62468,0
62469,0
62470,2
62471,2
62472,1
62473,0
62474,2
62475,2
62476,2
62477,0
62478,1
62479,0
62480,1
62481,1
62482,0
62483,0
62484,0
62485,1
62486,0
62487,2
62488,0
62489,0
62490,0
62491,0
62492,1
62493,1
62494,0
62495,2
62496,1
62497,0
62498,1
62499,1
62500,2
62501,0
62502,0
62503,1
62504,0
62505,2
62506,2
62507,2
62508,0
62509,0
62510,2
62511,0
62512,0
62513,2
62514,0
62515,1
62516,1
62517,0
62518,2
62519,2
62520,2
62521,2
62522,0
62523,1
62524,0
62525,2
62526,2
62527,0
62528,0
62529,2
62530,2
62531,2
62532,2
62533,0
62534,2
62535,1
62536,0
62537,2
62538,0
62539,2
62540,1
62541,0
62542,2
62543,1
62544,2
62545,2
62546,1
62547,1
62548,0
62549,2
62550,2
62551,0
62552,2
62553,2
62554,2
62555,2
62556,0
62557,0
62558,0
62559,0
62560,0
62561,2
62562,0
62563,2
62564,0
62565,2
62566,0
62567,2
62568,0
62569,0
62570,2
62571,0
62572,1
62573,1
62574,2
62575,1
62576,1
62577,2
62578,1
62579,2
62580,0
62581,0
62582,1
62583,0
62584,2
62585,2
62586,0
62587,2
62588,2
62589,2
62590,2
62591,1
62592,0
62593,2
62594,0
62595,2
62596,1
62597,0
62598,2
62599,0
62600,2
62601,2
62602,1
62603,0
62604,0
62605,1
62606,2
62607,0
62608,2
62609,0
62610,1
62611,0
62612,1
62613,0
62614,1
62615,0
62616,2
62617,2
62618,0
62619,0
62620,2
62621,1
62622,2
62623,2
62624,0
62625,0
62626,0
62627,0
62628,2
62629,2
62630,2
62631,2
62632,2
62633,0
62634,2
62635,2
62636,0
62637,1
62638,0
62639,2
62640,0
62641,0
62642,1
62643,0
62644,1
62645,0
62646,2
62647,0
62648,0
62649,0
62650,2
62651,0
62652,0
62653,0
62654,2
62655,1
62656,1
62657,2
62658,1
62659,2
62660,2
62661,2
62662,0
62663,0
62664,2
62665,2
62666,2
62667,1
62668,2
62669,1
62670,1
62671,2
62672,0
62673,0
62674,2
62675,1
62676,0
62677,0
62678,2
62679,1
62680,2
62681,2
62682,2
62683,0
62684,2
62685,0
62686,2
62687,0
62688,0
62689,2
62690,1
62691,1
62692,2
62693,0
62694,2
62695,0
62696,2
62697,0
62698,2
62699,0
62700,0
62701,0
62702,1
62703,1
62704,1
62705,0
62706,2
62707,2
62708,2
62709,0
62710,0
62711,1
62712,2
62713,0
62714,1
62715,2
62716,0
62717,1
62718,2
62719,2
62720,0
62721,2
62722,0
62723,0
62724,0
62725,0
62726,2
62727,0
62728,0
62729,0
62730,2
62731,2
62732,2
62733,2
62734,2
62735,0
62736,0
62737,2
62738,0
62739,1
62740,0
62741,1
62742,0
62743,0
62744,2
62745,0
62746,0
62747,0
62748,2
62749,1
62750,0
62751,0
62752,2
62753,2
62754,1
62755,0
62756,1
62757,1
62758,0
62759,1
62760,0
62761,1
62762,2
62763,2
62764,0
62765,2
62766,0
62767,1
62768,0
62769,0
62770,2
62771,1
62772,0
62773,0
62774,2
62775,0
62776,0
62777,0
62778,0
62779,1
62780,2
62781,2
62782,2
62783,0
62784,0
62785,0
62786,0
62787,2
62788,0
62789,1
62790,2
62791,1
62792,2
62793,0
62794,0
62795,0
62796,0
62797,1
62798,1
62799,2
62800,0
62801,0
62802,2
62803,1
62804,1
62805,2
62806,1
62807,1
62808,1
62809,2
62810,2
62811,0
62812,1
62813,0
62814,2
62815,1
62816,0
62817,0
62818,0
62819,2
62820,2
62821,2
62822,0
62823,2
62824,0
62825,0
62826,1
62827,0
62828,0
62829,2
62830,2
62831,2
62832,2
62833,0
62834,0
62835,0
62836,1
62837,0
62838,0
62839,0
62840,1
62841,1
62842,2
62843,2
62844,2
62845,2
62846,1
62847,0
62848,1
62849,1
62850,1
62851,0
62852,0
62853,2
62854,1
62855,2
62856,0
62857,2
62858,2
62859,2
62860,0
62861,2
62862,0
62863,2
62864,2
62865,0
62866,1
62867,1
62868,2
62869,2
62870,1
62871,0
62872,2
62873,0
62874,2
62875,2
62876,2
62877,2
62878,0
62879,0
62880,2
62881,0
62882,2
62883,0
62884,0
62885,2
62886,2
62887,2
62888,0
62889,0
62890,1
62891,1
62892,0
62893,0
62894,1
62895,0
62896,0
62897,2
62898,2
62899,0
62900,1
62901,0
62902,2
62903,1
62904,2
62905,2
62906,2
62907,2
62908,2
62909,2
62910,2
62911,2
62912,2
62913,0
62914,2
62915,0
62916,2
62917,0
62918,2
62919,2
62920,1
62921,2
62922,2
62923,0
62924,2
62925,0
62926,1
62927,0
62928,2
62929,1
62930,0
62931,0
62932,0
62933,2
62934,0
62935,2
62936,0
62937,2
62938,2
62939,0
62940,2
62941,1
62942,2
62943,0
62944,1
62945,1
62946,2
62947,2
62948,2
62949,2
62950,1
62951,2
62952,2
62953,0
62954,1
62955,2
62956,1
62957,2
62958,2
62959,2
62960,0
62961,2
62962,1
62963,1
62964,2
62965,0
62966,2
62967,1
62968,0
62969,0
62970,1
62971,2
62972,2
62973,2
62974,2
62975,1
62976,1
62977,2
62978,2
62979,2
62980,1
62981,0
62982,1
62983,0
62984,2
62985,1
62986,2
62987,1
62988,1
62989,0
62990,1
62991,0
62992,2
62993,1
62994,2
62995,0
62996,0
62997,2
62998,1
62999,0
63000,0
63001,0
63002,2
63003,2
63004,2
63005,0
63006,2
63007,1
63008,0
63009,0
63010,0
63011,0
63012,2
63013,0
63014,0
63015,0
63016,2
63017,1
63018,2
63019,2
63020,2
63021,1
63022,0
63023,2
63024,2
63025,0
63026,2
63027,1
63028,0
63029,2
63030,0
63031,2
63032,2
63033,1
63034,1
63035,2
63036,2
63037,2
63038,0
63039,2
63040,0
63041,0
63042,0
63043,1
63044,1
63045,2
63046,0
63047,0
63048,0
63049,2
63050,0
63051,0
63052,0
63053,0
63054,0
63055,0
63056,1
63057,0
63058,2
63059,1
63060,0
63061,2
63062,2
63063,0
63064,0
63065,1
63066,0
63067,2
63068,0
63069,0
63070,2
63071,2
63072,1
63073,2
63074,1
63075,2
63076,2
63077,0
63078,1
63079,1
63080,2
63081,1
63082,0
63083,2
63084,1
63085,2
63086,1
63087,1
63088,1
63089,0
63090,2
63091,0
63092,0
63093,1
63094,2
63095,0
63096,1
63097,0
63098,1
63099,2
63100,2
63101,2
63102,1
63103,1
63104,2
63105,2
63106,0
63107,0
63108,0
63109,2
63110,2
63111,1
63112,0
63113,2
63114,0
63115,2
63116,2
63117,0
63118,0
63119,0
63120,2
63121,2
63122,0
63123,0
63124,0
63125,2
63126,2
63127,2
63128,0
63129,0
63130,0
63131,2
63132,1
63133,0
63134,0
63135,2
63136,1
63137,0
63138,0
63139,2
63140,1
63141,1
63142,1
63143,0
63144,0
63145,0
63146,1
63147,2
63148,2
63149,2
63150,0
63151,2
63152,1
63153,0
63154,2
63155,2
63156,2
63157,1
63158,0
63159,1
63160,0
63161,0
63162,0
63163,0
63164,0
63165,0
63166,1
63167,1
63168,2
63169,0
63170,2
63171,2
63172,0
63173,1
63174,1
63175,0
63176,2
63177,2
63178,0
63179,0
63180,0
63181,0
63182,2
63183,2
63184,0
63185,0
63186,0
63187,0
63188,1
63189,0
63190,2
63191,0
63192,1
63193,1
63194,1
63195,0
63196,2
63197,1
63198,1
63199,1
63200,1
63201,2
63202,0
63203,2
63204,1
63205,1
63206,2
63207,1
63208,2
63209,0
63210,2
63211,2
63212,0
63213,2
63214,2
63215,1
63216,2
63217,2
63218,2
63219,0
63220,2
63221,0
63222,2
63223,2
63224,0
63225,2
63226,1
63227,0
63228,0
63229,0
63230,2
63231,0
63232,2
63233,1
63234,0
63235,0
63236,2
63237,2
63238,0
63239,1
63240,0
63241,1
63242,0
63243,0
63244,2
63245,1
63246,2
63247,2
63248,1
63249,1
63250,0
63251,0
63252,0
63253,2
63254,2
63255,0
63256,0
63257,0
63258,0
63259,2
63260,0
63261,1
63262,0
63263,2
63264,2
63265,0
63266,0
63267,0
63268,0
63269,1
63270,2
63271,2
63272,1
63273,2
63274,0
63275,2
63276,0
63277,0
63278,0
63279,0
63280,1
63281,2
63282,2
63283,2
63284,2
63285,1
63286,0
63287,0
63288,0
63289,0
63290,0
63291,0
63292,2
63293,1
63294,0
63295,2
63296,2
63297,1
63298,1
63299,2
63300,2
63301,1
63302,0
63303,2
63304,2
63305,2
63306,0
63307,0
63308,0
63309,2
63310,2
63311,0
63312,0
63313,1
63314,2
63315,2
63316,0
63317,2
63318,0
63319,2
63320,0
63321,2
63322,0
63323,1
63324,2
63325,2
63326,2
63327,1
63328,0
63329,0
63330,2
63331,0
63332,2
63333,1
63334,2
63335,0
63336,2
63337,0
63338,1
63339,0
63340,1
63341,2
63342,1
63343,2
63344,0
63345,2
63346,1
63347,2
63348,2
63349,2
63350,2
63351,0
63352,2
63353,2
63354,1
63355,2
63356,0
63357,0
63358,2
63359,1
63360,0
63361,1
63362,2
63363,1
63364,0
63365,1
63366,0
63367,0
63368,2
63369,2
63370,2
63371,0
63372,1
63373,2
63374,2
63375,2
63376,2
63377,0
63378,2
63379,0
63380,2
63381,0
63382,0
63383,0
63384,1
63385,2
63386,0
63387,1
63388,0
63389,0
63390,1
63391,1
63392,2
63393,2
63394,1
63395,1
63396,0
63397,1
63398,2
63399,0
63400,0
63401,0
63402,2
63403,2
63404,1
63405,0
63406,1
63407,2
63408,0
63409,0
63410,1
63411,1
63412,2
63413,0
63414,0
63415,1
63416,0
63417,0
63418,2
63419,2
63420,1
63421,2
63422,2
63423,2
63424,1
63425,1
63426,2
63427,2
63428,1
63429,0
63430,0
63431,1
63432,2
63433,0
63434,0
63435,2
63436,0
63437,0
63438,2
63439,2
63440,1
63441,2
63442,0
63443,2
63444,2
63445,0
63446,0
63447,1
63448,1
63449,0
63450,1
63451,2
63452,2
63453,0
63454,1
63455,0
63456,2
63457,1
63458,1
63459,1
63460,0
63461,2
63462,0
63463,1
63464,1
63465,1
63466,1
63467,2
63468,1
63469,0
63470,2
63471,2
63472,2
63473,1
63474,2
63475,1
63476,2
63477,2
63478,2
63479,1
63480,0
63481,0
63482,2
63483,0
63484,0
63485,0
63486,0
63487,2
63488,0
63489,2
63490,1
63491,0
63492,0
63493,2
63494,1
63495,1
63496,0
63497,0
63498,2
63499,1
63500,1
63501,0
63502,2
63503,2
63504,2
63505,2
63506,0
63507,0
63508,1
63509,0
63510,1
63511,1
63512,0
63513,1
63514,2
63515,1
63516,0
63517,1
63518,0
63519,0
63520,0
63521,0
63522,2
63523,2
63524,2
63525,2
63526,0
63527,0
63528,1
63529,0
63530,1
63531,1
63532,0
63533,1
63534,0
63535,2
63536,0
63537,1
63538,0
63539,2
63540,2
63541,0
63542,1
63543,1
63544,2
63545,2
63546,0
63547,2
63548,0
63549,2
63550,2
63551,2
63552,0
63553,0
63554,0
63555,1
63556,0
63557,0
63558,1
63559,1
63560,1
63561,0
63562,1
63563,0
63564,1
63565,0
63566,0
63567,1
63568,0
63569,1
63570,1
63571,0
63572,1
63573,0
63574,0
63575,0
63576,1
63577,2
63578,2
63579,0
63580,0
63581,2
63582,2
63583,0
63584,0
63585,1
63586,0
63587,0
63588,0
63589,1
63590,2
63591,0
63592,0
63593,0
63594,1
63595,0
63596,0
63597,2
63598,1
63599,0
63600,2
63601,1
63602,0
63603,2
63604,0
63605,2
63606,2
63607,0
63608,0
63609,1
63610,2
63611,0
63612,0
63613,2
63614,0
63615,2
63616,2
63617,2
63618,1
63619,2
63620,1
63621,2
63622,0
63623,0
63624,0
63625,2
63626,2
63627,0
63628,0
63629,1
63630,2
63631,1
63632,1
63633,1
63634,1
63635,1
63636,0
63637,1
63638,1
63639,2
63640,2
63641,0
63642,2
63643,1
63644,2
63645,0
63646,0
63647,2
63648,0
63649,0
63650,0
63651,2
63652,0
63653,1
63654,0
63655,2
63656,2
63657,1
63658,2
63659,2
63660,0
63661,0
63662,2
63663,0
63664,2
63665,2
63666,0
63667,1
63668,1
63669,2
63670,1
63671,0
63672,2
63673,0
63674,0
63675,2
63676,2
63677,1
63678,2
63679,2
63680,2
63681,2
63682,0
63683,2
63684,2
63685,2
63686,0
63687,2
63688,1
63689,0
63690,0
63691,2
63692,2
63693,1
63694,2
63695,0
63696,0
63697,2
63698,2
63699,0
63700,2
63701,0
63702,0
63703,2
63704,1
63705,1
63706,1
63707,1
63708,1
63709,1
63710,1
63711,1
63712,0
63713,1
63714,2
63715,2
63716,2
63717,2
63718,2
63719,2
63720,2
63721,0
63722,0
63723,1
63724,1
63725,1
63726,0
63727,2
63728,1
63729,1
63730,2
63731,0
63732,2
63733,2
63734,2
63735,1
63736,2
63737,0
63738,2
63739,2
63740,2
63741,1
63742,2
63743,0
63744,0
63745,0
63746,0
63747,1
63748,2
63749,1
63750,2
63751,2
63752,1
63753,0
63754,0
63755,0
63756,2
63757,1
63758,0
63759,1
63760,2
63761,0
63762,0
63763,1
63764,2
63765,0
63766,0
63767,1
63768,1
63769,0
63770,2
63771,0
63772,0
63773,0
63774,0
63775,2
63776,2
63777,2
63778,1
63779,0
63780,2
63781,1
63782,1
63783,0
63784,0
63785,2
63786,2
63787,0
63788,0
63789,0
63790,1
63791,1
63792,1
63793,1
63794,0
63795,2
63796,2
63797,2
63798,1
63799,1
63800,2
63801,0
63802,0
63803,2
63804,0
63805,0
63806,0
63807,0
63808,0
63809,0
63810,1
63811,0
63812,1
63813,0
63814,2
63815,1
63816,1
63817,2
63818,1
63819,1
63820,2
63821,1
63822,0
63823,0
63824,0
63825,2
63826,2
63827,0
63828,2
63829,0
63830,0
63831,0
63832,0
63833,1
63834,1
63835,0
63836,2
63837,0
63838,1
63839,2
63840,1
63841,2
63842,1
63843,1
63844,0
63845,2
63846,2
63847,1
63848,2
63849,2
63850,1
63851,0
63852,1
63853,1
63854,0
63855,1
63856,2
63857,2
63858,2
63859,2
63860,1
63861,0
63862,0
63863,0
63864,0
63865,2
63866,2
63867,0
63868,0
63869,1
63870,1
63871,1
63872,1
63873,0
63874,1
63875,0
63876,0
63877,1
63878,0
63879,2
63880,0
63881,0
63882,0
63883,1
63884,1
63885,0
63886,0
63887,1
63888,0
63889,0
63890,2
63891,1
63892,1
63893,2
63894,1
63895,0
63896,0
63897,0
63898,2
63899,0
63900,0
63901,0
63902,2
63903,2
63904,0
63905,2
63906,1
63907,2
63908,2
63909,1
63910,2
63911,0
63912,0
63913,2
63914,2
63915,1
63916,2
63917,2
63918,1
63919,2
63920,1
63921,0
63922,2
63923,1
63924,2
63925,2
63926,1
63927,1
63928,0
63929,1
63930,1
63931,1
63932,2
63933,0
63934,2
63935,2
63936,0
63937,2
63938,1
63939,1
63940,2
63941,0
63942,1
63943,1
63944,1
63945,1
63946,2
63947,0
63948,0
63949,0
63950,1
63951,0
63952,1
63953,1
63954,0
63955,1
63956,1
63957,0
63958,2
63959,2
63960,1
63961,2
63962,1
63963,1
63964,2
63965,1
63966,1
63967,2
63968,2
63969,2
63970,2
63971,0
63972,0
63973,0
63974,0
63975,1
63976,0
63977,1
63978,0
63979,0
63980,0
63981,0
63982,0
63983,2
63984,2
63985,0
63986,0
63987,1
63988,0
63989,0
63990,2
63991,0
63992,0
63993,2
63994,1
63995,0
63996,1
63997,2
63998,1
63999,2
64000,0
64001,1
64002,0
64003,0
64004,1
64005,0
64006,1
64007,1
64008,0
64009,0
64010,2
64011,2
64012,1
64013,0
64014,2
64015,1
64016,2
64017,2
64018,0
64019,0
64020,1
64021,1
64022,1
64023,2
64024,2
64025,0
64026,1
64027,2
64028,2
64029,2
64030,0
64031,2
64032,0
64033,0
64034,0
64035,0
64036,0
64037,0
64038,1
64039,0
64040,1
64041,2
64042,0
64043,0
64044,0
64045,2
64046,2
64047,2
64048,2
64049,2
64050,0
64051,0
64052,1
64053,1
64054,2
64055,2
64056,2
64057,2
64058,2
64059,0
64060,0
64061,0
64062,0
64063,2
64064,0
64065,0
64066,2
64067,2
64068,0
64069,0
64070,2
64071,1
64072,2
64073,2
64074,0
64075,1
64076,2
64077,2
64078,0
64079,1
64080,0
64081,2
64082,0
64083,2
64084,2
64085,0
64086,0
64087,0
64088,0
64089,0
64090,2
64091,0
64092,0
64093,1
64094,2
64095,1
64096,1
64097,0
64098,0
64099,0
64100,0
64101,1
64102,1
64103,1
64104,2
64105,0
64106,2
64107,1
64108,2
64109,0
64110,2
64111,0
64112,0
64113,0
64114,1
64115,0
64116,2
64117,0
64118,2
64119,0
64120,0
64121,0
64122,0
64123,2
64124,0
64125,1
64126,2
64127,2
64128,0
64129,0
64130,2
64131,1
64132,0
64133,1
64134,2
64135,0
64136,1
64137,1
64138,1
64139,2
64140,0
64141,0
64142,0
64143,1
64144,2
64145,0
64146,0
64147,2
64148,1
64149,0
64150,0
64151,1
64152,0
64153,0
64154,2
64155,0
64156,2
64157,0
64158,0
64159,0
64160,1
64161,2
64162,0
64163,2
64164,1
64165,2
64166,1
64167,2
64168,1
64169,0
64170,0
64171,0
64172,2
64173,0
64174,2
64175,0
64176,0
64177,2
64178,1
64179,2
64180,0
64181,1
64182,0
64183,2
64184,1
64185,0
64186,2
64187,0
64188,1
64189,0
64190,1
64191,2
64192,1
64193,0
64194,0
64195,0
64196,1
64197,2
64198,1
64199,2
64200,2
64201,1
64202,0
64203,0
64204,2
64205,0
64206,2
64207,1
64208,0
64209,2
64210,1
64211,2
64212,0
64213,0
64214,1
64215,1
64216,1
64217,0
64218,2
64219,0
64220,1
64221,2
64222,0
64223,1
64224,0
64225,0
64226,0
64227,1
64228,2
64229,0
64230,0
64231,0
64232,1
64233,0
64234,0
64235,0
64236,2
64237,2
64238,1
64239,2
64240,0
64241,2
64242,0
64243,2
64244,1
64245,0
64246,2
64247,1
64248,0
64249,2
64250,1
64251,2
64252,1
64253,2
64254,0
64255,0
64256,2
64257,0
64258,1
64259,2
64260,0
64261,2
64262,0
64263,0
64264,0
64265,2
64266,0
64267,1
64268,2
64269,1
64270,0
64271,1
64272,2
64273,0
64274,0
64275,0
64276,2
64277,2
64278,1
64279,1
64280,1
64281,1
64282,2
64283,2
64284,1
64285,0
64286,2
64287,0
64288,0
64289,0
64290,0
64291,1
64292,0
64293,1
64294,1
64295,2
64296,2
64297,1
64298,0
64299,1
64300,0
64301,2
64302,1
64303,0
64304,2
64305,0
64306,1
64307,2
64308,2
64309,0
64310,1
64311,2
64312,0
64313,0
64314,2
64315,2
64316,2
64317,2
64318,1
64319,0
64320,2
64321,0
64322,0
64323,2
64324,2
64325,0
64326,2
64327,2
64328,1
64329,2
64330,1
64331,0
64332,1
64333,2
64334,0
64335,1
64336,2
64337,2
64338,2
64339,0
64340,2
64341,0
64342,0
64343,2
64344,0
64345,1
64346,2
64347,0
64348,0
64349,2
64350,1
64351,1
64352,2
64353,2
64354,1
64355,1
64356,0
64357,2
64358,2
64359,0
64360,0
64361,2
64362,0
64363,0
64364,0
64365,2
64366,0
64367,2
64368,2
64369,0
64370,0
64371,0
64372,1
64373,0
64374,0
64375,0
64376,0
64377,2
64378,1
64379,2
64380,2
64381,1
64382,1
64383,1
64384,2
64385,0
64386,1
64387,1
64388,1
64389,2
64390,0
64391,2
64392,2
64393,1
64394,2
64395,0
64396,1
64397,2
64398,0
64399,0
64400,0
64401,2
64402,0
64403,2
64404,2
64405,2
64406,2
64407,2
64408,1
64409,0
64410,2
64411,1
64412,1
64413,2
64414,2
64415,1
64416,2
64417,0
64418,0
64419,2
64420,0
64421,0
64422,0
64423,2
64424,2
64425,1
64426,1
64427,0
64428,2
64429,1
64430,2
64431,2
64432,0
64433,2
64434,0
64435,0
64436,0
64437,1
64438,0
64439,1
64440,2
64441,1
64442,0
64443,2
64444,0
64445,1
64446,0
64447,0
64448,0
64449,0
64450,1
64451,0
64452,2
64453,0
64454,1
64455,0
64456,0
64457,2
64458,2
64459,2
64460,0
64461,1
64462,1
64463,0
64464,2
64465,0
64466,1
64467,2
64468,0
64469,1
64470,1
64471,0
64472,0
64473,2
64474,0
64475,1
64476,2
64477,1
64478,2
64479,2
64480,2
64481,2
64482,0
64483,0
64484,2
64485,2
64486,1
64487,2
64488,2
64489,0
64490,2
64491,0
64492,1
64493,2
64494,1
64495,0
64496,2
64497,2
64498,1
64499,0
64500,1
64501,0
64502,2
64503,0
64504,2
64505,0
64506,2
64507,1
64508,1
64509,2
64510,0
64511,2
64512,2
64513,2
64514,0
64515,2
64516,0
64517,0
64518,1
64519,2
64520,0
64521,2
64522,0
64523,2
64524,1
64525,0
64526,2
64527,2
64528,2
64529,0
64530,2
64531,2
64532,0
64533,0
64534,0
64535,2
64536,0
64537,1
64538,0
64539,0
64540,0
64541,1
64542,0
64543,0
64544,2
64545,0
64546,2
64547,2
64548,2
64549,1
64550,1
64551,0
64552,1
64553,2
64554,1
64555,0
64556,0
64557,0
64558,0
64559,1
64560,0
64561,2
64562,0
64563,2
64564,0
64565,1
64566,0
64567,0
64568,2
64569,0
64570,0
64571,1
64572,0
64573,2
64574,0
64575,0
64576,0
64577,1
64578,0
64579,2
64580,0
64581,0
64582,2
64583,0
64584,0
64585,0
64586,0
64587,1
64588,0
64589,1
64590,2
64591,1
64592,1
64593,2
64594,2
64595,0
64596,0
64597,0
64598,2
64599,1
64600,2
64601,0
64602,2
64603,0
64604,2
64605,2
64606,2
64607,0
64608,2
64609,1
64610,1
64611,2
64612,2
64613,0
64614,1
64615,1
64616,0
64617,2
64618,0
64619,0
64620,2
64621,0
64622,1
64623,2
64624,1
64625,2
64626,0
64627,1
64628,0
64629,1
64630,0
64631,2
64632,2
64633,0
64634,1
64635,2
64636,1
64637,2
64638,2
64639,0
64640,2
64641,1
64642,2
64643,2
64644,2
64645,0
64646,0
64647,0
64648,2
64649,2
64650,2
64651,2
64652,0
64653,0
64654,2
64655,0
64656,0
64657,0
64658,1
64659,2
64660,0
64661,0
64662,0
64663,2
64664,2
64665,1
64666,2
64667,0
64668,2
64669,0
64670,0
64671,2
64672,2
64673,0
64674,0
64675,0
64676,0
64677,2
64678,0
64679,0
64680,1
64681,0
64682,2
64683,1
64684,0
64685,1
64686,2
64687,2
64688,0
64689,2
64690,0
64691,2
64692,2
64693,2
64694,0
64695,1
64696,2
64697,2
64698,1
64699,1
64700,2
64701,2
64702,0
64703,0
64704,1
64705,2
64706,0
64707,2
64708,2
64709,2
64710,0
64711,0
64712,0
64713,2
64714,1
64715,2
64716,0
64717,0
64718,0
64719,0
64720,0
64721,2
64722,0
64723,2
64724,2
64725,0
64726,0
64727,0
64728,0
64729,2
64730,1
64731,1
64732,0
64733,2
64734,2
64735,0
64736,2
64737,2
64738,0
64739,1
64740,2
64741,0
64742,0
64743,0
64744,2
64745,0
64746,2
64747,0
64748,0
64749,1
64750,2
64751,2
64752,0
64753,1
64754,1
64755,2
64756,2
64757,0
64758,2
64759,0
64760,2
64761,2
64762,2
64763,2
64764,1
64765,2
64766,0
64767,0
64768,2
64769,1
64770,0
64771,0
64772,1
64773,2
64774,1
64775,1
64776,2
64777,2
64778,0
64779,2
64780,0
64781,2
64782,1
64783,0
64784,2
64785,0
64786,0
64787,0
64788,1
64789,0
64790,0
64791,0
64792,2
64793,2
64794,2
64795,2
64796,0
64797,0
64798,0
64799,2
64800,0
64801,2
64802,2
64803,2
64804,2
64805,0
64806,1
64807,0
64808,0
64809,2
64810,2
64811,1
64812,2
64813,0
64814,0
64815,0
64816,1
64817,2
64818,0
64819,2
64820,2
64821,0
64822,0
64823,1
64824,0
64825,1
64826,2
64827,1
64828,2
64829,2
64830,1
64831,0
64832,0
64833,0
64834,1
64835,1
64836,0
64837,2
64838,0
64839,2
64840,2
64841,0
64842,0
64843,2
64844,1
64845,1
64846,2
64847,2
64848,2
64849,2
64850,2
64851,1
64852,1
64853,1
64854,2
64855,0
64856,0
64857,0
64858,0
64859,2
64860,0
64861,1
64862,1
64863,2
64864,0
64865,2
64866,1
64867,0
64868,0
64869,0
64870,2
64871,1
64872,0
64873,2
64874,0
64875,2
64876,1
64877,0
64878,0
64879,0
64880,1
64881,0
64882,2
64883,0
64884,2
64885,1
64886,0
64887,0
64888,0
64889,2
64890,0
64891,0
64892,0
64893,1
64894,2
64895,2
64896,0
64897,2
64898,2
64899,2
64900,2
64901,2
64902,1
64903,2
64904,2
64905,2
64906,1
64907,1
64908,0
64909,0
64910,2
64911,2
64912,2
64913,0
64914,2
64915,0
64916,0
64917,2
64918,2
64919,2
64920,2
64921,2
64922,2
64923,0
64924,1
64925,2
64926,1
64927,2
64928,2
64929,1
64930,2
64931,2
64932,2
64933,1
64934,1
64935,0
64936,0
64937,2
64938,2
64939,2
64940,2
64941,2
64942,0
64943,1
64944,2
64945,0
64946,0
64947,1
64948,0
64949,1
64950,0
64951,1
64952,1
64953,0
64954,0
64955,0
64956,0
64957,1
64958,2
64959,0
64960,2
64961,2
64962,2
64963,0
64964,0
64965,0
64966,2
64967,2
64968,2
64969,2
64970,0
64971,2
64972,2
64973,1
64974,2
64975,0
64976,0
64977,0
64978,1
64979,0
64980,2
64981,1
64982,2
64983,2
64984,2
64985,0
64986,0
64987,0
64988,1
64989,2
64990,2
64991,0
64992,2
64993,1
64994,2
64995,2
64996,0
64997,0
64998,0
64999,0
65000,0
65001,2
65002,2
65003,2
65004,2
65005,2
65006,2
65007,0
65008,0
65009,0
65010,0
65011,2
65012,0
65013,2
65014,0
65015,0
65016,2
65017,0
65018,1
65019,2
65020,2
65021,1
65022,0
65023,2
65024,1
65025,2
65026,0
65027,2
65028,1
65029,0
65030,2
65031,0
65032,1
65033,2
65034,2
65035,1
65036,0
65037,1
65038,2
65039,2
65040,2
65041,2
65042,1
65043,2
65044,1
65045,0
65046,1
65047,1
65048,1
65049,2
65050,0
65051,0
65052,2
65053,1
65054,2
65055,2
65056,2
65057,2
65058,2
65059,0
65060,2
65061,0
65062,0
65063,1
65064,0
65065,1
65066,0
65067,0
65068,1
65069,0
65070,2
65071,0
65072,2
65073,1
65074,0
65075,1
65076,0
65077,1
65078,2
65079,2
65080,0
65081,0
65082,1
65083,1
65084,1
65085,0
65086,1
65087,1
65088,0
65089,1
65090,1
65091,2
65092,0
65093,1
65094,1
65095,2
65096,0
65097,0
65098,0
65099,0
65100,2
65101,0
65102,2
65103,2
65104,1
65105,2
65106,1
65107,1
65108,2
65109,0
65110,0
65111,0
65112,1
65113,0
65114,1
65115,1
65116,2
65117,0
65118,1
65119,0
65120,0
65121,1
65122,2
65123,2
65124,0
65125,1
65126,2
65127,0
65128,0
65129,0
65130,2
65131,2
65132,2
65133,0
65134,1
65135,2
65136,0
65137,1
65138,0
65139,1
65140,1
65141,0
65142,2
65143,1
65144,0
65145,0
65146,0
65147,2
65148,0
65149,2
65150,0
65151,1
65152,2
65153,2
65154,1
65155,0
65156,2
65157,0
65158,1
65159,1
65160,2
65161,0
65162,0
65163,1
65164,0
65165,1
65166,2
65167,0
65168,0
65169,0
65170,1
65171,2
65172,0
65173,0
65174,0
65175,1
65176,2
65177,0
65178,1
65179,0
65180,2
65181,2
65182,0
65183,2
65184,1
65185,0
65186,2
65187,2
65188,2
65189,2
65190,2
65191,2
65192,1
65193,0
65194,0
65195,2
65196,2
65197,2
65198,2
65199,0
65200,0
65201,2
65202,0
65203,2
65204,2
65205,1
65206,2
65207,0
65208,2
65209,2
65210,0
65211,2
65212,0
65213,2
65214,0
65215,2
65216,0
65217,0
65218,0
65219,2
65220,0
65221,2
65222,2
65223,0
65224,0
65225,2
65226,1
65227,0
65228,0
65229,0
65230,0
65231,1
65232,1
65233,1
65234,0
65235,0
65236,2
65237,0
65238,0
65239,2
65240,0
65241,0
65242,0
65243,0
65244,1
65245,2
65246,1
65247,0
65248,2
65249,0
65250,0
65251,0
65252,2
65253,0
65254,1
65255,1
65256,0
65257,2
65258,2
65259,0
65260,2
65261,0
65262,2
65263,0
65264,0
65265,0
65266,0
65267,2
65268,1
65269,0
65270,1
65271,1
65272,2
65273,0
65274,2
65275,0
65276,1
65277,1
65278,0
65279,0
65280,1
65281,1
65282,2
65283,0
65284,0
65285,0
65286,1
65287,2
65288,0
65289,0
65290,0
65291,2
65292,0
65293,0
65294,2
65295,1
65296,2
65297,2
65298,1
65299,2
65300,2
65301,0
65302,0
65303,2
65304,0
65305,0
65306,0
65307,1
65308,0
65309,1
65310,0
65311,0
65312,1
65313,2
65314,2
65315,2
65316,1
65317,1
65318,1
65319,1
65320,0
65321,1
65322,2
65323,2
65324,2
65325,2
65326,2
65327,0
65328,2
65329,1
65330,1
65331,1
65332,0
65333,1
65334,0
65335,2
65336,1
65337,1
65338,0
65339,0
65340,0
65341,0
65342,2
65343,0
65344,2
65345,2
65346,2
65347,0
65348,2
65349,1
65350,0
65351,1
65352,0
65353,1
65354,1
65355,0
65356,1
65357,2
65358,1
65359,2
65360,0
65361,0
65362,1
65363,2
65364,2
65365,0
65366,2
65367,1
65368,2
65369,0
65370,2
65371,2
65372,2
65373,0
65374,1
65375,1
65376,1
65377,0
65378,1
65379,2
65380,0
65381,0
65382,2
65383,2
65384,2
65385,2
65386,2
65387,0
65388,1
65389,0
65390,2
65391,2
65392,1
65393,2
65394,0
65395,2
65396,2
65397,1
65398,1
65399,0
65400,2
65401,2
65402,2
65403,1
65404,0
65405,2
65406,2
65407,2
65408,2
65409,1
65410,2
65411,2
65412,2
65413,2
65414,2
65415,1
65416,0
65417,1
65418,0
65419,2
65420,0
65421,0
65422,0
65423,2
65424,1
65425,2
65426,2
65427,1
65428,1
65429,1
65430,0
65431,2
65432,2
65433,0
65434,2
65435,0
65436,1
65437,2
65438,2
65439,2
65440,1
65441,2
65442,2
65443,1
65444,2
65445,1
65446,2
65447,0
65448,1
65449,0
65450,1
65451,2
65452,0
65453,2
65454,2
65455,0
65456,1
65457,1
65458,1
65459,1
65460,2
65461,2
65462,0
65463,1
65464,0
65465,2
65466,1
65467,1
65468,2
65469,0
65470,2
65471,1
65472,2
65473,2
65474,0
65475,0
65476,2
65477,1
65478,2
65479,0
65480,0
65481,1
65482,1
65483,2
65484,0
65485,2
65486,0
65487,2
65488,0
65489,1
65490,1
65491,0
65492,1
65493,0
65494,0
65495,1
65496,1
65497,1
65498,0
65499,0
65500,0
65501,1
65502,2
65503,0
65504,2
65505,2
65506,2
65507,1
65508,0
65509,0
65510,0
65511,0
65512,2
65513,2
65514,0
65515,1
65516,0
65517,0
65518,0
65519,0
65520,2
65521,2
65522,1
65523,0
65524,1
65525,0
65526,0
65527,1
65528,0
65529,0
65530,1
65531,0
65532,2
65533,1
65534,0
65535,2
65536,2
65537,0
65538,2
65539,2
65540,0
65541,1
65542,1
65543,0
65544,0
65545,1
65546,2
65547,0
65548,2
65549,2
65550,2
65551,0
65552,2
65553,2
65554,2
65555,0
65556,1
65557,1
65558,1
65559,0
65560,0
65561,1
65562,2
65563,1
65564,1
65565,2
65566,0
65567,2
65568,2
65569,0
65570,1
65571,0
65572,1
65573,1
65574,1
65575,0
65576,2
65577,0
65578,0
65579,0
65580,0
65581,2
65582,0
65583,0
65584,2
65585,1
65586,0
65587,0
65588,2
65589,1
65590,0
65591,2
65592,2
65593,0
65594,2
65595,0
65596,2
65597,2
65598,1
65599,1
65600,0
65601,2
65602,2
65603,0
65604,0
65605,1
65606,1
65607,0
65608,1
65609,0
65610,0
65611,1
65612,0
65613,1
65614,1
65615,0
65616,0
65617,1
65618,0
65619,2
65620,0
65621,0
65622,1
65623,0
65624,2
65625,2
65626,2
65627,1
65628,0
65629,1
65630,2
65631,0
65632,1
65633,2
65634,0
65635,2
65636,1
65637,0
65638,1
65639,2
65640,0
65641,0
65642,1
65643,2
65644,0
65645,1
65646,0
65647,2
65648,1
65649,0
65650,1
65651,0
65652,0
65653,2
65654,0
65655,2
65656,2
65657,1
65658,0
65659,1
65660,0
65661,1
65662,1
65663,2
65664,0
65665,2
65666,0
65667,2
65668,2
65669,2
65670,0
65671,0
65672,0
65673,1
65674,0
65675,2
65676,2
65677,2
65678,2
65679,0
65680,0
65681,1
65682,0
65683,2
65684,2
65685,1
65686,2
65687,2
65688,0
65689,1
65690,1
65691,2
65692,0
65693,0
65694,0
65695,0
65696,2
65697,2
65698,1
65699,0
65700,0
65701,0
65702,2
65703,0
65704,2
65705,1
65706,2
65707,0
65708,1
65709,1
65710,0
65711,2
65712,2
65713,0
65714,0
65715,1
65716,2
65717,2
65718,2
65719,0
65720,2
65721,0
65722,1
65723,1
65724,2
65725,0
65726,0
65727,1
65728,0
65729,0
65730,1
65731,2
65732,2
65733,0
65734,1
65735,2
65736,2
65737,2
65738,0
65739,1
65740,0
65741,0
65742,2
65743,2
65744,1
65745,1
65746,1
65747,1
65748,1
65749,1
65750,1
65751,2
65752,0
65753,2
65754,0
65755,2
65756,1
65757,2
65758,2
65759,2
65760,2
65761,1
65762,2
65763,2
65764,1
65765,0
65766,1
65767,1
65768,1
65769,1
65770,2
65771,2
65772,0
65773,2
65774,2
65775,2
65776,0
65777,1
65778,2
65779,2
65780,2
65781,2
65782,2
65783,0
65784,0
65785,2
65786,0
65787,2
65788,2
65789,1
65790,1
65791,1
65792,2
65793,2
65794,0
65795,2
65796,1
65797,1
65798,0
65799,0
65800,2
65801,2
65802,2
65803,0
65804,0
65805,1
65806,2
65807,0
65808,1
65809,2
65810,2
65811,0
65812,2
65813,0
65814,2
65815,0
65816,0
65817,1
65818,1
65819,2
65820,2
65821,0
65822,1
65823,2
65824,0
65825,1
65826,0
65827,2
65828,1
65829,1
65830,1
65831,2
65832,0
65833,0
65834,2
65835,1
65836,2
65837,0
65838,0
65839,0
65840,2
65841,2
65842,1
65843,0
65844,0
65845,2
65846,1
65847,0
65848,0
65849,0
65850,0
65851,2
65852,2
65853,1
65854,2
65855,2
65856,1
65857,1
65858,1
65859,1
65860,0
65861,2
65862,0
65863,0
65864,0
65865,2
65866,2
65867,0
65868,0
65869,1
65870,1
65871,1
65872,2
65873,0
65874,1
65875,2
65876,0
65877,0
65878,1
65879,0
65880,0
65881,2
65882,0
65883,0
65884,0
65885,0
65886,2
65887,0
65888,2
65889,0
65890,1
65891,2
65892,0
65893,1
65894,2
65895,0
65896,1
65897,1
65898,1
65899,2
65900,0
65901,1
65902,2
65903,2
65904,2
65905,2
65906,0
65907,0
65908,2
65909,0
65910,2
65911,2
65912,1
65913,0
65914,2
65915,0
65916,0
65917,2
65918,0
65919,2
65920,2
65921,1
65922,1
65923,2
65924,0
65925,0
65926,2
65927,1
65928,2
65929,2
65930,0
65931,0
65932,0
65933,2
65934,0
65935,0
65936,2
65937,0
65938,2
65939,2
65940,0
65941,0
65942,1
65943,0
65944,2
65945,2
65946,0
65947,2
65948,0
65949,1
65950,0
65951,0
65952,2
65953,0
65954,0
65955,1
65956,1
65957,2
65958,2
65959,0
65960,2
65961,1
65962,2
65963,1
65964,0
65965,1
65966,2
65967,2
65968,2
65969,2
65970,2
65971,0
65972,1
65973,0
65974,0
65975,0
65976,0
65977,2
65978,1
65979,2
65980,2
65981,0
65982,2
65983,2
65984,0
65985,0
65986,2
65987,0
65988,0
65989,0
65990,2
65991,0
65992,2
65993,1
65994,0
65995,0
65996,0
65997,0
65998,2
65999,0
66000,1
66001,2
66002,0
66003,2
66004,0
66005,2
66006,2
66007,1
66008,2
66009,2
66010,2
66011,0
66012,1
66013,1
66014,0
66015,2
66016,2
66017,1
66018,1
66019,2
66020,0
66021,2
66022,0
66023,0
66024,2
66025,1
66026,2
66027,1
66028,2
66029,1
66030,0
66031,1
66032,0
66033,0
66034,0
66035,1
66036,1
66037,2
66038,1
66039,0
66040,1
66041,2
66042,2
66043,0
66044,0
66045,0
66046,2
66047,0
66048,0
66049,0
66050,2
66051,1
66052,1
66053,0
66054,0
66055,0
66056,0
66057,2
66058,0
66059,0
66060,1
66061,0
66062,0
66063,2
66064,2
66065,0
66066,0
66067,0
66068,2
66069,0
66070,0
66071,2
66072,1
66073,0
66074,1
66075,2
66076,0
66077,0
66078,2
66079,1
66080,2
66081,0
66082,2
66083,1
66084,0
66085,2
66086,1
66087,1
66088,2
66089,0
66090,1
66091,2
66092,1
66093,1
66094,0
66095,0
66096,2
66097,2
66098,1
66099,1
66100,2
66101,2
66102,2
66103,0
66104,2
66105,1
66106,0
66107,0
66108,2
66109,0
66110,1
66111,0
66112,2
66113,2
66114,1
66115,1
66116,0
66117,0
66118,0
66119,1
66120,2
66121,2
66122,0
66123,2
66124,1
66125,0
66126,0
66127,2
66128,1
66129,1
66130,0
66131,2
66132,0
66133,0
66134,2
66135,1
66136,2
66137,2
66138,1
66139,0
66140,1
66141,0
66142,2
66143,0
66144,1
66145,1
66146,0
66147,1
66148,2
66149,2
66150,1
66151,1
66152,2
66153,0
66154,0
66155,0
66156,1
66157,2
66158,1
66159,0
66160,0
66161,0
66162,1
66163,1
66164,0
66165,0
66166,0
66167,0
66168,1
66169,1
66170,2
66171,1
66172,0
66173,1
66174,1
66175,0
66176,1
66177,2
66178,0
66179,2
66180,2
66181,2
66182,1
66183,1
66184,2
66185,2
66186,1
66187,0
66188,0
66189,2
66190,0
66191,1
66192,2
66193,0
66194,1
66195,2
66196,2
66197,1
66198,2
66199,2
66200,1
66201,1
66202,2
66203,1
66204,1
66205,1
66206,2
66207,2
66208,0
66209,0
66210,0
66211,2
66212,0
66213,0
66214,0
66215,1
66216,0
66217,2
66218,2
66219,2
66220,2
66221,2
66222,0
66223,2
66224,0
66225,1
66226,2
66227,0
66228,1
66229,0
66230,0
66231,1
66232,2
66233,2
66234,0
66235,2
66236,2
66237,2
66238,0
66239,1
66240,0
66241,2
66242,0
66243,1
66244,2
66245,0
66246,2
66247,0
66248,0
66249,0
66250,2
66251,2
66252,2
66253,2
66254,2
66255,0
66256,2
66257,0
66258,2
66259,0
66260,0
66261,0
66262,0
66263,0
66264,2
66265,2
66266,0
66267,0
66268,0
66269,2
66270,0
66271,0
66272,0
66273,2
66274,0
66275,0
66276,0
66277,1
66278,0
66279,0
66280,2
66281,2
66282,0
66283,1
66284,2
66285,1
66286,1
66287,2
66288,2
66289,0
66290,1
66291,0
66292,2
66293,2
66294,2
66295,1
66296,0
66297,2
66298,1
66299,0
66300,2
66301,2
66302,0
66303,0
66304,1
66305,2
66306,0
66307,0
66308,1
66309,1
66310,2
66311,2
66312,1
66313,2
66314,1
66315,1
66316,0
66317,2
66318,0
66319,2
66320,1
66321,2
66322,0
66323,2
66324,0
66325,2
66326,1
66327,2
66328,0
66329,2
66330,2
66331,0
66332,2
66333,1
66334,1
66335,0
66336,2
66337,2
66338,1
66339,2
66340,0
66341,2
66342,0
66343,2
66344,2
66345,2
66346,2
66347,0
66348,2
66349,2
66350,2
66351,0
66352,1
66353,0
66354,0
66355,1
66356,2
66357,0
66358,2
66359,2
66360,2
66361,1
66362,1
66363,2
66364,0
66365,2
66366,1
66367,0
66368,2
66369,1
66370,2
66371,0
66372,0
66373,0
66374,0
66375,2
66376,0
66377,0
66378,0
66379,0
66380,0
66381,2
66382,1
66383,1
66384,0
66385,2
66386,0
66387,2
66388,1
66389,0
66390,0
66391,0
66392,0
66393,0
66394,1
66395,2
66396,2
66397,0
66398,0
66399,1
66400,1
66401,0
66402,0
66403,0
66404,2
66405,1
66406,1
66407,1
66408,1
66409,1
66410,2
66411,1
66412,1
66413,0
66414,0
66415,0
66416,2
66417,1
66418,0
66419,0
66420,2
66421,0
66422,2
66423,0
66424,0
66425,2
66426,1
66427,0
66428,0
66429,1
66430,1
66431,0
66432,1
66433,2
66434,0
66435,2
66436,0
66437,2
66438,2
66439,1
66440,2
66441,1
66442,2
66443,0
66444,0
66445,2
66446,2
66447,2
66448,0
66449,0
66450,0
66451,1
66452,2
66453,2
66454,2
66455,1
66456,1
66457,1
66458,0
66459,0
66460,0
66461,0
66462,0
66463,2
66464,1
66465,2
66466,2
66467,2
66468,2
66469,1
66470,1
66471,2
66472,2
66473,2
66474,1
66475,0
66476,2
66477,0
66478,0
66479,0
66480,0
66481,0
66482,2
66483,0
66484,2
66485,0
66486,0
66487,1
66488,2
66489,1
66490,0
66491,2
66492,2
66493,2
66494,1
66495,2
66496,2
66497,0
66498,1
66499,2
66500,0
66501,1
66502,0
66503,2
66504,2
66505,1
66506,2
66507,0
66508,0
66509,0
66510,0
66511,0
66512,0
66513,2
66514,1
66515,0
66516,0
66517,0
66518,0
66519,2
66520,0
66521,0
66522,0
66523,0
66524,2
66525,1
66526,0
66527,0
66528,2
66529,2
66530,1
66531,2
66532,1
66533,2
66534,1
66535,2
66536,0
66537,2
66538,0
66539,1
66540,0
66541,0
66542,0
66543,0
66544,0
66545,2
66546,0
66547,0
66548,1
66549,2
66550,2
66551,0
66552,0
66553,1
66554,1
66555,0
66556,0
66557,0
66558,2
66559,2
66560,1
66561,2
66562,2
66563,0
66564,0
66565,0
66566,2
66567,1
66568,0
66569,1
66570,0
66571,2
66572,0
66573,0
66574,2
66575,2
66576,1
66577,0
66578,0
66579,0
66580,2
66581,1
66582,1
66583,2
66584,0
66585,2
66586,0
66587,0
66588,1
66589,0
66590,2
66591,2
66592,0
66593,0
66594,0
66595,0
66596,2
66597,0
66598,2
66599,2
66600,1
66601,2
66602,1
66603,1
66604,2
66605,0
66606,1
66607,2
66608,0
66609,2
66610,2
66611,1
66612,2
66613,2
66614,0
66615,0
66616,2
66617,1
66618,2
66619,2
66620,2
66621,0
66622,1
66623,0
66624,0
66625,2
66626,1
66627,2
66628,0
66629,0
66630,0
66631,2
66632,0
66633,0
66634,0
66635,0
66636,0
66637,2
66638,0
66639,1
66640,0
66641,0
66642,1
66643,0
66644,0
66645,1
66646,2
66647,0
66648,2
66649,0
66650,1
66651,2
66652,2
66653,1
66654,0
66655,2
66656,0
66657,0
66658,2
66659,2
66660,0
66661,2
66662,1
66663,0
66664,0
66665,1
66666,2
66667,0
66668,2
66669,1
66670,2
66671,1
66672,2
66673,2
66674,0
66675,0
66676,2
66677,2
66678,1
66679,0
66680,0
66681,2
66682,0
66683,0
66684,2
66685,0
66686,2
66687,2
66688,2
66689,2
66690,2
66691,2
66692,2
66693,2
66694,0
66695,1
66696,0
66697,0
66698,0
66699,0
66700,1
66701,0
66702,0
66703,2
66704,0
66705,1
66706,2
66707,0
66708,2
66709,1
66710,2
66711,1
66712,0
66713,2
66714,1
66715,2
66716,0
66717,0
66718,0
66719,2
66720,0
66721,1
66722,0
66723,0
66724,2
66725,1
66726,2
66727,0
66728,1
66729,0
66730,2
66731,0
66732,2
66733,0
66734,1
66735,0
66736,2
66737,2
66738,0
66739,0
66740,0
66741,0
66742,0
66743,2
66744,0
66745,2
66746,0
66747,1
66748,2
66749,2
66750,1
66751,0
66752,2
66753,2
66754,0
66755,0
66756,0
66757,0
66758,2
66759,1
66760,2
66761,2
66762,0
66763,2
66764,2
66765,0
66766,2
66767,2
66768,2
66769,1
66770,2
66771,2
66772,2
66773,0
66774,0
66775,0
66776,0
66777,0
66778,1
66779,2
66780,0
66781,1
66782,1
66783,0
66784,0
66785,1
66786,1
66787,1
66788,2
66789,2
66790,0
66791,0
66792,2
66793,2
66794,0
66795,0
66796,1
66797,2
66798,0
66799,1
66800,0
66801,0
66802,2
66803,1
66804,0
66805,1
66806,2
66807,2
66808,0
66809,1
66810,2
66811,2
66812,2
66813,1
66814,0
66815,0
66816,1
66817,2
66818,0
66819,0
66820,2
66821,0
66822,2
66823,0
66824,1
66825,1
66826,2
66827,2
66828,0
66829,1
66830,0
66831,0
66832,0
66833,1
66834,2
66835,0
66836,2
66837,2
66838,1
66839,0
66840,0
66841,0
66842,2
66843,0
66844,0
66845,0
66846,2
66847,2
66848,1
66849,2
66850,2
66851,2
66852,0
66853,0
66854,2
66855,2
66856,0
66857,2
66858,1
66859,0
66860,2
66861,0
66862,2
66863,0
66864,2
66865,0
66866,2
66867,1
66868,0
66869,0
66870,0
66871,2
66872,2
66873,2
66874,0
66875,1
66876,0
66877,0
66878,2
66879,1
66880,0
66881,2
66882,0
66883,2
66884,0
66885,2
66886,2
66887,2
66888,2
66889,2
66890,0
66891,0
66892,2
66893,0
66894,0
66895,1
66896,1
66897,2
66898,2
66899,0
66900,2
66901,2
66902,0
66903,0
66904,2
66905,0
66906,0
66907,2
66908,0
66909,1
66910,2
66911,0
66912,0
66913,0
66914,2
66915,0
66916,0
66917,0
66918,1
66919,2
66920,1
66921,0
66922,0
66923,1
66924,0
66925,0
66926,2
66927,2
66928,1
66929,0
66930,0
66931,2
66932,2
66933,0
66934,1
66935,0
66936,0
66937,0
66938,0
66939,0
66940,2
66941,2
66942,0
66943,1
66944,1
66945,2
66946,0
66947,2
66948,2
66949,1
66950,2
66951,2
66952,0
66953,1
66954,2
66955,2
66956,1
66957,2
66958,1
66959,2
66960,2
66961,2
66962,1
66963,0
66964,1
66965,0
66966,2
66967,0
66968,1
66969,1
66970,1
66971,2
66972,2
66973,2
66974,0
66975,0
66976,2
66977,0
66978,2
66979,1
66980,0
66981,2
66982,0
66983,2
66984,0
66985,1
66986,1
66987,1
66988,0
66989,2
66990,2
66991,0
66992,0
66993,0
66994,1
66995,0
66996,1
66997,2
66998,2
66999,1
67000,1
67001,0
67002,0
67003,2
67004,0
67005,1
67006,0
67007,0
67008,0
67009,2
67010,0
67011,1
67012,0
67013,2
67014,1
67015,1
67016,2
67017,1
67018,2
67019,1
67020,0
67021,1
67022,1
67023,0
67024,1
67025,0
67026,2
67027,0
67028,2
67029,0
67030,0
67031,2
67032,2
67033,1
67034,1
67035,1
67036,2
67037,2
67038,2
67039,2
67040,2
67041,1
67042,2
67043,1
67044,0
67045,2
67046,2
67047,0
67048,1
67049,2
67050,0
67051,0
67052,1
67053,1
67054,2
67055,1
67056,1
67057,1
67058,2
67059,1
67060,1
67061,1
67062,0
67063,1
67064,2
67065,1
67066,2
67067,2
67068,0
67069,1
67070,0
67071,0
67072,1
67073,1
67074,1
67075,1
67076,2
67077,0
67078,1
67079,2
67080,2
67081,0
67082,1
67083,0
67084,0
67085,2
67086,1
67087,0
67088,2
67089,2
67090,0
67091,0
67092,0
67093,0
67094,2
67095,1
67096,1
67097,2
67098,0
67099,2
67100,0
67101,1
67102,2
67103,0
67104,0
67105,0
67106,2
67107,1
67108,2
67109,2
67110,2
67111,1
67112,2
67113,1
67114,1
67115,0
67116,0
67117,2
67118,2
67119,2
67120,2
67121,1
67122,2
67123,1
67124,1
67125,2
67126,0
67127,2
67128,0
67129,0
67130,2
67131,0
67132,2
67133,2
67134,1
67135,0
67136,2
67137,1
67138,2
67139,1
67140,2
67141,0
67142,0
67143,0
67144,0
67145,0
67146,1
67147,0
67148,1
67149,1
67150,0
67151,0
67152,2
67153,2
67154,0
67155,1
67156,0
67157,2
67158,0
67159,1
67160,2
67161,2
67162,0
67163,1
67164,1
67165,2
67166,1
67167,2
67168,2
67169,1
67170,2
67171,1
67172,2
67173,1
67174,0
67175,0
67176,2
67177,1
67178,1
67179,0
67180,0
67181,2
67182,2
67183,0
67184,2
67185,1
67186,0
67187,2
67188,2
67189,0
67190,0
67191,2
67192,0
67193,0
67194,0
67195,1
67196,2
67197,2
67198,2
67199,0
67200,1
67201,0
67202,0
67203,1
67204,1
67205,0
67206,0
67207,2
67208,0
67209,0
67210,2
67211,2
67212,0
67213,2
67214,2
67215,2
67216,0
67217,0
67218,1
67219,0
67220,2
67221,0
67222,1
67223,2
67224,1
67225,2
67226,0
67227,0
67228,1
67229,2
67230,0
67231,0
67232,1
67233,0
67234,0
67235,0
67236,0
67237,0
67238,2
67239,2
67240,2
67241,1
67242,2
67243,1
67244,2
67245,2
67246,0
67247,2
67248,1
67249,0
67250,2
67251,1
67252,2
67253,2
67254,2
67255,2
67256,0
67257,1
67258,2
67259,1
67260,1
67261,1
67262,1
67263,2
67264,0
67265,0
67266,2
67267,0
67268,0
67269,0
67270,0
67271,2
67272,1
67273,1
67274,1
67275,2
67276,2
67277,2
67278,0
67279,2
67280,2
67281,1
67282,0
67283,0
67284,0
67285,0
67286,2
67287,0
67288,0
67289,1
67290,1
67291,0
67292,0
67293,2
67294,0
67295,0
67296,0
67297,0
67298,0
67299,2
67300,0
67301,0
67302,0
67303,1
67304,2
67305,1
67306,0
67307,1
67308,2
67309,2
67310,2
67311,1
67312,0
67313,0
67314,2
67315,0
67316,2
67317,2
67318,2
67319,1
67320,2
67321,2
67322,0
67323,0
67324,2
67325,2
67326,2
67327,2
67328,1
67329,0
67330,2
67331,0
67332,0
67333,0
67334,1
67335,2
67336,0
67337,1
67338,1
67339,0
67340,2
67341,0
67342,1
67343,2
67344,0
67345,2
67346,1
67347,1
67348,0
67349,1
67350,0
67351,2
67352,0
67353,1
67354,1
67355,0
67356,0
67357,0
67358,2
67359,0
67360,0
67361,2
67362,1
67363,0
67364,2
67365,0
67366,2
67367,0
67368,0
67369,0
67370,1
67371,0
67372,1
67373,0
67374,0
67375,2
67376,0
67377,2
67378,0
67379,0
67380,0
67381,0
67382,0
67383,0
67384,1
67385,2
67386,1
67387,1
67388,1
67389,1
67390,0
67391,1
67392,1
67393,2
67394,1
67395,0
67396,1
67397,0
67398,1
67399,1
67400,2
67401,2
67402,0
67403,2
67404,2
67405,2
67406,1
67407,0
67408,0
67409,0
67410,0
67411,0
67412,2
67413,1
67414,2
67415,2
67416,0
67417,2
67418,0
67419,2
67420,2
67421,1
67422,2
67423,0
67424,1
67425,2
67426,2
67427,1
67428,0
67429,1
67430,2
67431,0
67432,2
67433,2
67434,0
67435,2
67436,2
67437,1
67438,2
67439,0
67440,2
67441,2
67442,2
67443,1
67444,2
67445,0
67446,0
67447,2
67448,0
67449,1
67450,1
67451,0
67452,2
67453,2
67454,0
67455,0
67456,0
67457,0
67458,2
67459,0
67460,1
67461,0
67462,0
67463,2
67464,0
67465,0
67466,1
67467,2
67468,2
67469,1
67470,1
67471,0
67472,0
67473,2
67474,0
67475,0
67476,1
67477,0
67478,1
67479,0
67480,2
67481,1
67482,2
67483,2
67484,0
67485,2
67486,0
67487,0
67488,1
67489,1
67490,1
67491,1
67492,0
67493,0
67494,0
67495,2
67496,2
67497,1
67498,0
67499,0
67500,0
67501,2
67502,1
67503,2
67504,1
67505,0
67506,0
67507,1
67508,2
67509,2
67510,2
67511,1
67512,0
67513,1
67514,2
67515,2
67516,2
67517,0
67518,2
67519,1
67520,1
67521,1
67522,0
67523,0
67524,2
67525,1
67526,1
67527,2
67528,2
67529,0
67530,1
67531,2
67532,0
67533,0
67534,0
67535,2
67536,0
67537,2
67538,1
67539,0
67540,0
67541,1
67542,2
67543,1
67544,0
67545,0
67546,1
67547,0
67548,2
67549,1
67550,2
67551,2
67552,2
67553,1
67554,2
67555,1
67556,1
67557,2
67558,1
67559,0
67560,1
67561,0
67562,2
67563,1
67564,2
67565,1
67566,1
67567,0
67568,1
67569,0
67570,2
67571,0
67572,2
67573,2
67574,0
67575,1
67576,0
67577,0
67578,2
67579,0
67580,1
67581,0
67582,0
67583,0
67584,2
67585,2
67586,0
67587,2
67588,0
67589,2
67590,0
67591,0
67592,2
67593,0
67594,2
67595,0
67596,1
67597,0
67598,0
67599,0
67600,2
67601,0
67602,1
67603,1
67604,0
67605,2
67606,0
67607,1
67608,1
67609,0
67610,2
67611,0
67612,0
67613,2
67614,0
67615,1
67616,1
67617,0
67618,0
67619,2
67620,0
67621,2
67622,2
67623,0
67624,0
67625,2
67626,2
67627,2
67628,1
67629,2
67630,2
67631,0
67632,1
67633,0
67634,0
67635,0
67636,0
67637,0
67638,1
67639,1
67640,0
67641,2
67642,0
67643,1
67644,1
67645,1
67646,2
67647,0
67648,2
67649,0
67650,2
67651,1
67652,1
67653,0
67654,0
67655,2
67656,2
67657,1
67658,2
67659,0
67660,2
67661,1
67662,0
67663,2
67664,2
67665,2
67666,2
67667,2
67668,1
67669,0
67670,1
67671,1
67672,0
67673,1
67674,0
67675,2
67676,0
67677,2
67678,0
67679,1
67680,0
67681,2
67682,1
67683,2
67684,2
67685,0
67686,0
67687,0
67688,2
67689,2
67690,1
67691,2
67692,2
67693,2
67694,0
67695,1
67696,0
67697,1
67698,2
67699,2
67700,2
67701,2
67702,0
67703,2
67704,2
67705,0
67706,0
67707,1
67708,1
67709,2
67710,2
67711,2
67712,2
67713,0
67714,0
67715,0
67716,0
67717,2
67718,0
67719,2
67720,1
67721,1
67722,0
67723,2
67724,2
67725,1
67726,2
67727,2
67728,1
67729,2
67730,2
67731,2
67732,2
67733,2
67734,1
67735,2
67736,0
67737,2
67738,1
67739,2
67740,1
67741,2
67742,1
67743,1
67744,0
67745,0
67746,0
67747,2
67748,0
67749,0
67750,2
67751,2
67752,2
67753,0
67754,2
67755,0
67756,1
67757,0
67758,0
67759,2
67760,0
67761,2
67762,0
67763,2
67764,0
67765,2
67766,0
67767,2
67768,0
67769,1
67770,2
67771,1
67772,2
67773,1
67774,2
67775,1
67776,0
67777,0
67778,0
67779,2
67780,0
67781,2
67782,2
67783,0
67784,1
67785,0
67786,2
67787,2
67788,1
67789,0
67790,0
67791,2
67792,1
67793,0
67794,0
67795,0
67796,0
67797,0
67798,2
67799,2
67800,0
67801,2
67802,2
67803,2
67804,2
67805,0
67806,0
67807,2
67808,1
67809,2
67810,0
67811,1
67812,1
67813,0
67814,2
67815,0
67816,2
67817,2
67818,1
67819,2
67820,0
67821,0
67822,2
67823,2
67824,1
67825,1
67826,2
67827,0
67828,2
67829,0
67830,1
67831,1
67832,0
67833,1
67834,1
67835,2
67836,1
67837,1
67838,1
67839,1
67840,2
67841,1
67842,1
67843,2
67844,1
67845,2
67846,1
67847,2
67848,1
67849,0
67850,2
67851,2
67852,0
67853,0
67854,1
67855,1
67856,0
67857,0
67858,0
67859,0
67860,2
67861,2
67862,1
67863,0
67864,1
67865,2
67866,1
67867,1
67868,2
67869,0
67870,2
67871,0
67872,0
67873,2
67874,0
67875,2
67876,1
67877,0
67878,0
67879,0
67880,2
67881,2
67882,0
67883,0
67884,2
67885,1
67886,0
67887,2
67888,0
67889,1
67890,1
67891,0
67892,2
67893,0
67894,2
67895,1
67896,2
67897,0
67898,0
67899,0
67900,0
67901,2
67902,2
67903,2
67904,1
67905,2
67906,2
67907,0
67908,0
67909,2
67910,0
67911,2
67912,0
67913,0
67914,0
67915,2
67916,0
67917,0
67918,1
67919,2
67920,2
67921,2
67922,0
67923,2
67924,2
67925,2
67926,2
67927,0
67928,0
67929,1
67930,2
67931,0
67932,1
67933,2
67934,0
67935,0
67936,0
67937,0
67938,0
67939,2
67940,0
67941,2
67942,2
67943,1
67944,1
67945,2
67946,2
67947,2
67948,1
67949,2
67950,0
67951,0
67952,0
67953,0
67954,2
67955,2
67956,1
67957,0
67958,0
67959,1
67960,2
67961,1
67962,2
67963,2
67964,0
67965,1
67966,0
67967,2
67968,0
67969,0
67970,1
67971,2
67972,0
67973,2
67974,2
67975,0
67976,0
67977,0
67978,0
67979,1
67980,1
67981,0
67982,2
67983,0
67984,2
67985,2
67986,2
67987,2
67988,2
67989,0
67990,0
67991,2
67992,1
67993,2
67994,1
67995,1
67996,0
67997,0
67998,0
67999,0
68000,0
68001,1
68002,2
68003,2
68004,1
68005,2
68006,2
68007,0
68008,0
68009,2
68010,1
68011,0
68012,0
68013,2
68014,2
68015,1
68016,2
68017,0
68018,2
68019,0
68020,0
68021,2
68022,0
68023,2
68024,2
68025,2
68026,2
68027,0
68028,2
68029,0
68030,2
68031,0
68032,0
68033,2
68034,0
68035,0
68036,2
68037,1
68038,1
68039,2
68040,0
68041,0
68042,1
68043,0
68044,0
68045,2
68046,1
68047,0
68048,0
68049,2
68050,2
68051,0
68052,1
68053,0
68054,0
68055,1
68056,2
68057,1
68058,0
68059,2
68060,0
68061,2
68062,2
68063,1
68064,0
68065,0
68066,1
68067,0
68068,1
68069,0
68070,2
68071,1
68072,1
68073,2
68074,0
68075,0
68076,0
68077,2
68078,2
68079,2
68080,2
68081,0
68082,2
68083,0
68084,0
68085,2
68086,2
68087,1
68088,2
68089,2
68090,0
68091,2
68092,1
68093,0
68094,2
68095,0
68096,2
68097,2
68098,2
68099,2
68100,0
68101,0
68102,0
68103,0
68104,0
68105,0
68106,0
68107,0
68108,0
68109,2
68110,0
68111,2
68112,2
68113,2
68114,0
68115,0
68116,0
68117,0
68118,2
68119,1
68120,2
68121,0
68122,0
68123,0
68124,0
68125,2
68126,1
68127,0
68128,2
68129,2
68130,2
68131,0
68132,0
68133,0
68134,2
68135,1
68136,1
68137,2
68138,2
68139,0
68140,0
68141,2
68142,0
68143,2
68144,2
68145,2
68146,0
68147,2
68148,1
68149,2
68150,2
68151,0
68152,0
68153,1
68154,2
68155,0
68156,2
68157,2
68158,1
68159,2
68160,1
68161,0
68162,1
68163,2
68164,0
68165,2
68166,1
68167,0
68168,2
68169,2
68170,0
68171,0
68172,2
68173,2
68174,0
68175,2
68176,0
68177,2
68178,0
68179,2
68180,0
68181,0
68182,2
68183,1
68184,0
68185,2
68186,2
68187,2
68188,2
68189,1
68190,0
68191,0
68192,2
68193,0
68194,0
68195,2
68196,2
68197,2
68198,2
68199,2
68200,0
68201,2
68202,0
68203,0
68204,1
68205,1
68206,0
68207,1
68208,0
68209,2
68210,0
68211,2
68212,2
68213,0
68214,0
68215,2
68216,1
68217,0
68218,1
68219,0
68220,0
68221,2
68222,1
68223,1
68224,1
68225,1
68226,2
68227,1
68228,0
68229,1
68230,0
68231,1
68232,0
68233,0
68234,1
68235,0
68236,1
68237,0
68238,2
68239,1
68240,0
68241,2
68242,2
68243,1
68244,2
68245,2
68246,1
68247,2
68248,0
68249,2
68250,2
68251,1
68252,0
68253,0
68254,0
68255,1
68256,2
68257,0
68258,0
68259,0
68260,0
68261,0
68262,0
68263,2
68264,0
68265,2
68266,0
68267,0
68268,2
68269,2
68270,0
68271,0
68272,2
68273,2
68274,1
68275,2
68276,1
68277,0
68278,2
68279,0
68280,2
68281,0
68282,2
68283,0
68284,1
68285,2
68286,2
68287,2
68288,2
68289,0
68290,2
68291,0
68292,2
68293,0
68294,2
68295,2
68296,2
68297,2
68298,1
68299,0
68300,0
68301,2
68302,0
68303,0
68304,0
68305,1
68306,2
68307,0
68308,2
68309,2
68310,2
68311,1
68312,2
68313,2
68314,1
68315,2
68316,0
68317,0
68318,0
68319,2
68320,0
68321,2
68322,0
68323,2
68324,0
68325,2
68326,0
68327,1
68328,1
68329,1
68330,2
68331,0
68332,0
68333,2
68334,0
68335,2
68336,2
68337,2
68338,2
68339,0
68340,0
68341,1
68342,0
68343,2
68344,1
68345,0
68346,2
68347,2
68348,2
68349,0
68350,2
68351,0
68352,0
68353,2
68354,1
68355,1
68356,2
68357,1
68358,1
68359,2
68360,0
68361,0
68362,0
68363,0
68364,2
68365,2
68366,1
68367,0
68368,2
68369,2
68370,1
68371,0
68372,0
68373,0
68374,0
68375,0
68376,2
68377,0
68378,0
68379,0
68380,2
68381,1
68382,1
68383,1
68384,0
68385,0
68386,1
68387,2
68388,1
68389,1
68390,2
68391,2
68392,2
68393,0
68394,0
68395,1
68396,1
68397,0
68398,0
68399,2
68400,0
68401,0
68402,2
68403,1
68404,2
68405,2
68406,2
68407,1
68408,0
68409,2
68410,0
68411,2
68412,0
68413,1
68414,0
68415,2
68416,2
68417,0
68418,2
68419,1
68420,0
68421,0
68422,1
68423,1
68424,0
68425,2
68426,0
68427,2
68428,2
68429,2
68430,0
68431,0
68432,2
68433,2
68434,2
68435,0
68436,0
68437,2
68438,1
68439,0
68440,2
68441,1
68442,1
68443,2
68444,2
68445,0
68446,0
68447,2
68448,0
68449,2
68450,1
68451,1
68452,2
68453,1
68454,0
68455,2
68456,2
68457,1
68458,1
68459,1
68460,0
68461,1
68462,2
68463,0
68464,0
68465,2
68466,0
68467,0
68468,0
68469,2
68470,2
68471,2
68472,0
68473,2
68474,0
68475,0
68476,2
68477,0
68478,2
68479,0
68480,0
68481,2
68482,2
68483,2
68484,0
68485,0
68486,2
68487,0
68488,2
68489,2
68490,2
68491,0
68492,2
68493,1
68494,0
68495,2
68496,1
68497,2
68498,1
68499,1
68500,2
68501,0
68502,1
68503,2
68504,2
68505,0
68506,0
68507,1
68508,1
68509,2
68510,2
68511,0
68512,0
68513,1
68514,2
68515,0
68516,0
68517,1
68518,2
68519,0
68520,1
68521,2
68522,2
68523,1
68524,2
68525,0
68526,0
68527,1
68528,1
68529,0
68530,0
68531,2
68532,2
68533,0
68534,1
68535,1
68536,0
68537,0
68538,1
68539,2
68540,2
68541,2
68542,0
68543,2
68544,2
68545,0
68546,0
68547,2
68548,2
68549,0
68550,2
68551,0
68552,0
68553,2
68554,1
68555,0
68556,0
68557,0
68558,2
68559,1
68560,1
68561,2
68562,1
68563,2
68564,2
68565,0
68566,1
68567,1
68568,0
68569,0
68570,2
68571,2
68572,2
68573,0
68574,1
68575,0
68576,0
68577,1
68578,2
68579,0
68580,2
68581,1
68582,2
68583,1
68584,0
68585,0
68586,1
68587,0
68588,2
68589,0
68590,1
68591,0
68592,0
68593,1
68594,0
68595,0
68596,1
68597,1
68598,2
68599,0
68600,0
68601,1
68602,0
68603,2
68604,1
68605,0
68606,2
68607,0
68608,0
68609,2
68610,1
68611,1
68612,0
68613,2
68614,2
68615,0
68616,0
68617,2
68618,2
68619,0
68620,1
68621,2
68622,1
68623,1
68624,2
68625,2
68626,2
68627,2
68628,2
68629,0
68630,2
68631,2
68632,2
68633,0
68634,0
68635,0
68636,0
68637,2
68638,2
68639,2
68640,1
68641,1
68642,2
68643,2
68644,2
68645,0
68646,1
68647,1
68648,0
68649,2
68650,2
68651,0
68652,2
68653,0
68654,2
68655,2
68656,0
68657,2
68658,0
68659,2
68660,0
68661,2
68662,0
68663,0
68664,0
68665,1
68666,0
68667,2
68668,0
68669,0
68670,2
68671,2
68672,1
68673,0
68674,2
68675,0
68676,2
68677,0
68678,2
68679,0
68680,0
68681,1
68682,2
68683,2
68684,2
68685,1
68686,2
68687,2
68688,2
68689,0
68690,1
68691,2
68692,0
68693,2
68694,1
68695,2
68696,2
68697,0
68698,2
68699,0
68700,0
68701,0
68702,0
68703,2
68704,1
68705,2
68706,0
68707,1
68708,1
68709,2
68710,0
68711,2
68712,0
68713,1
68714,0
68715,1
68716,2
68717,0
68718,1
68719,2
68720,2
68721,0
68722,2
68723,2
68724,2
68725,0
68726,2
68727,2
68728,0
68729,0
68730,2
68731,1
68732,0
68733,0
68734,2
68735,1
68736,1
68737,0
68738,0
68739,0
68740,0
68741,2
68742,0
68743,2
68744,1
68745,1
68746,2
68747,2
68748,2
68749,1
68750,2
68751,0
68752,1
68753,2
68754,2
68755,2
68756,2
68757,0
68758,2
68759,0
68760,1
68761,0
68762,1
68763,2
68764,1
68765,0
68766,1
68767,1
68768,1
68769,1
68770,0
68771,0
68772,2
68773,1
68774,0
68775,1
68776,2
68777,1
68778,0
68779,0
68780,2
68781,0
68782,0
68783,1
68784,0
68785,0
68786,2
68787,2
68788,2
68789,2
68790,0
68791,1
68792,2
68793,1
68794,1
68795,0
68796,1
68797,1
68798,0
68799,1
68800,2
68801,0
68802,2
68803,2
68804,1
68805,0
68806,2
68807,0
68808,1
68809,0
68810,1
68811,0
68812,0
68813,0
68814,1
68815,0
68816,0
68817,2
68818,0
68819,1
68820,0
68821,2
68822,0
68823,2
68824,1
68825,0
68826,2
68827,2
68828,0
68829,0
68830,0
68831,0
68832,1
68833,2
68834,0
68835,0
68836,2
68837,0
68838,1
68839,0
68840,2
68841,2
68842,0
68843,2
68844,2
68845,2
68846,0
68847,0
68848,1
68849,2
68850,0
68851,0
68852,2
68853,0
68854,0
68855,2
68856,1
68857,0
68858,1
68859,2
68860,0
68861,2
68862,2
68863,2
68864,0
68865,2
68866,0
68867,0
68868,2
68869,1
68870,1
68871,0
68872,0
68873,2
68874,0
68875,1
68876,1
68877,0
68878,2
68879,0
68880,0
68881,2
68882,2
68883,0
68884,2
68885,2
68886,0
68887,0
68888,0
68889,0
68890,2
68891,0
68892,1
68893,2
68894,0
68895,0
68896,0
68897,1
68898,2
68899,0
68900,1
68901,0
68902,2
68903,2
68904,0
68905,1
68906,2
68907,0
68908,2
68909,2
68910,2
68911,0
68912,0
68913,2
68914,2
68915,1
68916,2
68917,1
68918,2
68919,2
68920,2
68921,1
68922,2
68923,2
68924,1
68925,0
68926,2
68927,0
68928,2
68929,0
68930,0
68931,0
68932,1
68933,1
68934,2
68935,1
68936,2
68937,2
68938,2
68939,2
68940,2
68941,2
68942,2
68943,0
68944,2
68945,2
68946,0
68947,0
68948,1
68949,2
68950,2
68951,1
68952,1
68953,0
68954,0
68955,0
68956,0
68957,0
68958,0
68959,1
68960,2
68961,2
68962,2
68963,2
68964,1
68965,0
68966,2
68967,0
68968,2
68969,1
68970,2
68971,1
68972,1
68973,0
68974,1
68975,0
68976,0
68977,0
68978,2
68979,0
68980,2
68981,2
68982,0
68983,1
68984,0
68985,2
68986,0
68987,0
68988,1
68989,0
68990,0
68991,2
68992,1
68993,0
68994,1
68995,0
68996,2
68997,1
68998,0
68999,1
69000,0
69001,1
69002,2
69003,1
69004,2
69005,2
69006,0
69007,0
69008,2
69009,1
69010,0
69011,2
69012,1
69013,2
69014,2
69015,1
69016,0
69017,2
69018,1
69019,1
69020,0
69021,0
69022,1
69023,2
69024,1
69025,2
69026,1
69027,2
69028,1
69029,2
69030,2
69031,2
69032,2
69033,2
69034,2
69035,0
69036,0
69037,0
69038,0
69039,1
69040,2
69041,1
69042,0
69043,2
69044,0
69045,2
69046,1
69047,1
69048,0
69049,0
69050,1
69051,2
69052,2
69053,1
69054,1
69055,1
69056,2
69057,1
69058,0
69059,2
69060,2
69061,0
69062,2
69063,1
69064,0
69065,0
69066,2
69067,1
69068,0
69069,0
69070,2
69071,0
69072,1
69073,0
69074,1
69075,1
69076,0
69077,2
69078,2
69079,0
69080,1
69081,1
69082,0
69083,2
69084,1
69085,0
69086,1
69087,1
69088,0
69089,1
69090,2
69091,0
69092,0
69093,0
69094,2
69095,2
69096,1
69097,2
69098,0
69099,1
69100,0
69101,2
69102,2
69103,2
69104,1
69105,0
69106,2
69107,0
69108,2
69109,0
69110,2
69111,2
69112,0
69113,2
69114,2
69115,2
69116,0
69117,0
69118,0
69119,0
69120,0
69121,2
69122,0
69123,2
69124,0
69125,0
69126,2
69127,2
69128,0
69129,2
69130,0
69131,1
69132,0
69133,1
69134,0
69135,0
69136,0
69137,0
69138,0
69139,0
69140,2
69141,0
69142,1
69143,0
69144,1
69145,0
69146,2
69147,0
69148,0
69149,2
69150,0
69151,1
69152,2
69153,1
69154,1
69155,2
69156,2
69157,2
69158,0
69159,1
69160,0
69161,1
69162,0
69163,2
69164,0
69165,2
69166,1
69167,2
69168,0
69169,2
69170,1
69171,2
69172,0
69173,2
69174,2
69175,1
69176,2
69177,2
69178,0
69179,1
69180,0
69181,2
69182,2
69183,0
69184,1
69185,0
69186,2
69187,0
69188,1
69189,1
69190,1
69191,0
69192,0
69193,1
69194,2
69195,2
69196,1
69197,0
69198,2
69199,2
69200,0
69201,0
69202,1
69203,1
69204,0
69205,0
69206,2
69207,0
69208,1
69209,2
69210,0
69211,0
69212,2
69213,2
69214,0
69215,1
69216,0
69217,2
69218,0
69219,0
69220,1
69221,0
69222,1
69223,2
69224,0
69225,0
69226,2
69227,1
69228,0
69229,2
69230,0
69231,1
69232,0
69233,0
69234,0
69235,0
69236,0
69237,2
69238,1
69239,0
69240,0
69241,1
69242,1
69243,0
69244,2
69245,0
69246,0
69247,0
69248,0
69249,2
69250,0
69251,0
69252,2
69253,0
69254,1
69255,1
69256,2
69257,0
69258,0
69259,1
69260,2
69261,1
69262,1
69263,2
69264,1
69265,0
69266,2
69267,0
69268,1
69269,2
69270,2
69271,2
69272,0
69273,2
69274,1
69275,2
69276,0
69277,1
69278,1
69279,1
69280,1
69281,0
69282,2
69283,1
69284,0
69285,0
69286,0
69287,0
69288,0
69289,0
69290,2
69291,0
69292,1
69293,0
69294,0
69295,2
69296,2
69297,0
69298,1
69299,1
69300,0
69301,2
69302,0
69303,1
69304,0
69305,2
69306,2
69307,0
69308,2
69309,1
69310,1
69311,1
69312,0
69313,0
69314,2
69315,2
69316,1
69317,0
69318,2
69319,1
69320,1
69321,2
69322,0
69323,0
69324,0
69325,2
69326,2
69327,1
69328,0
69329,2
69330,0
69331,2
69332,0
69333,2
69334,1
69335,2
69336,2
69337,0
69338,2
69339,1
69340,0
69341,2
69342,2
69343,2
69344,2
69345,0
69346,0
69347,0
69348,2
69349,2
69350,0
69351,0
69352,0
69353,1
69354,1
69355,2
69356,2
69357,2
69358,1
69359,0
69360,1
69361,2
69362,2
69363,2
69364,1
69365,2
69366,0
69367,1
69368,0
69369,0
69370,1
69371,2
69372,2
69373,0
69374,0
69375,0
69376,2
69377,0
69378,2
69379,0
69380,0
69381,1
69382,1
69383,2
69384,1
69385,0
69386,0
69387,2
69388,2
69389,2
69390,0
69391,1
69392,1
69393,2
69394,2
69395,2
69396,0
69397,0
69398,2
69399,0
69400,1
69401,0
69402,0
69403,2
69404,1
69405,0
69406,2
69407,1
69408,2
69409,1
69410,1
69411,0
69412,2
69413,2
69414,0
69415,0
69416,0
69417,1
69418,2
69419,2
69420,1
69421,0
69422,1
69423,0
69424,1
69425,2
69426,0
69427,0
69428,2
69429,2
69430,2
69431,1
69432,0
69433,0
69434,1
69435,1
69436,0
69437,2
69438,0
69439,0
69440,0
69441,0
69442,2
69443,1
69444,1
69445,2
69446,1
69447,1
69448,2
69449,2
69450,0
69451,1
69452,1
69453,2
69454,1
69455,2
69456,1
69457,0
69458,0
69459,0
69460,2
69461,1
69462,0
69463,1
69464,0
69465,0
69466,1
69467,2
69468,0
69469,1
69470,0
69471,0
69472,0
69473,0
69474,2
69475,2
69476,0
69477,2
69478,1
69479,2
69480,2
69481,2
69482,0
69483,0
69484,0
69485,2
69486,2
69487,0
69488,0
69489,2
69490,2
69491,2
69492,0
69493,2
69494,1
69495,1
69496,2
69497,2
69498,0
69499,0
69500,1
69501,0
69502,0
69503,2
69504,2
69505,2
69506,0
69507,0
69508,0
69509,2
69510,2
69511,2
69512,2
69513,0
69514,2
69515,0
69516,1
69517,1
69518,1
69519,0
69520,2
69521,2
69522,2
69523,0
69524,2
69525,0
69526,2
69527,0
69528,0
69529,0
69530,2
69531,0
69532,1
69533,0
69534,1
69535,1
69536,2
69537,0
69538,2
69539,2
69540,2
69541,2
69542,1
69543,0
69544,2
69545,0
69546,0
69547,2
69548,1
69549,2
69550,0
69551,0
69552,2
69553,0
69554,0
69555,1
69556,2
69557,2
69558,0
69559,0
69560,0
69561,2
69562,0
69563,0
69564,2
69565,0
69566,2
69567,0
69568,2
69569,2
69570,0
69571,1
69572,1
69573,0
69574,0
69575,2
69576,2
69577,0
69578,2
69579,2
69580,2
69581,2
69582,1
69583,2
69584,2
69585,1
69586,0
69587,0
69588,0
69589,2
69590,2
69591,2
69592,0
69593,0
69594,2
69595,2
69596,1
69597,1
69598,2
69599,0
69600,0
69601,2
69602,2
69603,1
69604,2
69605,0
69606,2
69607,0
69608,0
69609,0
69610,0
69611,2
69612,0
69613,1
69614,2
69615,1
69616,2
69617,2
69618,0
69619,2
69620,2
69621,1
69622,2
69623,0
69624,0
69625,2
69626,0
69627,1
69628,0
69629,1
69630,0
69631,0
69632,0
69633,1
69634,2
69635,1
69636,2
69637,1
69638,0
69639,0
69640,0
69641,2
69642,1
69643,1
69644,1
69645,0
69646,0
69647,1
69648,1
69649,2
69650,0
69651,2
69652,0
69653,2
69654,0
69655,0
69656,2
69657,2
69658,1
69659,2
69660,0
69661,2
69662,1
69663,1
69664,0
69665,0
69666,0
69667,1
69668,1
69669,2
69670,2
69671,2
69672,0
69673,1
69674,2
69675,2
69676,1
69677,2
69678,0
69679,0
69680,0
69681,2
69682,1
69683,1
69684,2
69685,2
69686,2
69687,1
69688,2
69689,2
69690,0
69691,0
69692,0
69693,1
69694,0
69695,2
69696,1
69697,0
69698,2
69699,1
69700,2
69701,2
69702,1
69703,1
69704,1
69705,0
69706,0
69707,1
69708,2
69709,2
69710,2
69711,0
69712,0
69713,0
69714,2
69715,2
69716,1
69717,0
69718,2
69719,0
69720,1
69721,0
69722,0
69723,2
69724,1
69725,0
69726,2
69727,2
69728,0
69729,0
69730,1
69731,1
69732,1
69733,2
69734,2
69735,0
69736,0
69737,0
69738,2
69739,1
69740,0
69741,0
69742,0
69743,0
69744,1
69745,1
69746,0
69747,0
69748,2
69749,0
69750,1
69751,2
69752,1
69753,2
69754,0
69755,0
69756,0
69757,1
69758,2
69759,0
69760,0
69761,0
69762,0
69763,0
69764,1
69765,0
69766,2
69767,2
69768,1
69769,1
69770,2
69771,2
69772,0
69773,0
69774,2
69775,2
69776,0
69777,2
69778,0
69779,2
69780,0
69781,0
69782,2
69783,1
69784,1
69785,2
69786,1
69787,0
69788,2
69789,0
69790,2
69791,2
69792,1
69793,0
69794,1
69795,0
69796,0
69797,1
69798,0
69799,0
69800,0
69801,1
69802,1
69803,0
69804,0
69805,1
69806,0
69807,0
69808,2
69809,2
69810,1
69811,2
69812,2
69813,2
69814,2
69815,0
69816,0
69817,0
69818,0
69819,0
69820,1
69821,0
69822,1
69823,1
69824,2
69825,2
69826,0
69827,2
69828,0
69829,2
69830,2
69831,1
69832,1
69833,2
69834,1
69835,2
69836,2
69837,0
69838,0
69839,2
69840,1
69841,1
69842,0
69843,2
69844,2
69845,0
69846,1
69847,0
69848,2
69849,0
69850,0
69851,0
69852,1
69853,0
69854,2
69855,2
69856,0
69857,1
69858,0
69859,2
69860,2
69861,1
69862,2
69863,1
69864,2
69865,2
69866,2
69867,2
69868,2
69869,1
69870,2
69871,0
69872,2
69873,1
69874,0
69875,1
69876,1
69877,2
69878,2
69879,0
69880,1
69881,0
69882,0
69883,2
69884,0
69885,1
69886,0
69887,1
69888,1
69889,2
69890,0
69891,2
69892,2
69893,0
69894,2
69895,2
69896,1
69897,0
69898,0
69899,0
69900,1
69901,1
69902,0
69903,2
69904,2
69905,1
69906,2
69907,1
69908,2
69909,0
69910,2
69911,0
69912,2
69913,1
69914,2
69915,2
69916,2
69917,2
69918,0
69919,2
69920,1
69921,2
69922,1
69923,0
69924,0
69925,0
69926,0
69927,2
69928,1
69929,1
69930,1
69931,2
69932,0
69933,1
69934,2
69935,2
69936,0
69937,1
69938,1
69939,2
69940,0
69941,1
69942,0
69943,0
69944,1
69945,1
69946,0
69947,0
69948,2
69949,2
69950,1
69951,0
69952,0
69953,0
69954,0
69955,0
69956,0
69957,1
69958,2
69959,2
69960,0
69961,1
69962,2
69963,2
69964,1
69965,0
69966,2
69967,0
69968,1
69969,1
69970,2
69971,1
69972,2
69973,2
69974,0
69975,0
69976,0
69977,0
69978,1
69979,0
69980,0
69981,0
69982,2
69983,2
69984,0
69985,0
69986,2
69987,0
69988,1
69989,0
69990,1
69991,0
69992,2
69993,2
69994,1
69995,2
69996,0
69997,2
69998,0
69999,2
70000,0
70001,2
70002,0
70003,2
70004,0
70005,0
70006,1
70007,2
70008,0
70009,2
70010,0
70011,0
70012,0
70013,2
70014,2
70015,2
70016,0
70017,2
70018,1
70019,2
70020,0
70021,2
70022,0
70023,0
70024,2
70025,2
70026,2
70027,1
70028,0
70029,0
70030,2
70031,1
70032,0
70033,1
70034,2
70035,2
70036,2
70037,2
70038,2
70039,0
70040,0
70041,0
70042,0
70043,0
70044,0
70045,2
70046,1
70047,1
70048,1
70049,0
70050,1
70051,0
70052,0
70053,0
70054,2
70055,1
70056,1
70057,2
70058,2
70059,2
70060,2
70061,1
70062,1
70063,2
70064,0
70065,0
70066,2
70067,2
70068,2
70069,1
70070,0
70071,2
70072,0
70073,2
70074,1
70075,2
70076,0
70077,2
70078,2
70079,0
70080,1
70081,0
70082,1
70083,1
70084,0
70085,1
70086,0
70087,2
70088,2
70089,1
70090,0
70091,1
70092,0
70093,1
70094,2
70095,2
70096,0
70097,2
70098,0
70099,2
70100,0
70101,1
70102,0
70103,2
70104,0
70105,2
70106,0
70107,0
70108,1
70109,0
70110,0
70111,1
70112,1
70113,0
70114,1
70115,2
70116,2
70117,0
70118,1
70119,2
70120,2
70121,1
70122,0
70123,1
70124,1
70125,2
70126,2
70127,1
70128,2
70129,0
70130,2
70131,0
70132,0
70133,0
70134,2
70135,0
70136,1
70137,0
70138,0
70139,2
70140,2
70141,1
70142,1
70143,0
70144,0
70145,2
70146,2
70147,2
70148,0
70149,2
70150,0
70151,2
70152,0
70153,2
70154,1
70155,2
70156,2
70157,2
70158,0
70159,0
70160,2
70161,1
70162,2
70163,2
70164,0
70165,2
70166,0
70167,0
70168,1
70169,2
70170,0
70171,2
70172,2
70173,0
70174,2
70175,2
70176,2
70177,1
70178,2
70179,0
70180,1
70181,2
70182,0
70183,2
70184,2
70185,0
70186,0
70187,2
70188,1
70189,2
70190,0
70191,2
70192,1
70193,2
70194,2
70195,1
70196,2
70197,0
70198,0
70199,2
70200,1
70201,1
70202,2
70203,2
70204,0
70205,0
70206,2
70207,0
70208,2
70209,1
70210,1
70211,1
70212,2
70213,0
70214,2
70215,0
70216,0
70217,0
70218,0
70219,0
70220,0
70221,0
70222,0
70223,0
70224,2
70225,2
70226,2
70227,2
70228,0
70229,0
70230,2
70231,0
70232,1
70233,2
70234,2
70235,1
70236,0
70237,0
70238,0
70239,0
70240,2
70241,0
70242,0
70243,2
70244,2
70245,0
70246,0
70247,0
70248,1
70249,2
70250,1
70251,0
70252,2
70253,0
70254,2
70255,2
70256,0
70257,2
70258,2
70259,2
70260,2
70261,0
70262,0
70263,1
70264,2
70265,0
70266,0
70267,2
70268,0
70269,2
70270,0
70271,1
70272,0
70273,0
70274,1
70275,1
70276,0
70277,2
70278,1
70279,2
70280,2
70281,0
70282,0
70283,2
70284,1
70285,0
70286,2
70287,1
70288,2
70289,0
70290,0
70291,0
70292,0
70293,2
70294,2
70295,0
70296,1
70297,2
70298,0
70299,2
70300,2
70301,2
70302,1
70303,0
70304,2
70305,2
70306,2
70307,2
70308,2
70309,2
70310,0
70311,1
70312,1
70313,2
70314,2
70315,2
70316,0
70317,2
70318,0
70319,0
70320,0
70321,2
70322,1
70323,1
70324,2
70325,1
70326,0
70327,2
70328,0
70329,0
70330,2
70331,2
70332,1
70333,2
70334,2
70335,0
70336,2
70337,0
70338,2
70339,2
70340,0
70341,0
70342,0
70343,0
70344,0
70345,2
70346,2
70347,2
70348,0
70349,2
70350,1
70351,1
70352,2
70353,1
70354,0
70355,1
70356,0
70357,0
70358,2
70359,0
70360,1
70361,0
70362,2
70363,0
70364,0
70365,0
70366,0
70367,2
70368,2
70369,0
70370,1
70371,1
70372,0
70373,0
70374,2
70375,1
70376,0
70377,1
70378,2
70379,2
70380,2
70381,0
70382,1
70383,0
70384,0
70385,0
70386,0
70387,0
70388,2
70389,0
70390,0
70391,2
70392,1
70393,0
70394,0
70395,0
70396,2
70397,0
70398,2
70399,0
70400,0
70401,2
70402,0
70403,0
70404,1
70405,1
70406,2
70407,1
70408,2
70409,2
70410,2
70411,0
70412,1
70413,2
70414,0
70415,2
70416,0
70417,0
70418,2
70419,1
70420,0
70421,0
70422,0
70423,1
70424,2
70425,1
70426,2
70427,1
70428,0
70429,0
70430,1
70431,2
70432,0
70433,2
70434,2
70435,0
70436,1
70437,1
70438,2
70439,1
70440,2
70441,2
70442,2
70443,0
70444,2
70445,2
70446,0
70447,2
70448,0
70449,2
70450,1
70451,0
70452,0
70453,0
70454,2
70455,2
70456,2
70457,2
70458,1
70459,0
70460,1
70461,2
70462,1
70463,0
70464,0
70465,2
70466,2
70467,0
70468,2
70469,2
70470,2
70471,0
70472,1
70473,2
70474,0
70475,2
70476,1
70477,1
70478,2
70479,0
70480,0
70481,0
70482,2
70483,1
70484,2
70485,1
70486,2
70487,1
70488,2
70489,0
70490,0
70491,0
70492,2
70493,0
70494,2
70495,1
70496,0
70497,0
70498,2
70499,1
70500,0
70501,1
70502,1
70503,2
70504,0
70505,0
70506,2
70507,1
70508,2
70509,2
70510,0
70511,0
70512,0
70513,2
70514,2
70515,0
70516,1
70517,0
70518,1
70519,2
70520,0
70521,2
70522,2
70523,1
70524,0
70525,1
70526,2
70527,0
70528,1
70529,0
70530,2
70531,1
70532,0
70533,1
70534,0
70535,0
70536,1
70537,2
70538,2
70539,2
70540,2
70541,1
70542,2
70543,2
70544,2
70545,1
70546,0
70547,0
70548,2
70549,1
70550,2
70551,2
70552,1
70553,0
70554,0
70555,0
70556,0
70557,0
70558,0
70559,2
70560,0
70561,2
70562,1
70563,0
70564,2
70565,2
70566,0
70567,1
70568,1
70569,0
70570,0
70571,2
70572,2
70573,2
70574,1
70575,0
70576,2
70577,2
70578,2
70579,2
70580,2
70581,0
70582,1
70583,0
70584,0
70585,2
70586,2
70587,1
70588,0
70589,1
70590,2
70591,0
70592,1
70593,1
70594,2
70595,1
70596,2
70597,1
70598,1
70599,1
70600,1
70601,2
70602,0
70603,0
70604,1
70605,0
70606,2
70607,0
70608,0
70609,2
70610,2
70611,2
70612,1
70613,0
70614,2
70615,2
70616,1
70617,0
70618,0
70619,0
70620,0
70621,0
70622,0
70623,0
70624,2
70625,2
70626,0
70627,0
70628,1
70629,0
70630,1
70631,2
70632,2
70633,1
70634,1
70635,0
70636,2
70637,0
70638,0
70639,0
70640,1
70641,0
70642,0
70643,0
70644,1
70645,0
70646,2
70647,0
70648,0
70649,1
70650,0
70651,1
70652,1
70653,1
70654,2
70655,0
70656,2
70657,2
70658,1
70659,2
70660,2
70661,0
70662,0
70663,1
70664,1
70665,1
70666,2
70667,2
70668,0
70669,2
70670,0
70671,1
70672,0
70673,1
70674,0
70675,0
70676,1
70677,0
70678,2
70679,1
70680,0
70681,0
70682,2
70683,0
70684,1
70685,2
70686,0
70687,1
70688,1
70689,2
70690,1
70691,0
70692,0
70693,0
70694,2
70695,2
70696,2
70697,0
70698,2
70699,2
70700,2
70701,1
70702,0
70703,2
70704,0
70705,2
70706,2
70707,1
70708,0
70709,0
70710,0
70711,2
70712,1
70713,0
70714,1
70715,0
70716,0
70717,1
70718,2
70719,2
70720,0
70721,2
70722,0
70723,2
70724,2
70725,2
70726,1
70727,0
70728,1
70729,1
70730,0
70731,2
70732,0
70733,1
70734,1
70735,0
70736,0
70737,0
70738,0
70739,0
70740,1
70741,2
70742,0
70743,0
70744,1
70745,2
70746,1
70747,0
70748,0
70749,2
70750,1
70751,0
70752,2
70753,1
70754,2
70755,0
70756,2
70757,2
70758,2
70759,1
70760,2
70761,2
70762,0
70763,0
70764,2
70765,0
70766,2
70767,0
70768,0
70769,2
70770,2
70771,2
70772,2
70773,2
70774,0
70775,2
70776,2
70777,0
70778,1
70779,0
70780,1
70781,2
70782,1
70783,0
70784,2
70785,2
70786,1
70787,0
70788,2
70789,2
70790,1
70791,0
70792,1
70793,0
70794,1
70795,0
70796,1
70797,2
70798,1
70799,0
70800,0
70801,0
70802,0
70803,2
70804,0
70805,2
70806,0
70807,2
70808,0
70809,0
70810,1
70811,1
70812,1
70813,2
70814,1
70815,2
70816,0
70817,0
70818,2
70819,1
70820,0
70821,0
70822,1
70823,0
70824,1
70825,2
70826,1
70827,1
70828,0
70829,0
70830,0
70831,0
70832,0
70833,2
70834,2
70835,1
70836,2
70837,1
70838,1
70839,0
70840,0
70841,2
70842,2
70843,0
70844,2
70845,2
70846,2
70847,1
70848,1
70849,2
70850,2
70851,0
70852,2
70853,1
70854,0
70855,0
70856,2
70857,0
70858,1
70859,1
70860,0
70861,0
70862,1
70863,1
70864,0
70865,2
70866,2
70867,1
70868,2
70869,0
70870,1
70871,0
70872,0
70873,1
70874,2
70875,0
70876,0
70877,2
70878,0
70879,1
70880,2
70881,0
70882,2
70883,1
70884,1
70885,1
70886,1
70887,2
70888,2
70889,1
70890,2
70891,2
70892,2
70893,2
70894,2
70895,2
70896,2
70897,2
70898,2
70899,0
70900,1
70901,0
70902,1
70903,0
70904,2
70905,0
70906,1
70907,1
70908,0
70909,0
70910,2
70911,2
70912,0
70913,0
70914,0
70915,1
70916,0
70917,0
70918,2
70919,2
70920,2
70921,2
70922,1
70923,2
70924,1
70925,2
70926,1
70927,2
70928,2
70929,2
70930,0
70931,2
70932,1
70933,1
70934,2
70935,0
70936,1
70937,0
70938,2
70939,2
70940,2
70941,2
70942,2
70943,1
70944,0
70945,0
70946,0
70947,0
70948,1
70949,1
70950,1
70951,0
70952,1
70953,2
70954,2
70955,2
70956,0
70957,0
70958,2
70959,0
70960,2
70961,2
70962,0
70963,2
70964,2
70965,2
70966,0
70967,1
70968,0
70969,2
70970,0
70971,2
70972,0
70973,1
70974,1
70975,0
70976,0
70977,1
70978,2
70979,2
70980,0
70981,2
70982,0
70983,2
70984,0
70985,0
70986,2
70987,1
70988,2
70989,2
70990,0
70991,0
70992,0
70993,0
70994,2
70995,0
70996,2
70997,1
70998,2
70999,2
71000,2
71001,2
71002,1
71003,2
71004,1
71005,2
71006,0
71007,1
71008,0
71009,2
71010,1
71011,1
71012,0
71013,2
71014,1
71015,2
71016,0
71017,0
71018,1
71019,0
71020,0
71021,2
71022,1
71023,0
71024,0
71025,2
71026,0
71027,2
71028,0
71029,1
71030,0
71031,0
71032,1
71033,1
71034,2
71035,1
71036,1
71037,1
71038,0
71039,0
71040,0
71041,0
71042,0
71043,2
71044,0
71045,0
71046,2
71047,2
71048,0
71049,0
71050,2
71051,2
71052,1
71053,0
71054,1
71055,0
71056,1
71057,2
71058,2
71059,2
71060,1
71061,1
71062,0
71063,1
71064,1
71065,1
71066,0
71067,1
71068,2
71069,1
71070,0
71071,1
71072,1
71073,0
71074,1
71075,0
71076,0
71077,0
71078,2
71079,2
71080,1
71081,2
71082,1
71083,1
71084,1
71085,0
71086,0
71087,0
71088,2
71089,2
71090,0
71091,1
71092,0
71093,0
71094,2
71095,0
71096,2
71097,1
71098,2
71099,0
71100,0
71101,0
71102,0
71103,2
71104,0
71105,2
71106,0
71107,2
71108,1
71109,1
71110,0
71111,1
71112,1
71113,0
71114,2
71115,0
71116,2
71117,2
71118,2
71119,2
71120,0
71121,1
71122,0
71123,2
71124,0
71125,2
71126,1
71127,2
71128,2
71129,0
71130,0
71131,2
71132,1
71133,1
71134,1
71135,2
71136,2
71137,2
71138,0
71139,1
71140,1
71141,2
71142,2
71143,0
71144,0
71145,2
71146,2
71147,2
71148,0
71149,0
71150,2
71151,0
71152,1
71153,2
71154,0
71155,2
71156,0
71157,2
71158,0
71159,2
71160,2
71161,0
71162,2
71163,0
71164,2
71165,0
71166,1
71167,1
71168,2
71169,0
71170,0
71171,0
71172,1
71173,2
71174,2
71175,2
71176,2
71177,2
71178,0
71179,1
71180,0
71181,2
71182,0
71183,2
71184,0
71185,0
71186,0
71187,1
71188,1
71189,2
71190,0
71191,0
71192,0
71193,2
71194,0
71195,2
71196,1
71197,1
71198,0
71199,2
71200,2
71201,0
71202,2
71203,2
71204,0
71205,0
71206,2
71207,2
71208,0
71209,0
71210,0
71211,0
71212,1
71213,2
71214,2
71215,1
71216,2
71217,2
71218,0
71219,1
71220,2
71221,1
71222,0
71223,2
71224,2
71225,2
71226,0
71227,2
71228,2
71229,0
71230,0
71231,0
71232,0
71233,0
71234,0
71235,0
71236,1
71237,0
71238,2
71239,1
71240,2
71241,0
71242,2
71243,2
71244,0
71245,1
71246,0
71247,0
71248,0
71249,1
71250,2
71251,1
71252,0
71253,1
71254,2
71255,1
71256,1
71257,2
71258,0
71259,0
71260,0
71261,1
71262,0
71263,0
71264,2
71265,0
71266,0
71267,2
71268,0
71269,2
71270,2
71271,0
71272,0
71273,2
71274,1
71275,1
71276,1
71277,0
71278,0
71279,1
71280,2
71281,2
71282,2
71283,0
71284,2
71285,0
71286,0
71287,1
71288,0
71289,0
71290,1
71291,1
71292,0
71293,2
71294,0
71295,2
71296,1
71297,0
71298,2
71299,2
71300,2
71301,0
71302,2
71303,1
71304,2
71305,2
71306,2
71307,0
71308,1
71309,2
71310,0
71311,1
71312,1
71313,0
71314,2
71315,1
71316,1
71317,2
71318,2
71319,0
71320,2
71321,0
71322,2
71323,0
71324,0
71325,0
71326,0
71327,1
71328,2
71329,0
71330,2
71331,0
71332,2
71333,0
71334,1
71335,0
71336,1
71337,2
71338,1
71339,2
71340,2
71341,1
71342,1
71343,2
71344,0
71345,0
71346,0
71347,0
71348,1
71349,2
71350,1
71351,0
71352,0
71353,1
71354,0
71355,0
71356,0
71357,2
71358,0
71359,0
71360,0
71361,2
71362,2
71363,1
71364,1
71365,2
71366,0
71367,2
71368,1
71369,2
71370,2
71371,2
71372,0
71373,1
71374,1
71375,1
71376,0
71377,0
71378,0
71379,0
71380,1
71381,0
71382,1
71383,0
71384,1
71385,0
71386,1
71387,2
71388,0
71389,2
71390,2
71391,0
71392,0
71393,1
71394,1
71395,1
71396,1
71397,0
71398,2
71399,0
71400,2
71401,0
71402,2
71403,2
71404,0
71405,0
71406,0
71407,0
71408,2
71409,2
71410,2
71411,0
71412,0
71413,2
71414,0
71415,1
71416,1
71417,0
71418,0
71419,0
71420,0
71421,2
71422,0
71423,2
71424,2
71425,0
71426,1
71427,2
71428,0
71429,1
71430,0
71431,2
71432,2
71433,0
71434,0
71435,1
71436,2
71437,2
71438,0
71439,2
71440,2
71441,1
71442,2
71443,0
71444,1
71445,1
71446,2
71447,0
71448,2
71449,1
71450,0
71451,2
71452,1
71453,1
71454,2
71455,2
71456,0
71457,0
71458,2
71459,2
71460,2
71461,1
71462,2
71463,2
71464,2
71465,2
71466,1
71467,0
71468,0
71469,1
71470,0
71471,1
71472,0
71473,1
71474,0
71475,2
71476,2
71477,2
71478,1
71479,2
71480,0
71481,1
71482,2
71483,0
71484,1
71485,0
71486,0
71487,2
71488,1
71489,0
71490,1
71491,2
71492,0
71493,2
71494,0
71495,2
71496,1
71497,0
71498,1
71499,2
71500,0
71501,0
71502,0
71503,0
71504,0
71505,0
71506,2
71507,2
71508,0
71509,2
71510,2
71511,1
71512,0
71513,1
71514,2
71515,2
71516,2
71517,0
71518,2
71519,1
71520,0
71521,1
71522,2
71523,1
71524,0
71525,1
71526,2
71527,0
71528,0
71529,1
71530,1
71531,1
71532,0
71533,0
71534,1
71535,0
71536,1
71537,1
71538,2
71539,0
71540,2
71541,0
71542,1
71543,0
71544,2
71545,2
71546,0
71547,1
71548,0
71549,1
71550,2
71551,1
71552,2
71553,0
71554,2
71555,2
71556,1
71557,0
71558,2
71559,0
71560,0
71561,2
71562,1
71563,2
71564,2
71565,0
71566,0
71567,2
71568,1
71569,1
71570,1
71571,0
71572,2
71573,2
71574,0
71575,1
71576,0
71577,0
71578,0
71579,1
71580,2
71581,2
71582,0
71583,0
71584,0
71585,1
71586,2
71587,2
71588,1
71589,0
71590,0
71591,1
71592,0
71593,0
71594,0
71595,2
71596,2
71597,0
71598,0
71599,1
71600,0
71601,1
71602,2
71603,2
71604,2
71605,2
71606,1
71607,1
71608,2
71609,1
71610,0
71611,0
71612,0
71613,0
71614,1
71615,1
71616,1
71617,2
71618,1
71619,2
71620,1
71621,0
71622,2
71623,0
71624,1
71625,1
71626,1
71627,0
71628,1
71629,2
71630,0
71631,2
71632,1
71633,2
71634,0
71635,2
71636,2
71637,2
71638,0
71639,1
71640,1
71641,0
71642,0
71643,0
71644,2
71645,0
71646,2
71647,2
71648,2
71649,0
71650,2
71651,2
71652,2
71653,2
71654,2
71655,1
71656,2
71657,2
71658,1
71659,1
71660,2
71661,1
71662,1
71663,0
71664,0
71665,2
71666,2
71667,2
71668,1
71669,2
71670,2
71671,2
71672,2
71673,0
71674,1
71675,0
71676,2
71677,1
71678,0
71679,0
71680,0
71681,0
71682,2
71683,0
71684,2
71685,1
71686,2
71687,2
71688,2
71689,0
71690,2
71691,2
71692,0
71693,1
71694,1
71695,2
71696,2
71697,0
71698,0
71699,0
71700,1
71701,0
71702,2
71703,1
71704,0
71705,2
71706,1
71707,1
71708,2
71709,1
71710,0
71711,0
71712,2
71713,2
71714,2
71715,1
71716,2
71717,0
71718,0
71719,2
71720,2
71721,2
71722,0
71723,0
71724,2
71725,1
71726,0
71727,2
71728,0
71729,0
71730,1
71731,1
71732,0
71733,2
71734,1
71735,1
71736,2
71737,2
71738,0
71739,0
71740,2
71741,0
71742,0
71743,2
71744,0
71745,0
71746,2
71747,0
71748,0
71749,1
71750,2
71751,2
71752,2
71753,2
71754,1
71755,0
71756,0
71757,2
71758,0
71759,2
71760,0
71761,2
71762,0
71763,2
71764,0
71765,1
71766,0
71767,0
71768,1
71769,0
71770,1
71771,2
71772,0
71773,1
71774,1
71775,2
71776,2
71777,0
71778,2
71779,1
71780,0
71781,2
71782,2
71783,0
71784,0
71785,0
71786,0
71787,0
71788,2
71789,2
71790,2
71791,2
71792,0
71793,2
71794,1
71795,1
71796,0
71797,2
71798,0
71799,0
71800,0
71801,2
71802,0
71803,0
71804,2
71805,0
71806,2
71807,2
71808,0
71809,2
71810,1
71811,2
71812,2
71813,1
71814,1
71815,0
71816,2
71817,2
71818,0
71819,2
71820,0
71821,2
71822,0
71823,0
71824,0
71825,0
71826,2
71827,2
71828,2
71829,2
71830,1
71831,0
71832,2
71833,2
71834,0
71835,0
71836,0
71837,1
71838,1
71839,0
71840,2
71841,0
71842,2
71843,0
71844,2
71845,0
71846,0
71847,2
71848,2
71849,1
71850,0
71851,0
71852,0
71853,1
71854,1
71855,0
71856,0
71857,2
71858,0
71859,0
71860,2
71861,2
71862,1
71863,1
71864,2
71865,2
71866,0
71867,1
71868,1
71869,2
71870,2
71871,2
71872,1
71873,2
71874,1
71875,1
71876,0
71877,1
71878,2
71879,2
71880,0
71881,2
71882,2
71883,0
71884,0
71885,2
71886,1
71887,2
71888,1
71889,0
71890,0
71891,0
71892,2
71893,0
71894,0
71895,1
71896,2
71897,1
71898,0
71899,0
71900,1
71901,0
71902,2
71903,1
71904,2
71905,1
71906,0
71907,1
71908,0
71909,0
71910,2
71911,2
71912,0
71913,2
71914,1
71915,2
71916,0
71917,0
71918,2
71919,1
71920,0
71921,2
71922,1
71923,2
71924,2
71925,2
71926,2
71927,2
71928,0
71929,1
71930,2
71931,0
71932,0
71933,0
71934,1
71935,0
71936,1
71937,0
71938,1
71939,1
71940,2
71941,0
71942,0
71943,2
71944,1
71945,2
71946,2
71947,2
71948,1
71949,0
71950,0
71951,0
71952,0
71953,0
71954,0
71955,1
71956,0
71957,1
71958,1
71959,0
71960,0
71961,0
71962,1
71963,2
71964,1
71965,0
71966,0
71967,2
71968,0
71969,2
71970,0
71971,2
71972,1
71973,1
71974,1
71975,1
71976,0
71977,0
71978,0
71979,0
71980,2
71981,0
71982,0
71983,0
71984,0
71985,2
71986,1
71987,2
71988,2
71989,1
71990,1
71991,2
71992,0
71993,2
71994,2
71995,0
71996,0
71997,2
71998,1
71999,2
72000,0
72001,1
72002,0
72003,1
72004,0
72005,2
72006,1
72007,2
72008,0
72009,1
72010,0
72011,1
72012,0
72013,2
72014,1
72015,2
72016,1
72017,0
72018,2
72019,2
72020,0
72021,0
72022,1
72023,2
72024,1
72025,0
72026,2
72027,2
72028,0
72029,1
72030,1
72031,0
72032,2
72033,2
72034,0
72035,2
72036,0
72037,0
72038,2
72039,0
72040,1
72041,2
72042,0
72043,1
72044,0
72045,2
72046,2
72047,2
72048,2
72049,1
72050,0
72051,0
72052,1
72053,2
72054,2
72055,2
72056,2
72057,2
72058,2
72059,0
72060,2
72061,2
72062,2
72063,0
72064,2
72065,0
72066,1
72067,1
72068,1
72069,0
72070,0
72071,1
72072,1
72073,2
72074,0
72075,0
72076,2
72077,1
72078,0
72079,0
72080,0
72081,2
72082,2
72083,0
72084,2
72085,1
72086,2
72087,2
72088,0
72089,2
72090,0
72091,0
72092,0
72093,0
72094,1
72095,0
72096,1
72097,2
72098,2
72099,1
72100,1
72101,2
72102,1
72103,1
72104,2
72105,2
72106,2
72107,0
72108,0
72109,0
72110,1
72111,2
72112,2
72113,2
72114,0
72115,1
72116,1
72117,0
72118,2
72119,0
72120,0
72121,1
72122,2
72123,0
72124,1
72125,2
72126,2
72127,1
72128,2
72129,0
72130,2
72131,2
72132,1
72133,1
72134,1
72135,1
72136,2
72137,1
72138,1
72139,0
72140,0
72141,0
72142,2
72143,0
72144,2
72145,0
72146,2
72147,2
72148,2
72149,0
72150,0
72151,0
72152,1
72153,1
72154,0
72155,2
72156,2
72157,0
72158,0
72159,0
72160,1
72161,2
72162,1
72163,2
72164,0
72165,1
72166,2
72167,2
72168,2
72169,0
72170,0
72171,2
72172,2
72173,2
72174,0
72175,2
72176,2
72177,2
72178,2
72179,2
72180,0
72181,2
72182,0
72183,2
72184,2
72185,0
72186,2
72187,1
72188,0
72189,2
72190,2
72191,0
72192,0
72193,2
72194,2
72195,0
72196,2
72197,1
72198,1
72199,0
72200,0
72201,0
72202,2
72203,0
72204,0
72205,1
72206,1
72207,0
72208,2
72209,0
72210,0
72211,2
72212,0
72213,0
72214,0
72215,1
72216,1
72217,0
72218,2
72219,1
72220,2
72221,0
72222,1
72223,0
72224,0
72225,1
72226,1
72227,2
72228,0
72229,2
72230,0
72231,1
72232,2
72233,0
72234,2
72235,2
72236,2
72237,0
72238,0
72239,2
72240,0
72241,0
72242,2
72243,2
72244,0
72245,0
72246,0
72247,2
72248,0
72249,0
72250,1
72251,1
72252,0
72253,0
72254,2
72255,0
72256,2
72257,1
72258,1
72259,1
72260,0
72261,0
72262,1
72263,0
72264,1
72265,2
72266,0
72267,1
72268,1
72269,1
72270,0
72271,2
72272,2
72273,0
72274,1
72275,2
72276,2
72277,1
72278,2
72279,1
72280,2
72281,1
72282,0
72283,2
72284,0
72285,1
72286,0
72287,0
72288,1
72289,2
72290,0
72291,0
72292,1
72293,1
72294,0
72295,1
72296,2
72297,0
72298,2
72299,0
72300,0
72301,0
72302,0
72303,1
72304,1
72305,2
72306,1
72307,0
72308,2
72309,2
72310,1
72311,2
72312,2
72313,2
72314,0
72315,0
72316,2
72317,2
72318,0
72319,0
72320,1
72321,1
72322,2
72323,0
72324,0
72325,2
72326,2
72327,2
72328,2
72329,2
72330,0
72331,0
72332,0
72333,0
72334,0
72335,2
72336,2
72337,0
72338,1
72339,0
72340,1
72341,0
72342,0
72343,1
72344,2
72345,2
72346,0
72347,1
72348,1
72349,1
72350,0
72351,0
72352,2
72353,1
72354,1
72355,2
72356,2
72357,2
72358,0
72359,2
72360,2
72361,1
72362,1
72363,0
72364,0
72365,0
72366,2
72367,2
72368,1
72369,0
72370,1
72371,1
72372,1
72373,1
72374,2
72375,1
72376,2
72377,2
72378,1
72379,0
72380,1
72381,2
72382,2
72383,2
72384,0
72385,2
72386,0
72387,0
72388,2
72389,1
72390,1
72391,0
72392,2
72393,0
72394,0
72395,0
72396,0
72397,0
72398,2
72399,2
72400,1
72401,2
72402,1
72403,1
72404,2
72405,1
72406,2
72407,2
72408,1
72409,2
72410,0
72411,0
72412,2
72413,0
72414,0
72415,2
72416,0
72417,0
72418,2
72419,0
72420,0
72421,1
72422,1
72423,2
72424,1
72425,0
72426,0
72427,2
72428,2
72429,2
72430,2
72431,2
72432,0
72433,2
72434,2
72435,2
72436,2
72437,0
72438,2
72439,0
72440,0
72441,0
72442,1
72443,1
72444,1
72445,2
72446,2
72447,0
72448,2
72449,2
72450,0
72451,2
72452,2
72453,2
72454,2
72455,0
72456,0
72457,0
72458,1
72459,2
72460,2
72461,2
72462,1
72463,0
72464,2
72465,0
72466,1
72467,2
72468,1
72469,1
72470,0
72471,2
72472,0
72473,2
72474,1
72475,2
72476,0
72477,1
72478,2
72479,2
72480,1
72481,0
72482,0
72483,0
72484,0
72485,0
72486,2
72487,0
72488,2
72489,0
72490,1
72491,0
72492,0
72493,0
72494,2
72495,2
72496,0
72497,1
72498,0
72499,0
72500,1
72501,2
72502,2
72503,2
72504,1
72505,2
72506,0
72507,0
72508,0
72509,0
72510,0
72511,2
72512,2
72513,0
72514,1
72515,0
72516,2
72517,1
72518,1
72519,1
72520,2
72521,2
72522,2
72523,0
72524,2
72525,0
72526,2
72527,2
72528,0
72529,2
72530,0
72531,2
72532,1
72533,2
72534,1
72535,0
72536,0
72537,0
72538,1
72539,0
72540,2
72541,2
72542,0
72543,0
72544,2
72545,1
72546,0
72547,1
72548,2
72549,1
72550,0
72551,0
72552,2
72553,0
72554,0
72555,1
72556,0
72557,2
72558,2
72559,2
72560,2
72561,2
72562,2
72563,0
72564,0
72565,0
72566,0
72567,0
72568,0
72569,2
72570,1
72571,2
72572,0
72573,2
72574,2
72575,2
72576,0
72577,1
72578,0
72579,1
72580,0
72581,2
72582,2
72583,1
72584,1
72585,1
72586,2
72587,0
72588,2
72589,2
72590,1
72591,0
72592,0
72593,0
72594,2
72595,2
72596,1
72597,0
72598,2
72599,2
72600,1
72601,0
72602,1
72603,0
72604,0
72605,2
72606,2
72607,1
72608,0
72609,1
72610,2
72611,0
72612,2
72613,0
72614,0
72615,2
72616,1
72617,0
72618,2
72619,0
72620,0
72621,1
72622,1
72623,2
72624,2
72625,0
72626,0
72627,0
72628,0
72629,1
72630,0
72631,0
72632,0
72633,2
72634,0
72635,0
72636,1
72637,1
72638,0
72639,2
72640,0
72641,2
72642,1
72643,2
72644,0
72645,1
72646,2
72647,1
72648,0
72649,2
72650,2
72651,2
72652,1
72653,0
72654,0
72655,2
72656,0
72657,1
72658,1
72659,2
72660,1
72661,0
72662,0
72663,0
72664,2
72665,2
72666,0
72667,0
72668,2
72669,1
72670,2
72671,2
72672,1
72673,1
72674,1
72675,0
72676,1
72677,2
72678,0
72679,0
72680,0
72681,0
72682,2
72683,2
72684,0
72685,2
72686,1
72687,1
72688,2
72689,2
72690,2
72691,0
72692,2
72693,0
72694,0
72695,2
72696,2
72697,0
72698,2
72699,2
72700,0
72701,0
72702,2
72703,1
72704,2
72705,0
72706,1
72707,2
72708,0
72709,1
72710,2
72711,0
72712,0
72713,1
72714,1
72715,1
72716,2
72717,0
72718,1
72719,2
72720,0
72721,1
72722,1
72723,2
72724,1
72725,2
72726,0
72727,2
72728,2
72729,0
72730,2
72731,2
72732,2
72733,1
72734,1
72735,1
72736,0
72737,2
72738,0
72739,2
72740,2
72741,2
72742,2
72743,1
72744,0
72745,2
72746,2
72747,1
72748,2
72749,0
72750,0
72751,2
72752,1
72753,0
72754,1
72755,1
72756,2
72757,1
72758,2
72759,0
72760,1
72761,0
72762,2
72763,1
72764,2
72765,1
72766,0
72767,1
72768,0
72769,2
72770,1
72771,0
72772,0
72773,0
72774,1
72775,0
72776,2
72777,0
72778,2
72779,0
72780,0
72781,2
72782,0
72783,2
72784,0
72785,1
72786,1
72787,0
72788,1
72789,0
72790,0
72791,2
72792,0
72793,0
72794,1
72795,1
72796,2
72797,1
72798,1
72799,1
72800,2
72801,1
72802,1
72803,2
72804,1
72805,1
72806,0
72807,1
72808,0
72809,0
72810,0
72811,2
72812,2
72813,2
72814,2
72815,2
72816,2
72817,2
72818,2
72819,1
72820,2
72821,2
72822,0
72823,2
72824,1
72825,2
72826,2
72827,2
72828,0
72829,0
72830,1
72831,0
72832,1
72833,2
72834,0
72835,2
72836,1
72837,2
72838,1
72839,0
72840,1
72841,1
72842,1
72843,0
72844,2
72845,2
72846,2
72847,0
72848,2
72849,0
72850,0
72851,2
72852,2
72853,0
72854,0
72855,0
72856,1
72857,0
72858,1
72859,0
72860,2
72861,0
72862,0
72863,0
72864,1
72865,2
72866,2
72867,0
72868,2
72869,0
72870,2
72871,2
72872,0
72873,0
72874,0
72875,0
72876,0
72877,2
72878,0
72879,0
72880,1
72881,1
72882,2
72883,0
72884,1
72885,2
72886,0
72887,2
72888,0
72889,0
72890,0
72891,0
72892,1
72893,0
72894,2
72895,1
72896,1
72897,1
72898,1
72899,0
72900,0
72901,2
72902,1
72903,0
72904,2
72905,1
72906,1
72907,2
72908,0
72909,1
72910,2
72911,1
72912,0
72913,0
72914,0
72915,1
72916,1
72917,0
72918,1
72919,0
72920,1
72921,2
72922,0
72923,2
72924,1
72925,0
72926,2
72927,0
72928,1
72929,1
72930,2
72931,0
72932,0
72933,1
72934,1
72935,2
72936,0
72937,2
72938,2
72939,0
72940,0
72941,1
72942,1
72943,2
72944,1
72945,1
72946,0
72947,2
72948,2
72949,2
72950,0
72951,2
72952,1
72953,0
72954,1
72955,2
72956,1
72957,2
72958,2
72959,2
72960,2
72961,0
72962,0
72963,1
72964,1
72965,0
72966,0
72967,0
72968,1
72969,1
72970,1
72971,1
72972,2
72973,0
72974,0
72975,0
72976,2
72977,2
72978,2
72979,2
72980,2
72981,1
72982,2
72983,0
72984,2
72985,0
72986,1
72987,1
72988,0
72989,1
72990,0
72991,1
72992,2
72993,2
72994,0
72995,0
72996,0
72997,1
72998,0
72999,2
73000,0
73001,2
73002,0
73003,2
73004,0
73005,0
73006,2
73007,2
73008,2
73009,0
73010,2
73011,2
73012,0
73013,2
73014,2
73015,2
73016,0
73017,1
73018,2
73019,2
73020,0
73021,0
73022,2
73023,2
73024,2
73025,0
73026,1
73027,2
73028,0
73029,2
73030,2
73031,0
73032,0
73033,0
73034,0
73035,2
73036,1
73037,2
73038,0
73039,1
73040,0
73041,0
73042,2
73043,2
73044,0
73045,1
73046,2
73047,1
73048,2
73049,2
73050,2
73051,0
73052,1
73053,0
73054,2
73055,2
73056,1
73057,1
73058,2
73059,1
73060,0
73061,0
73062,1
73063,1
73064,0
73065,2
73066,0
73067,1
73068,2
73069,1
73070,0
73071,2
73072,0
73073,2
73074,0
73075,2
73076,0
73077,0
73078,2
73079,0
73080,1
73081,0
73082,0
73083,0
73084,0
73085,1
73086,2
73087,0
73088,1
73089,2
73090,0
73091,1
73092,0
73093,2
73094,2
73095,1
73096,0
73097,0
73098,2
73099,2
73100,1
73101,1
73102,2
73103,2
73104,0
73105,2
73106,0
73107,0
73108,2
73109,0
73110,1
73111,1
73112,0
73113,0
73114,0
73115,0
73116,2
73117,0
73118,2
73119,0
73120,0
73121,0
73122,0
73123,0
73124,2
73125,1
73126,0
73127,1
73128,1
73129,0
73130,2
73131,2
73132,2
73133,0
73134,0
73135,0
73136,0
73137,0
73138,1
73139,0
73140,2
73141,0
73142,2
73143,2
73144,2
73145,1
73146,1
73147,2
73148,0
73149,2
73150,0
73151,2
73152,2
73153,1
73154,2
73155,2
73156,2
73157,2
73158,0
73159,2
73160,1
73161,2
73162,2
73163,2
73164,0
73165,1
73166,0
73167,0
73168,2
73169,2
73170,2
73171,0
73172,2
73173,0
73174,2
73175,1
73176,2
73177,1
73178,1
73179,0
73180,0
73181,1
73182,2
73183,1
73184,1
73185,0
73186,1
73187,2
73188,1
73189,0
73190,2
73191,0
73192,1
73193,1
73194,0
73195,2
73196,2
73197,2
73198,2
73199,2
73200,0
73201,1
73202,2
73203,0
73204,0
73205,1
73206,0
73207,2
73208,0
73209,1
73210,0
73211,0
73212,0
73213,1
73214,1
73215,1
73216,1
73217,2
73218,0
73219,2
73220,0
73221,2
73222,1
73223,0
73224,2
73225,1
73226,1
73227,2
73228,1
73229,0
73230,2
73231,0
73232,2
73233,0
73234,1
73235,2
73236,2
73237,2
73238,2
73239,1
73240,0
73241,2
73242,2
73243,1
73244,2
73245,2
73246,1
73247,2
73248,2
73249,0
73250,0
73251,2
73252,0
73253,0
73254,0
73255,2
73256,2
73257,0
73258,0
73259,2
73260,2
73261,0
73262,0
73263,2
73264,2
73265,2
73266,0
73267,0
73268,1
73269,0
73270,0
73271,1
73272,0
73273,1
73274,2
73275,0
73276,1
73277,2
73278,2
73279,1
73280,1
73281,0
73282,1
73283,0
73284,0
73285,0
73286,0
73287,0
73288,0
73289,1
73290,1
73291,0
73292,1
73293,2
73294,0
73295,0
73296,0
73297,0
73298,2
73299,1
73300,2
73301,2
73302,0
73303,1
73304,1
73305,2
73306,0
73307,1
73308,0
73309,0
73310,0
73311,1
73312,0
73313,2
73314,1
73315,1
73316,1
73317,0
73318,2
73319,2
73320,2
73321,2
73322,0
73323,2
73324,0
73325,2
73326,1
73327,1
73328,2
73329,2
73330,2
73331,0
73332,2
73333,0
73334,1
73335,1
73336,0
73337,2
73338,2
73339,1
73340,2
73341,2
73342,0
73343,2
73344,0
73345,0
73346,2
73347,1
73348,2
73349,2
73350,0
73351,0
73352,2
73353,1
73354,0
73355,2
73356,0
73357,2
73358,0
73359,0
73360,0
73361,2
73362,2
73363,0
73364,0
73365,1
73366,0
73367,1
73368,2
73369,2
73370,1
73371,2
73372,0
73373,0
73374,2
73375,2
73376,1
73377,0
73378,0
73379,1
73380,0
73381,2
73382,1
73383,1
73384,2
73385,2
73386,2
73387,1
73388,1
73389,1
73390,1
73391,0
73392,1
73393,2
73394,1
73395,2
73396,0
73397,1
73398,1
73399,1
73400,0
73401,0
73402,2
73403,0
73404,1
73405,0
73406,1
73407,0
73408,1
73409,1
73410,1
73411,2
73412,0
73413,1
73414,1
73415,1
73416,0
73417,1
73418,2
73419,1
73420,0
73421,0
73422,2
73423,1
73424,1
73425,0
73426,2
73427,0
73428,2
73429,2
73430,0
73431,0
73432,1
73433,1
73434,0
73435,1
73436,0
73437,0
73438,2
73439,0
73440,0
73441,2
73442,1
73443,0
73444,2
73445,2
73446,1
73447,2
73448,2
73449,1
73450,2
73451,2
73452,2
73453,0
73454,1
73455,2
73456,0
73457,1
73458,2
73459,2
73460,1
73461,0
73462,1
73463,0
73464,2
73465,0
73466,2
73467,1
73468,2
73469,1
73470,2
73471,1
73472,2
73473,2
73474,2
73475,0
73476,0
73477,0
73478,0
73479,0
73480,1
73481,2
73482,0
73483,2
73484,0
73485,1
73486,0
73487,2
73488,1
73489,0
73490,1
73491,2
73492,2
73493,2
73494,2
73495,2
73496,1
73497,2
73498,2
73499,2
73500,1
73501,2
73502,1
73503,0
73504,2
73505,0
73506,2
73507,0
73508,0
73509,0
73510,2
73511,1
73512,0
73513,1
73514,0
73515,1
73516,0
73517,1
73518,1
73519,0
73520,0
73521,1
73522,0
73523,2
73524,2
73525,0
73526,0
73527,0
73528,1
73529,0
73530,1
73531,1
73532,2
73533,2
73534,0
73535,2
73536,2
73537,1
73538,0
73539,2
73540,2
73541,0
73542,0
73543,0
73544,1
73545,1
73546,1
73547,1
73548,1
73549,2
73550,0
73551,1
73552,0
73553,1
73554,2
73555,1
73556,2
73557,0
73558,0
73559,2
73560,1
73561,2
73562,1
73563,2
73564,2
73565,2
73566,1
73567,1
73568,1
73569,0
73570,2
73571,2
73572,0
73573,2
73574,1
73575,0
73576,2
73577,2
73578,0
73579,0
73580,0
73581,0
73582,1
73583,2
73584,0
73585,2
73586,1
73587,1
73588,1
73589,0
73590,0
73591,2
73592,2
73593,2
73594,0
73595,0
73596,0
73597,0
73598,2
73599,2
73600,2
73601,0
73602,0
73603,0
73604,0
73605,1
73606,1
73607,2
73608,1
73609,2
73610,0
73611,2
73612,1
73613,0
73614,2
73615,0
73616,1
73617,2
73618,2
73619,2
73620,2
73621,1
73622,0
73623,1
73624,2
73625,2
73626,2
73627,0
73628,0
73629,0
73630,2
73631,2
73632,1
73633,0
73634,2
73635,1
73636,2
73637,1
73638,0
73639,2
73640,1
73641,1
73642,0
73643,0
73644,0
73645,0
73646,0
73647,1
73648,0
73649,0
73650,0
73651,0
73652,1
73653,0
73654,2
73655,2
73656,1
73657,0
73658,2
73659,0
73660,0
73661,0
73662,2
73663,2
73664,1
73665,1
73666,0
73667,0
73668,1
73669,0
73670,0
73671,0
73672,1
73673,2
73674,2
73675,0
73676,0
73677,2
73678,0
73679,1
73680,1
73681,2
73682,1
73683,1
73684,2
73685,0
73686,2
73687,1
73688,1
73689,0
73690,0
73691,1
73692,0
73693,2
73694,0
73695,0
73696,2
73697,2
73698,2
73699,2
73700,2
73701,1
73702,2
73703,0
73704,0
73705,2
73706,2
73707,0
73708,0
73709,1
73710,2
73711,2
73712,1
73713,2
73714,1
73715,0
73716,0
73717,0
73718,2
73719,0
73720,0
73721,2
73722,2
73723,2
73724,0
73725,1
73726,0
73727,0
73728,2
73729,0
73730,2
73731,0
73732,2
73733,2
73734,1
73735,1
73736,1
73737,2
73738,2
73739,2
73740,2
73741,1
73742,2
73743,2
73744,2
73745,2
73746,1
73747,0
73748,1
73749,0
73750,1
73751,2
73752,2
73753,1
73754,1
73755,1
73756,0
73757,0
73758,0
73759,0
73760,0
73761,1
73762,2
73763,2
73764,1
73765,1
73766,2
73767,2
73768,1
73769,0
73770,0
73771,1
73772,2
73773,2
73774,0
73775,0
73776,1
73777,0
73778,0
73779,2
73780,0
73781,0
73782,1
73783,2
73784,1
73785,0
73786,2
73787,0
73788,1
73789,2
73790,2
73791,2
73792,2
73793,0
73794,2
73795,0
73796,2
73797,1
73798,0
73799,2
73800,0
73801,2
73802,2
73803,1
73804,2
73805,1
73806,0
73807,2
73808,2
73809,2
73810,2
73811,2
73812,2
73813,1
73814,2
73815,2
73816,2
73817,0
73818,0
73819,0
73820,0
73821,2
73822,1
73823,2
73824,0
73825,0
73826,2
73827,0
73828,2
73829,1
73830,2
73831,2
73832,2
73833,0
73834,0
73835,1
73836,2
73837,2
73838,0
73839,1
73840,1
73841,1
73842,1
73843,1
73844,2
73845,2
73846,1
73847,1
73848,1
73849,2
73850,0
73851,2
73852,0
73853,0
73854,0
73855,1
73856,0
73857,2
73858,0
73859,2
73860,0
73861,2
73862,2
73863,2
73864,1
73865,1
73866,2
73867,2
73868,2
73869,1
73870,0
73871,0
73872,2
73873,2
73874,0
73875,1
73876,2
73877,0
73878,0
73879,2
73880,0
73881,1
73882,0
73883,0
73884,1
73885,0
73886,2
73887,1
73888,0
73889,0
73890,0
73891,1
73892,1
73893,0
73894,2
73895,2
73896,0
73897,0
73898,1
73899,2
73900,2
73901,0
73902,2
73903,2
73904,1
73905,0
73906,2
73907,0
73908,2
73909,2
73910,1
73911,1
73912,2
73913,1
73914,2
73915,0
73916,0
73917,0
73918,0
73919,0
73920,2
73921,1
73922,0
73923,2
73924,0
73925,2
73926,0
73927,2
73928,1
73929,0
73930,2
73931,0
73932,2
73933,1
73934,1
73935,1
73936,0
73937,0
73938,2
73939,2
73940,0
73941,2
73942,1
73943,2
73944,0
73945,2
73946,0
73947,1
73948,0
73949,2
73950,1
73951,0
73952,0
73953,2
73954,2
73955,0
73956,2
73957,1
73958,1
73959,1
73960,0
73961,2
73962,2
73963,1
73964,0
73965,1
73966,2
73967,1
73968,2
73969,1
73970,2
73971,2
73972,1
73973,1
73974,1
73975,0
73976,2
73977,0
73978,2
73979,0
73980,2
73981,2
73982,0
73983,2
73984,2
73985,1
73986,0
73987,0
73988,2
73989,2
73990,2
73991,1
73992,0
73993,0
73994,2
73995,1
73996,0
73997,1
73998,1
73999,2
74000,0
74001,0
74002,2
74003,1
74004,1
74005,2
74006,2
74007,0
74008,0
74009,2
74010,1
74011,1
74012,1
74013,2
74014,0
74015,1
74016,2
74017,1
74018,0
74019,1
74020,0
74021,2
74022,0
74023,0
74024,0
74025,1
74026,2
74027,1
74028,1
74029,2
74030,2
74031,1
74032,0
74033,2
74034,0
74035,2
74036,0
74037,2
74038,1
74039,0
74040,2
74041,0
74042,2
74043,2
74044,0
74045,0
74046,2
74047,0
74048,2
74049,2
74050,2
74051,2
74052,0
74053,0
74054,0
74055,0
74056,0
74057,0
74058,1
74059,0
74060,1
74061,0
74062,0
74063,2
74064,1
74065,0
74066,2
74067,0
74068,0
74069,0
74070,2
74071,0
74072,0
74073,1
74074,2
74075,0
74076,0
74077,0
74078,0
74079,0
74080,2
74081,2
74082,2
74083,2
74084,2
74085,1
74086,2
74087,2
74088,0
74089,1
74090,1
74091,2
74092,0
74093,2
74094,1
74095,0
74096,0
74097,1
74098,0
74099,2
74100,0
74101,0
74102,1
74103,1
74104,2
74105,0
74106,1
74107,0
74108,2
74109,2
74110,2
74111,1
74112,0
74113,0
74114,2
74115,2
74116,0
74117,1
74118,2
74119,0
74120,2
74121,1
74122,0
74123,0
74124,1
74125,0
74126,1
74127,1
74128,0
74129,2
74130,1
74131,2
74132,2
74133,2
74134,2
74135,2
74136,1
74137,0
74138,1
74139,1
74140,2
74141,1
74142,1
74143,0
74144,0
74145,1
74146,0
74147,2
74148,0
74149,0
74150,1
74151,2
74152,1
74153,0
74154,0
74155,1
74156,0
74157,2
74158,0
74159,0
74160,1
74161,1
74162,0
74163,0
74164,1
74165,1
74166,2
74167,0
74168,0
74169,1
74170,2
74171,0
74172,0
74173,2
74174,1
74175,1
74176,1
74177,2
74178,2
74179,1
74180,1
74181,2
74182,1
74183,1
74184,1
74185,0
74186,1
74187,2
74188,0
74189,0
74190,2
74191,0
74192,1
74193,2
74194,0
74195,2
74196,2
74197,0
74198,2
74199,0
74200,2
74201,2
74202,0
74203,0
74204,1
74205,0
74206,2
74207,0
74208,0
74209,0
74210,0
74211,1
74212,0
74213,2
74214,0
74215,0
74216,0
74217,0
74218,0
74219,2
74220,2
74221,0
74222,2
74223,1
74224,1
74225,2
74226,2
74227,0
74228,0
74229,2
74230,0
74231,0
74232,2
74233,0
74234,1
74235,0
74236,1
74237,2
74238,1
74239,1
74240,2
74241,1
74242,0
74243,2
74244,1
74245,0
74246,2
74247,2
74248,0
74249,2
74250,0
74251,0
74252,0
74253,0
74254,2
74255,0
74256,0
74257,1
74258,0
74259,1
74260,1
74261,1
74262,0
74263,2
74264,0
74265,0
74266,2
74267,0
74268,1
74269,0
74270,1
74271,2
74272,2
74273,2
74274,0
74275,0
74276,1
74277,2
74278,1
74279,0
74280,2
74281,2
74282,2
74283,1
74284,1
74285,0
74286,2
74287,0
74288,2
74289,2
74290,1
74291,0
74292,0
74293,2
74294,0
74295,2
74296,0
74297,0
74298,0
74299,1
74300,1
74301,0
74302,0
74303,0
74304,0
74305,0
74306,0
74307,0
74308,0
74309,0
74310,0
74311,1
74312,2
74313,0
74314,0
74315,2
74316,1
74317,0
74318,0
74319,2
74320,0
74321,1
74322,0
74323,0
74324,2
74325,0
74326,2
74327,0
74328,2
74329,2
74330,2
74331,0
74332,1
74333,1
74334,2
74335,1
74336,0
74337,2
74338,2
74339,2
74340,1
74341,2
74342,2
74343,0
74344,0
74345,2
74346,0
74347,2
74348,0
74349,1
74350,2
74351,0
74352,1
74353,1
74354,2
74355,0
74356,0
74357,0
74358,2
74359,0
74360,1
74361,2
74362,2
74363,0
74364,0
74365,2
74366,1
74367,2
74368,2
74369,2
74370,2
74371,0
74372,2
74373,2
74374,2
74375,2
74376,0
74377,2
74378,2
74379,1
74380,2
74381,0
74382,2
74383,1
74384,2
74385,2
74386,2
74387,1
74388,2
74389,2
74390,0
74391,0
74392,2
74393,2
74394,0
74395,0
74396,2
74397,0
74398,0
74399,2
74400,0
74401,0
74402,2
74403,1
74404,0
74405,0
74406,0
74407,2
74408,1
74409,1
74410,1
74411,0
74412,2
74413,2
74414,0
74415,2
74416,1
74417,0
74418,1
74419,1
74420,0
74421,2
74422,0
74423,0
74424,1
74425,0
74426,2
74427,2
74428,2
74429,2
74430,2
74431,0
74432,2
74433,0
74434,1
74435,0
74436,0
74437,2
74438,1
74439,1
74440,0
74441,0
74442,1
74443,0
74444,2
74445,0
74446,0
74447,1
74448,0
74449,0
74450,0
74451,0
74452,2
74453,2
74454,0
74455,1
74456,1
74457,0
74458,0
74459,0
74460,2
74461,0
74462,0
74463,0
74464,2
74465,1
74466,0
74467,2
74468,0
74469,1
74470,2
74471,1
74472,0
74473,2
74474,2
74475,2
74476,2
74477,2
74478,0
74479,1
74480,1
74481,2
74482,2
74483,0
74484,2
74485,0
74486,0
74487,2
74488,1
74489,1
74490,0
74491,0
74492,0
74493,0
74494,0
74495,0
74496,0
74497,0
74498,0
74499,2
74500,2
74501,0
74502,0
74503,2
74504,2
74505,1
74506,0
74507,0
74508,0
74509,0
74510,1
74511,0
74512,0
74513,2
74514,0
74515,2
74516,1
74517,1
74518,1
74519,0
74520,2
74521,2
74522,0
74523,1
74524,2
74525,1
74526,1
74527,2
74528,2
74529,0
74530,2
74531,0
74532,0
74533,2
74534,0
74535,2
74536,0
74537,0
74538,0
74539,0
74540,0
74541,0
74542,2
74543,2
74544,0
74545,2
74546,2
74547,0
74548,2
74549,0
74550,0
74551,0
74552,1
74553,1
74554,2
74555,0
74556,2
74557,2
74558,1
74559,2
74560,1
74561,2
74562,0
74563,0
74564,0
74565,0
74566,0
74567,2
74568,2
74569,1
74570,1
74571,2
74572,2
74573,0
74574,2
74575,0
74576,2
74577,0
74578,1
74579,0
74580,2
74581,0
74582,2
74583,1
74584,2
74585,2
74586,2
74587,2
74588,2
74589,0
74590,2
74591,2
74592,0
74593,0
74594,0
74595,2
74596,2
74597,2
74598,0
74599,1
74600,1
74601,0
74602,2
74603,2
74604,0
74605,0
74606,0
74607,0
74608,0
74609,1
74610,1
74611,0
74612,0
74613,0
74614,0
74615,2
74616,0
74617,0
74618,1
74619,0
74620,0
74621,0
74622,2
74623,2
74624,1
74625,2
74626,2
74627,0
74628,2
74629,2
74630,0
74631,0
74632,2
74633,0
74634,2
74635,1
74636,1
74637,2
74638,0
74639,0
74640,0
74641,1
74642,0
74643,2
74644,1
74645,0
74646,2
74647,1
74648,0
74649,2
74650,1
74651,2
74652,0
74653,1
74654,2
74655,0
74656,0
74657,2
74658,2
74659,2
74660,2
74661,0
74662,2
74663,2
74664,2
74665,0
74666,0
74667,2
74668,1
74669,2
74670,0
74671,2
74672,1
74673,0
74674,2
74675,2
74676,0
74677,0
74678,2
74679,2
74680,0
74681,1
74682,1
74683,0
74684,2
74685,0
74686,0
74687,1
74688,2
74689,0
74690,1
74691,0
74692,0
74693,1
74694,0
74695,0
74696,0
74697,1
74698,2
74699,2
74700,1
74701,0
74702,1
74703,0
74704,2
74705,2
74706,2
74707,0
74708,1
74709,2
74710,2
74711,0
74712,2
74713,0
74714,2
74715,2
74716,0
74717,2
74718,0
74719,2
74720,2
74721,1
74722,0
74723,2
74724,2
74725,2
74726,1
74727,0
74728,0
74729,1
74730,0
74731,2
74732,1
74733,1
74734,0
74735,2
74736,0
74737,2
74738,0
74739,0
74740,0
74741,2
74742,1
74743,1
74744,2
74745,1
74746,0
74747,0
74748,2
74749,2
74750,2
74751,0
74752,2
74753,0
74754,1
74755,0
74756,2
74757,2
74758,0
74759,2
74760,1
74761,1
74762,0
74763,2
74764,1
74765,2
74766,0
74767,1
74768,2
74769,0
74770,2
74771,2
74772,1
74773,2
74774,2
74775,0
74776,2
74777,0
74778,2
74779,0
74780,2
74781,1
74782,0
74783,1
74784,1
74785,0
74786,2
74787,2
74788,2
74789,1
74790,1
74791,1
74792,1
74793,0
74794,2
74795,0
74796,0
74797,0
74798,0
74799,2
74800,2
74801,0
74802,2
74803,2
74804,2
74805,2
74806,1
74807,2
74808,1
74809,0
74810,0
74811,0
74812,0
74813,2
74814,1
74815,2
74816,0
74817,2
74818,0
74819,1
74820,1
74821,0
74822,1
74823,0
74824,2
74825,2
74826,0
74827,2
74828,1
74829,1
74830,2
74831,0
74832,0
74833,1
74834,2
74835,0
74836,0
74837,0
74838,2
74839,2
74840,2
74841,2
74842,0
74843,2
74844,1
74845,0
74846,2
74847,0
74848,0
74849,2
74850,2
74851,2
74852,0
74853,2
74854,0
74855,1
74856,0
74857,2
74858,0
74859,0
74860,2
74861,2
74862,0
74863,1
74864,0
74865,2
74866,0
74867,2
74868,0
74869,2
74870,1
74871,2
74872,0
74873,2
74874,0
74875,1
74876,2
74877,1
74878,1
74879,2
74880,2
74881,1
74882,0
74883,1
74884,2
74885,2
74886,2
74887,2
74888,0
74889,2
74890,0
74891,2
74892,2
74893,2
74894,0
74895,2
74896,1
74897,2
74898,1
74899,0
74900,2
74901,2
74902,1
74903,0
74904,0
74905,0
74906,2
74907,2
74908,1
74909,2
74910,2
74911,1
74912,2
74913,0
74914,2
74915,1
74916,1
74917,2
74918,1
74919,1
74920,2
74921,1
74922,2
74923,2
74924,2
74925,1
74926,0
74927,2
74928,1
74929,2
74930,2
74931,0
74932,0
74933,2
74934,1
74935,0
74936,0
74937,0
74938,1
74939,0
74940,2
74941,1
74942,1
74943,0
74944,2
74945,2
74946,0
74947,0
74948,0
74949,1
74950,2
74951,2
74952,2
74953,2
74954,2
74955,1
74956,2
74957,0
74958,1
74959,0
74960,0
74961,0
74962,0
74963,0
74964,1
74965,2
74966,2
74967,1
74968,0
74969,2
74970,2
74971,0
74972,2
74973,2
74974,0
74975,0
74976,0
74977,1
74978,2
74979,2
74980,2
74981,0
74982,2
74983,0
74984,1
74985,0
74986,2
74987,0
74988,0
74989,2
74990,0
74991,0
74992,1
74993,1
74994,2
74995,0
74996,1
74997,0
74998,0
74999,0
75000,1
75001,0
75002,2
75003,0
75004,2
75005,1
75006,0
75007,2
75008,0
75009,1
75010,0
75011,2
75012,2
75013,0
75014,1
75015,2
75016,0
75017,0
75018,1
75019,0
75020,2
75021,0
75022,0
75023,2
75024,0
75025,0
75026,2
75027,1
75028,1
75029,2
75030,0
75031,2
75032,0
75033,2
75034,2
75035,1
75036,2
75037,1
75038,0
75039,0
75040,2
75041,1
75042,0
75043,0
75044,2
75045,2
75046,0
75047,2
75048,0
75049,2
75050,2
75051,2
75052,0
75053,2
75054,1
75055,2
75056,2
75057,1
75058,2
75059,0
75060,2
75061,0
75062,2
75063,2
75064,0
75065,0
75066,2
75067,0
75068,2
75069,2
75070,1
75071,2
75072,0
75073,0
75074,2
75075,1
75076,0
75077,0
75078,2
75079,0
75080,2
75081,2
75082,2
75083,2
75084,0
75085,2
75086,0
75087,0
75088,1
75089,0
75090,0
75091,2
75092,2
75093,1
75094,2
75095,2
75096,0
75097,2
75098,0
75099,1
75100,0
75101,2
75102,1
75103,2
75104,0
75105,2
75106,1
75107,1
75108,2
75109,2
75110,2
75111,2
75112,2
75113,2
75114,0
75115,2
75116,0
75117,2
75118,0
75119,2
75120,0
75121,1
75122,2
75123,2
75124,2
75125,0
75126,0
75127,2
75128,2
75129,0
75130,1
75131,1
75132,0
75133,0
75134,0
75135,0
75136,1
75137,2
75138,1
75139,0
75140,0
75141,0
75142,2
75143,2
75144,2
75145,0
75146,2
75147,2
75148,0
75149,2
75150,2
75151,0
75152,0
75153,0
75154,0
75155,1
75156,1
75157,0
75158,0
75159,1
75160,0
75161,0
75162,1
75163,2
75164,1
75165,0
75166,0
75167,0
75168,2
75169,2
75170,0
75171,2
75172,2
75173,2
75174,0
75175,2
75176,0
75177,1
75178,2
75179,0
75180,2
75181,2
75182,2
75183,0
75184,0
75185,1
75186,1
75187,2
75188,2
75189,1
75190,0
75191,0
75192,1
75193,1
75194,0
75195,1
75196,0
75197,2
75198,1
75199,1
75200,0
75201,1
75202,0
75203,0
75204,2
75205,2
75206,0
75207,2
75208,0
75209,0
75210,0
75211,0
75212,1
75213,2
75214,2
75215,0
75216,2
75217,2
75218,2
75219,1
75220,0
75221,2
75222,1
75223,2
75224,2
75225,2
75226,0
75227,1
75228,0
75229,1
75230,2
75231,0
75232,2
75233,1
75234,1
75235,0
75236,1
75237,1
75238,0
75239,1
75240,2
75241,1
75242,0
75243,0
75244,0
75245,1
75246,0
75247,2
75248,1
75249,1
75250,1
75251,2
75252,0
75253,2
75254,2
75255,2
75256,0
75257,1
75258,0
75259,1
75260,2
75261,0
75262,0
75263,0
75264,1
75265,2
75266,2
75267,1
75268,2
75269,2
75270,0
75271,0
75272,0
75273,0
75274,0
75275,2
75276,0
75277,1
75278,1
75279,1
75280,2
75281,0
75282,0
75283,2
75284,2
75285,2
75286,0
75287,1
75288,2
75289,0
75290,2
75291,1
75292,1
75293,0
75294,0
75295,0
75296,2
75297,0
75298,0
75299,1
75300,1
75301,2
75302,2
75303,1
75304,1
75305,1
75306,2
75307,0
75308,0
75309,2
75310,0
75311,2
75312,1
75313,1
75314,0
75315,2
75316,1
75317,1
75318,0
75319,0
75320,1
75321,1
75322,0
75323,2
75324,0
75325,1
75326,0
75327,1
75328,0
75329,2
75330,0
75331,2
75332,2
75333,2
75334,2
75335,0
75336,2
75337,0
75338,2
75339,2
75340,2
75341,0
75342,1
75343,0
75344,0
75345,2
75346,0
75347,0
75348,0
75349,2
75350,0
75351,0
75352,2
75353,0
75354,0
75355,0
75356,0
75357,1
75358,0
75359,0
75360,0
75361,2
75362,2
75363,2
75364,0
75365,2
75366,2
75367,0
75368,0
75369,1
75370,0
75371,1
75372,1
75373,1
75374,2
75375,0
75376,2
75377,2
75378,2
75379,0
75380,0
75381,1
75382,0
75383,1
75384,0
75385,1
75386,1
75387,0
75388,1
75389,2
75390,2
75391,2
75392,1
75393,0
75394,0
75395,2
75396,1
75397,1
75398,0
75399,1
75400,0
75401,0
75402,2
75403,0
75404,0
75405,1
75406,0
75407,0
75408,0
75409,2
75410,1
75411,1
75412,1
75413,2
75414,2
75415,2
75416,0
75417,0
75418,1
75419,2
75420,0
75421,2
75422,2
75423,1
75424,0
75425,0
75426,2
75427,1
75428,0
75429,2
75430,2
75431,2
75432,0
75433,0
75434,0
75435,0
75436,2
75437,2
75438,2
75439,0
75440,1
75441,1
75442,2
75443,2
75444,1
75445,1
75446,0
75447,2
75448,0
75449,0
75450,1
75451,0
75452,2
75453,2
75454,2
75455,0
75456,0
75457,0
75458,2
75459,2
75460,0
75461,0
75462,0
75463,1
75464,0
75465,0
75466,1
75467,2
75468,2
75469,2
75470,2
75471,1
75472,2
75473,2
75474,0
75475,0
75476,0
75477,0
75478,0
75479,0
75480,1
75481,0
75482,1
75483,0
75484,1
75485,2
75486,0
75487,2
75488,2
75489,1
75490,1
75491,2
75492,0
75493,2
75494,2
75495,0
75496,0
75497,2
75498,0
75499,2
75500,0
75501,0
75502,0
75503,0
75504,2
75505,0
75506,0
75507,0
75508,2
75509,2
75510,2
75511,1
75512,2
75513,0
75514,0
75515,1
75516,2
75517,2
75518,2
75519,1
75520,2
75521,1
75522,0
75523,2
75524,2
75525,0
75526,0
75527,0
75528,2
75529,2
75530,2
75531,2
75532,1
75533,2
75534,0
75535,2
75536,0
75537,2
75538,1
75539,0
75540,2
75541,1
75542,0
75543,2
75544,1
75545,2
75546,0
75547,1
75548,2
75549,0
75550,1
75551,2
75552,1
75553,1
75554,1
75555,2
75556,0
75557,0
75558,0
75559,2
75560,2
75561,1
75562,0
75563,1
75564,2
75565,1
75566,1
75567,1
75568,2
75569,2
75570,0
75571,2
75572,0
75573,1
75574,0
75575,0
75576,1
75577,0
75578,1
75579,2
75580,1
75581,1
75582,2
75583,2
75584,0
75585,2
75586,2
75587,0
75588,2
75589,2
75590,1
75591,2
75592,2
75593,0
75594,0
75595,0
75596,0
75597,2
75598,0
75599,0
75600,2
75601,2
75602,2
75603,0
75604,1
75605,2
75606,0
75607,2
75608,0
75609,0
75610,0
75611,0
75612,2
75613,0
75614,0
75615,2
75616,0
75617,2
75618,2
75619,2
75620,0
75621,2
75622,1
75623,0
75624,2
75625,0
75626,2
75627,1
75628,1
75629,1
75630,0
75631,0
75632,2
75633,0
75634,1
75635,1
75636,0
75637,0
75638,0
75639,0
75640,1
75641,0
75642,1
75643,2
75644,0
75645,2
75646,0
75647,2
75648,2
75649,2
75650,2
75651,2
75652,2
75653,2
75654,0
75655,0
75656,2
75657,0
75658,2
75659,2
75660,0
75661,1
75662,1
75663,0
75664,0
75665,2
75666,2
75667,0
75668,1
75669,2
75670,0
75671,0
75672,2
75673,2
75674,2
75675,0
75676,0
75677,0
75678,1
75679,2
75680,1
75681,0
75682,2
75683,0
75684,2
75685,0
75686,2
75687,0
75688,0
75689,2
75690,0
75691,2
75692,1
75693,1
75694,2
75695,2
75696,0
75697,1
75698,0
75699,0
75700,0
75701,0
75702,2
75703,2
75704,0
75705,0
75706,1
75707,1
75708,1
75709,0
75710,0
75711,0
75712,0
75713,1
75714,0
75715,2
75716,2
75717,2
75718,0
75719,0
75720,0
75721,2
75722,0
75723,2
75724,2
75725,0
75726,0
75727,0
75728,1
75729,2
75730,2
75731,2
75732,1
75733,0
75734,2
75735,1
75736,2
75737,1
75738,2
75739,1
75740,0
75741,1
75742,2
75743,0
75744,0
75745,2
75746,2
75747,1
75748,1
75749,2
75750,2
75751,2
75752,1
75753,2
75754,2
75755,2
75756,2
75757,0
75758,1
75759,0
75760,0
75761,0
75762,2
75763,2
75764,1
75765,2
75766,2
75767,0
75768,2
75769,2
75770,0
75771,2
75772,0
75773,1
75774,2
75775,0
75776,2
75777,2
75778,2
75779,2
75780,1
75781,1
75782,1
75783,0
75784,0
75785,0
75786,2
75787,1
75788,0
75789,0
75790,0
75791,1
75792,2
75793,2
75794,1
75795,2
75796,2
75797,2
75798,1
75799,0
75800,0
75801,2
75802,1
75803,0
75804,2
75805,0
75806,1
75807,2
75808,0
75809,2
75810,0
75811,0
75812,0
75813,0
75814,0
75815,1
75816,0
75817,1
75818,2
75819,1
75820,0
75821,1
75822,0
75823,0
75824,0
75825,1
75826,2
75827,0
75828,2
75829,0
75830,0
75831,2
75832,0
75833,0
75834,1
75835,0
75836,0
75837,2
75838,1
75839,0
75840,0
75841,1
75842,0
75843,0
75844,0
75845,1
75846,2
75847,0
75848,0
75849,2
75850,1
75851,0
75852,2
75853,1
75854,1
75855,1
75856,1
75857,0
75858,0
75859,0
75860,1
75861,0
75862,0
75863,0
75864,2
75865,2
75866,1
75867,2
75868,0
75869,2
75870,0
75871,0
75872,2
75873,0
75874,0
75875,0
75876,1
75877,1
75878,0
75879,0
75880,0
75881,0
75882,0
75883,2
75884,0
75885,1
75886,2
75887,2
75888,0
75889,1
75890,0
75891,0
75892,2
75893,0
75894,1
75895,0
75896,2
75897,2
75898,0
75899,0
75900,2
75901,2
75902,0
75903,2
75904,1
75905,1
75906,0
75907,0
75908,2
75909,1
75910,2
75911,1
75912,1
75913,0
75914,0
75915,2
75916,2
75917,2
75918,2
75919,2
75920,0
75921,0
75922,1
75923,2
75924,0
75925,2
75926,0
75927,2
75928,2
75929,2
75930,1
75931,1
75932,0
75933,0
75934,0
75935,2
75936,0
75937,1
75938,1
75939,2
75940,0
75941,1
75942,1
75943,1
75944,1
75945,2
75946,2
75947,0
75948,0
75949,1
75950,2
75951,2
75952,0
75953,0
75954,1
75955,0
75956,0
75957,1
75958,2
75959,2
75960,2
75961,0
75962,1
75963,0
75964,0
75965,2
75966,2
75967,2
75968,0
75969,2
75970,2
75971,0
75972,0
75973,1
75974,1
75975,1
75976,2
75977,0
75978,0
75979,0
75980,2
75981,0
75982,0
75983,2
75984,1
75985,0
75986,1
75987,1
75988,1
75989,0
75990,2
75991,1
75992,2
75993,0
75994,2
75995,2
75996,0
75997,1
75998,0
75999,1
76000,0
76001,2
76002,1
76003,2
76004,2
76005,2
76006,2
76007,1
76008,2
76009,0
76010,2
76011,2
76012,0
76013,2
76014,0
76015,1
76016,2
76017,0
76018,1
76019,1
76020,1
76021,0
76022,1
76023,0
76024,0
76025,1
76026,2
76027,0
76028,1
76029,1
76030,0
76031,2
76032,2
76033,0
76034,0
76035,0
76036,2
76037,1
76038,1
76039,2
76040,0
76041,0
76042,2
76043,1
76044,0
76045,0
76046,0
76047,2
76048,2
76049,1
76050,1
76051,0
76052,0
76053,2
76054,2
76055,1
76056,0
76057,1
76058,0
76059,1
76060,0
76061,2
76062,0
76063,0
76064,1
76065,0
76066,0
76067,1
76068,1
76069,0
76070,2
76071,1
76072,1
76073,2
76074,1
76075,0
76076,2
76077,0
76078,2
76079,0
76080,0
76081,1
76082,0
76083,0
76084,0
76085,0
76086,0
76087,1
76088,2
76089,0
76090,0
76091,2
76092,2
76093,1
76094,1
76095,2
76096,2
76097,2
76098,0
76099,2
76100,0
76101,1
76102,0
76103,2
76104,2
76105,2
76106,0
76107,2
76108,1
76109,1
76110,0
76111,1
76112,0
76113,2
76114,2
76115,1
76116,1
76117,0
76118,1
76119,0
76120,1
76121,0
76122,1
76123,1
76124,1
76125,0
76126,0
76127,0
76128,0
76129,0
76130,1
76131,0
76132,0
76133,1
76134,0
76135,0
76136,1
76137,0
76138,0
76139,0
76140,2
76141,2
76142,1
76143,1
76144,0
76145,2
76146,1
76147,0
76148,1
76149,1
76150,1
76151,2
76152,2
76153,2
76154,0
76155,1
76156,1
76157,0
76158,1
76159,2
76160,0
76161,2
76162,2
76163,1
76164,1
76165,1
76166,1
76167,0
76168,2
76169,2
76170,2
76171,1
76172,2
76173,0
76174,1
76175,0
76176,2
76177,1
76178,2
76179,2
76180,2
76181,2
76182,1
76183,0
76184,2
76185,0
76186,2
76187,2
76188,2
76189,2
76190,1
76191,2
76192,2
76193,0
76194,2
76195,0
76196,1
76197,2
76198,1
76199,2
76200,1
76201,1
76202,2
76203,2
76204,0
76205,2
76206,2
76207,0
76208,2
76209,2
76210,0
76211,2
76212,1
76213,0
76214,0
76215,1
76216,2
76217,0
76218,1
76219,0
76220,0
76221,0
76222,1
76223,2
76224,2
76225,2
76226,2
76227,2
76228,2
76229,2
76230,2
76231,0
76232,2
76233,0
76234,2
76235,2
76236,2
76237,0
76238,0
76239,0
76240,1
76241,1
76242,1
76243,0
76244,2
76245,0
76246,0
76247,1
76248,1
76249,2
76250,0
76251,2
76252,1
76253,0
76254,0
76255,0
76256,1
76257,2
76258,2
76259,1
76260,2
76261,2
76262,1
76263,0
76264,2
76265,0
76266,1
76267,0
76268,2
76269,0
76270,2
76271,0
76272,2
76273,1
76274,2
76275,0
76276,0
76277,2
76278,1
76279,0
76280,0
76281,2
76282,1
76283,1
76284,0
76285,0
76286,1
76287,0
76288,2
76289,0
76290,2
76291,0
76292,0
76293,0
76294,0
76295,0
76296,0
76297,2
76298,0
76299,0
76300,2
76301,0
76302,2
76303,0
76304,2
76305,0
76306,0
76307,0
76308,0
76309,2
76310,0
76311,2
76312,2
76313,0
76314,2
76315,2
76316,2
76317,2
76318,2
76319,1
76320,0
76321,0
76322,0
76323,2
76324,2
76325,0
76326,0
76327,1
76328,1
76329,2
76330,2
76331,2
76332,1
76333,0
76334,0
76335,0
76336,2
76337,1
76338,2
76339,1
76340,0
76341,1
76342,0
76343,1
76344,1
76345,2
76346,2
76347,0
76348,2
76349,2
76350,0
76351,1
76352,0
76353,0
76354,1
76355,2
76356,0
76357,2
76358,0
76359,2
76360,2
76361,1
76362,2
76363,0
76364,0
76365,1
76366,0
76367,2
76368,2
76369,2
76370,0
76371,2
76372,0
76373,1
76374,0
76375,0
76376,1
76377,1
76378,0
76379,2
76380,2
76381,2
76382,2
76383,0
76384,1
76385,1
76386,1
76387,0
76388,0
76389,1
76390,0
76391,2
76392,0
76393,2
76394,2
76395,0
76396,1
76397,0
76398,0
76399,0
76400,2
76401,0
76402,0
76403,0
76404,2
76405,1
76406,1
76407,0
76408,2
76409,2
76410,0
76411,2
76412,0
76413,2
76414,2
76415,2
76416,1
76417,1
76418,0
76419,0
76420,2
76421,2
76422,1
76423,0
76424,2
76425,1
76426,2
76427,0
76428,2
76429,2
76430,0
76431,1
76432,2
76433,1
76434,2
76435,2
76436,2
76437,0
76438,2
76439,1
76440,0
76441,0
76442,2
76443,2
76444,2
76445,0
76446,0
76447,2
76448,2
76449,1
76450,1
76451,2
76452,2
76453,2
76454,0
76455,0
76456,0
76457,2
76458,1
76459,2
76460,2
76461,1
76462,1
76463,0
76464,2
76465,0
76466,2
76467,2
76468,1
76469,0
76470,0
76471,2
76472,0
76473,1
76474,1
76475,2
76476,2
76477,0
76478,1
76479,0
76480,0
76481,2
76482,1
76483,0
76484,2
76485,2
76486,1
76487,0
76488,1
76489,0
76490,2
76491,2
76492,2
76493,0
76494,1
76495,1
76496,2
76497,0
76498,0
76499,2
76500,1
76501,0
76502,0
76503,1
76504,2
76505,1
76506,2
76507,0
76508,0
76509,2
76510,2
76511,2
76512,0
76513,1
76514,0
76515,2
76516,1
76517,2
76518,2
76519,2
76520,0
76521,1
76522,1
76523,1
76524,0
76525,0
76526,0
76527,2
76528,2
76529,2
76530,2
76531,2
76532,2
76533,2
76534,1
76535,2
76536,2
76537,0
76538,0
76539,2
76540,2
76541,0
76542,0
76543,0
76544,0
76545,0
76546,0
76547,2
76548,0
76549,1
76550,0
76551,0
76552,1
76553,2
76554,2
76555,2
76556,0
76557,1
76558,2
76559,2
76560,1
76561,1
76562,0
76563,1
76564,0
76565,2
76566,0
76567,2
76568,0
76569,2
76570,2
76571,0
76572,2
76573,2
76574,1
76575,1
76576,0
76577,2
76578,2
76579,2
76580,2
76581,2
76582,0
76583,2
76584,1
76585,0
76586,2
76587,2
76588,2
76589,2
76590,2
76591,0
76592,0
76593,1
76594,2
76595,1
76596,1
76597,0
76598,2
76599,1
76600,2
76601,1
76602,0
76603,1
76604,2
76605,1
76606,1
76607,0
76608,2
76609,0
76610,2
76611,2
76612,0
76613,0
76614,1
76615,0
76616,0
76617,1
76618,1
76619,2
76620,0
76621,2
76622,1
76623,0
76624,0
76625,2
76626,2
76627,0
76628,2
76629,0
76630,2
76631,1
76632,0
76633,2
76634,1
76635,2
76636,2
76637,2
76638,0
76639,0
76640,0
76641,2
76642,0
76643,0
76644,0
76645,2
76646,0
76647,0
76648,0
76649,2
76650,0
76651,0
76652,2
76653,1
76654,0
76655,2
76656,1
76657,0
76658,2
76659,0
76660,2
76661,1
76662,0
76663,0
76664,0
76665,0
76666,1
76667,2
76668,0
76669,2
76670,2
76671,1
76672,0
76673,0
76674,2
76675,0
76676,2
76677,2
76678,1
76679,2
76680,2
76681,1
76682,2
76683,0
76684,0
76685,0
76686,0
76687,1
76688,2
76689,0
76690,2
76691,2
76692,1
76693,0
76694,2
76695,2
76696,1
76697,2
76698,0
76699,0
76700,2
76701,2
76702,0
76703,1
76704,1
76705,2
76706,1
76707,0
76708,2
76709,2
76710,0
76711,0
76712,2
76713,0
76714,1
76715,2
76716,0
76717,2
76718,0
76719,2
76720,2
76721,0
76722,1
76723,2
76724,0
76725,2
76726,2
76727,1
76728,2
76729,0
76730,2
76731,1
76732,2
76733,1
76734,0
76735,2
76736,0
76737,1
76738,0
76739,2
76740,2
76741,0
76742,2
76743,0
76744,1
76745,1
76746,0
76747,2
76748,1
76749,0
76750,2
76751,2
76752,0
76753,0
76754,2
76755,0
76756,0
76757,1
76758,0
76759,2
76760,2
76761,0
76762,0
76763,0
76764,0
76765,0
76766,0
76767,1
76768,0
76769,0
76770,0
76771,0
76772,2
76773,1
76774,0
76775,0
76776,2
76777,0
76778,0
76779,1
76780,2
76781,0
76782,1
76783,0
76784,1
76785,2
76786,2
76787,0
76788,0
76789,1
76790,0
76791,2
76792,1
76793,1
76794,2
76795,2
76796,0
76797,0
76798,0
76799,0
76800,2
76801,0
76802,1
76803,2
76804,0
76805,0
76806,0
76807,0
76808,0
76809,1
76810,2
76811,1
76812,0
76813,2
76814,1
76815,0
76816,2
76817,2
76818,1
76819,0
76820,2
76821,1
76822,0
76823,1
76824,2
76825,0
76826,0
76827,1
76828,1
76829,1
76830,2
76831,0
76832,2
76833,1
76834,0
76835,1
76836,1
76837,0
76838,2
76839,2
76840,2
76841,1
76842,2
76843,2
76844,0
76845,2
76846,2
76847,0
76848,0
76849,0
76850,0
76851,0
76852,0
76853,1
76854,2
76855,0
76856,2
76857,0
76858,0
76859,2
76860,0
76861,0
76862,0
76863,0
76864,2
76865,1
76866,0
76867,2
76868,0
76869,1
76870,2
76871,2
76872,0
76873,1
76874,2
76875,0
76876,0
76877,2
76878,2
76879,2
76880,0
76881,2
76882,0
76883,2
76884,0
76885,2
76886,0
76887,0
76888,0
76889,2
76890,0
76891,2
76892,2
76893,2
76894,2
76895,2
76896,0
76897,0
76898,1
76899,2
76900,2
76901,0
76902,2
76903,0
76904,0
76905,2
76906,0
76907,2
76908,0
76909,2
76910,0
76911,1
76912,0
76913,0
76914,0
76915,2
76916,0
76917,2
76918,1
76919,2
76920,2
76921,1
76922,0
76923,1
76924,2
76925,1
76926,0
76927,2
76928,2
76929,1
76930,2
76931,1
76932,0
76933,1
76934,0
76935,2
76936,1
76937,2
76938,0
76939,0
76940,2
76941,0
76942,0
76943,2
76944,2
76945,1
76946,1
76947,2
76948,1
76949,2
76950,2
76951,1
76952,2
76953,0
76954,0
76955,2
76956,0
76957,2
76958,2
76959,1
76960,1
76961,1
76962,1
76963,2
76964,2
76965,2
76966,0
76967,1
76968,2
76969,0
76970,2
76971,1
76972,2
76973,0
76974,0
76975,0
76976,0
76977,2
76978,0
76979,0
76980,1
76981,1
76982,1
76983,1
76984,2
76985,0
76986,0
76987,2
76988,1
76989,1
76990,2
76991,2
76992,2
76993,2
76994,1
76995,2
76996,0
76997,2
76998,2
76999,2
77000,2
77001,2
77002,2
77003,2
77004,0
77005,2
77006,1
77007,0
77008,0
77009,0
77010,2
77011,1
77012,2
77013,0
77014,0
77015,1
77016,0
77017,2
77018,2
77019,0
77020,2
77021,2
77022,0
77023,0
77024,0
77025,2
77026,2
77027,0
77028,0
77029,0
77030,1
77031,2
77032,2
77033,1
77034,0
77035,0
77036,1
77037,0
77038,2
77039,2
77040,1
77041,2
77042,0
77043,0
77044,1
77045,0
77046,2
77047,2
77048,0
77049,1
77050,2
77051,0
77052,0
77053,0
77054,2
77055,2
77056,0
77057,0
77058,0
77059,1
77060,2
77061,1
77062,2
77063,1
77064,0
77065,0
77066,1
77067,0
77068,2
77069,2
77070,1
77071,1
77072,0
77073,0
77074,0
77075,0
77076,2
77077,0
77078,2
77079,1
77080,1
77081,1
77082,2
77083,2
77084,2
77085,1
77086,1
77087,0
77088,2
77089,2
77090,2
77091,1
77092,2
77093,0
77094,2
77095,2
77096,2
77097,1
77098,2
77099,1
77100,1
77101,0
77102,2
77103,1
77104,2
77105,2
77106,1
77107,0
77108,2
77109,2
77110,0
77111,0
77112,0
77113,2
77114,0
77115,0
77116,1
77117,2
77118,1
77119,0
77120,0
77121,0
77122,1
77123,2
77124,0
77125,0
77126,1
77127,1
77128,1
77129,1
77130,1
77131,0
77132,0
77133,0
77134,1
77135,1
77136,0
77137,2
77138,0
77139,1
77140,1
77141,2
77142,0
77143,0
77144,2
77145,0
77146,0
77147,0
77148,0
77149,1
77150,0
77151,2
77152,2
77153,0
77154,0
77155,0
77156,2
77157,2
77158,2
77159,0
77160,2
77161,0
77162,2
77163,0
77164,0
77165,1
77166,0
77167,2
77168,1
77169,2
77170,0
77171,2
77172,0
77173,2
77174,0
77175,2
77176,0
77177,0
77178,1
77179,0
77180,0
77181,2
77182,2
77183,0
77184,2
77185,0
77186,0
77187,1
77188,2
77189,0
77190,1
77191,2
77192,2
77193,1
77194,2
77195,2
77196,0
77197,2
77198,1
77199,0
77200,1
77201,0
77202,2
77203,0
77204,2
77205,2
77206,0
77207,2
77208,0
77209,1
77210,0
77211,0
77212,1
77213,2
77214,2
77215,2
77216,2
77217,2
77218,2
77219,0
77220,1
77221,1
77222,0
77223,0
77224,2
77225,2
77226,0
77227,0
77228,0
77229,2
77230,0
77231,2
77232,0
77233,1
77234,2
77235,1
77236,0
77237,2
77238,0
77239,1
77240,1
77241,2
77242,1
77243,2
77244,0
77245,0
77246,0
77247,0
77248,0
77249,2
77250,2
77251,1
77252,1
77253,0
77254,1
77255,0
77256,0
77257,0
77258,2
77259,2
77260,1
77261,2
77262,2
77263,2
77264,0
77265,1
77266,0
77267,2
77268,2
77269,0
77270,1
77271,1
77272,0
77273,2
77274,2
77275,2
77276,0
77277,2
77278,0
77279,0
77280,0
77281,2
77282,0
77283,0
77284,2
77285,2
77286,0
77287,1
77288,0
77289,2
77290,1
77291,1
77292,0
77293,1
77294,2
77295,2
77296,2
77297,1
77298,2
77299,1
77300,1
77301,2
77302,1
77303,2
77304,2
77305,2
77306,1
77307,0
77308,0
77309,2
77310,1
77311,0
77312,2
77313,0
77314,2
77315,0
77316,1
77317,0
77318,2
77319,0
77320,1
77321,0
77322,0
77323,0
77324,1
77325,0
77326,0
77327,0
77328,0
77329,0
77330,2
77331,1
77332,0
77333,2
77334,2
77335,1
77336,0
77337,2
77338,0
77339,2
77340,2
77341,2
77342,1
77343,0
77344,1
77345,0
77346,1
77347,2
77348,2
77349,2
77350,0
77351,2
77352,1
77353,1
77354,1
77355,0
77356,2
77357,1
77358,1
77359,0
77360,2
77361,2
77362,1
77363,1
77364,0
77365,1
77366,1
77367,0
77368,0
77369,0
77370,2
77371,1
77372,2
77373,2
77374,2
77375,1
77376,2
77377,0
77378,2
77379,2
77380,0
77381,0
77382,1
77383,2
77384,0
77385,0
77386,0
77387,2
77388,1
77389,1
77390,0
77391,0
77392,0
77393,0
77394,0
77395,0
77396,1
77397,1
77398,2
77399,0
77400,0
77401,2
77402,2
77403,0
77404,1
77405,2
77406,2
77407,0
77408,0
77409,2
77410,0
77411,0
77412,1
77413,1
77414,2
77415,1
77416,0
77417,1
77418,0
77419,0
77420,2
77421,1
77422,2
77423,1
77424,0
77425,1
77426,1
77427,0
77428,0
77429,1
77430,2
77431,2
77432,0
77433,2
77434,2
77435,2
77436,2
77437,2
77438,2
77439,0
77440,2
77441,0
77442,2
77443,1
77444,2
77445,2
77446,2
77447,0
77448,1
77449,1
77450,1
77451,0
77452,0
77453,0
77454,1
77455,2
77456,2
77457,2
77458,0
77459,1
77460,1
77461,0
77462,0
77463,2
77464,2
77465,1
77466,2
77467,0
77468,0
77469,1
77470,2
77471,0
77472,0
77473,2
77474,2
77475,2
77476,1
77477,0
77478,2
77479,1
77480,2
77481,2
77482,0
77483,0
77484,0
77485,1
77486,2
77487,1
77488,0
77489,2
77490,2
77491,0
77492,0
77493,1
77494,1
77495,2
77496,0
77497,2
77498,2
77499,1
77500,1
77501,1
77502,0
77503,2
77504,0
77505,0
77506,2
77507,2
77508,2
77509,0
77510,0
77511,1
77512,2
77513,0
77514,0
77515,1
77516,0
77517,0
77518,1
77519,0
77520,1
77521,2
77522,2
77523,0
77524,1
77525,0
77526,2
77527,0
77528,2
77529,1
77530,0
77531,2
77532,0
77533,0
77534,1
77535,2
77536,1
77537,2
77538,1
77539,2
77540,0
77541,2
77542,0
77543,1
77544,2
77545,2
77546,1
77547,1
77548,0
77549,2
77550,0
77551,0
77552,0
77553,1
77554,2
77555,1
77556,0
77557,0
77558,2
77559,0
77560,2
77561,2
77562,0
77563,2
77564,2
77565,2
77566,2
77567,1
77568,2
77569,2
77570,0
77571,0
77572,2
77573,2
77574,0
77575,1
77576,2
77577,2
77578,0
77579,0
77580,1
77581,2
77582,1
77583,1
77584,0
77585,2
77586,1
77587,0
77588,2
77589,0
77590,1
77591,0
77592,0
77593,0
77594,1
77595,0
77596,0
77597,1
77598,1
77599,2
77600,1
77601,1
77602,2
77603,0
77604,0
77605,0
77606,0
77607,1
77608,0
77609,0
77610,0
77611,0
77612,0
77613,0
77614,2
77615,2
77616,0
77617,2
77618,2
77619,1
77620,2
77621,2
77622,2
77623,2
77624,2
77625,0
77626,1
77627,1
77628,1
77629,2
77630,1
77631,2
77632,1
77633,2
77634,2
77635,2
77636,2
77637,0
77638,1
77639,2
77640,1
77641,0
77642,2
77643,2
77644,0
77645,1
77646,1
77647,2
77648,0
77649,0
77650,2
77651,0
77652,1
77653,0
77654,2
77655,0
77656,1
77657,1
77658,1
77659,1
77660,0
77661,0
77662,2
77663,2
77664,1
77665,0
77666,2
77667,2
77668,1
77669,0
77670,2
77671,2
77672,2
77673,0
77674,2
77675,2
77676,0
77677,2
77678,0
77679,1
77680,1
77681,1
77682,2
77683,0
77684,2
77685,0
77686,0
77687,2
77688,0
77689,0
77690,1
77691,2
77692,2
77693,1
77694,0
77695,0
77696,0
77697,0
77698,2
77699,2
77700,2
77701,2
77702,2
77703,2
77704,1
77705,2
77706,0
77707,0
77708,2
77709,0
77710,1
77711,2
77712,2
77713,0
77714,1
77715,2
77716,2
77717,1
77718,0
77719,1
77720,2
77721,0
77722,0
77723,1
77724,0
77725,2
77726,0
77727,2
77728,2
77729,2
77730,0
77731,0
77732,2
77733,0
77734,2
77735,0
77736,0
77737,0
77738,0
77739,2
77740,1
77741,1
77742,2
77743,1
77744,1
77745,1
77746,1
77747,0
77748,2
77749,2
77750,2
77751,0
77752,0
77753,0
77754,0
77755,1
77756,0
77757,2
77758,2
77759,0
77760,1
77761,2
77762,0
77763,1
77764,2
77765,2
77766,1
77767,0
77768,2
77769,0
77770,0
77771,2
77772,2
77773,1
77774,0
77775,2
77776,2
77777,0
77778,2
77779,2
77780,2
77781,0
77782,2
77783,1
77784,2
77785,1
77786,1
77787,0
77788,0
77789,1
77790,0
77791,0
77792,2
77793,2
77794,0
77795,0
77796,1
77797,1
77798,2
77799,2
77800,0
77801,0
77802,0
77803,0
77804,0
77805,0
77806,0
77807,0
77808,1
77809,0
77810,0
77811,1
77812,1
77813,0
77814,2
77815,2
77816,1
77817,2
77818,0
77819,2
77820,0
77821,1
77822,1
77823,2
77824,2
77825,0
77826,0
77827,1
77828,2
77829,2
77830,2
77831,2
77832,0
77833,1
77834,2
77835,1
77836,0
77837,1
77838,0
77839,1
77840,2
77841,1
77842,0
77843,2
77844,1
77845,0
77846,2
77847,0
77848,0
77849,1
77850,2
77851,0
77852,1
77853,0
77854,0
77855,0
77856,1
77857,0
77858,0
77859,0
77860,0
77861,1
77862,2
77863,0
77864,0
77865,0
77866,0
77867,0
77868,2
77869,0
77870,1
77871,2
77872,0
77873,0
77874,0
77875,0
77876,2
77877,0
77878,0
77879,0
77880,2
77881,0
77882,2
77883,0
77884,1
77885,2
77886,1
77887,2
77888,2
77889,0
77890,1
77891,2
77892,0
77893,1
77894,0
77895,2
77896,1
77897,0
77898,1
77899,2
77900,2
77901,1
77902,0
77903,0
77904,1
77905,2
77906,2
77907,2
77908,2
77909,1
77910,0
77911,0
77912,1
77913,2
77914,2
77915,0
77916,1
77917,2
77918,1
77919,1
77920,1
77921,2
77922,1
77923,2
77924,2
77925,0
77926,0
77927,2
77928,2
77929,2
77930,0
77931,2
77932,0
77933,0
77934,0
77935,2
77936,0
77937,0
77938,0
77939,2
77940,0
77941,2
77942,0
77943,0
77944,0
77945,0
77946,0
77947,2
77948,1
77949,2
77950,2
77951,2
77952,0
77953,2
77954,0
77955,0
77956,2
77957,0
77958,2
77959,0
77960,2
77961,0
77962,2
77963,2
77964,0
77965,0
77966,0
77967,0
77968,1
77969,2
77970,1
77971,2
77972,2
77973,2
77974,1
77975,1
77976,0
77977,0
77978,1
77979,2
77980,1
77981,1
77982,2
77983,2
77984,2
77985,2
77986,0
77987,2
77988,2
77989,0
77990,2
77991,2
77992,0
77993,0
77994,0
77995,1
77996,2
77997,0
77998,2
77999,2
78000,0
78001,0
78002,0
78003,2
78004,2
78005,1
78006,0
78007,2
78008,1
78009,0
78010,2
78011,2
78012,1
78013,2
78014,0
78015,0
78016,0
78017,1
78018,1
78019,2
78020,0
78021,0
78022,2
78023,1
78024,0
78025,0
78026,2
78027,1
78028,2
78029,1
78030,0
78031,2
78032,1
78033,2
78034,0
78035,1
78036,2
78037,1
78038,1
78039,2
78040,0
78041,2
78042,0
78043,2
78044,1
78045,2
78046,0
78047,0
78048,2
78049,0
78050,0
78051,2
78052,0
78053,2
78054,0
78055,2
78056,0
78057,2
78058,0
78059,1
78060,1
78061,2
78062,2
78063,2
78064,0
78065,2
78066,0
78067,0
78068,0
78069,0
78070,2
78071,0
78072,2
78073,2
78074,1
78075,2
78076,1
78077,2
78078,0
78079,1
78080,0
78081,1
78082,1
78083,2
78084,1
78085,2
78086,0
78087,0
78088,2
78089,0
78090,0
78091,0
78092,1
78093,0
78094,1
78095,1
78096,2
78097,2
78098,0
78099,0
78100,0
78101,0
78102,2
78103,0
78104,2
78105,1
78106,0
78107,1
78108,2
78109,0
78110,0
78111,2
78112,2
78113,0
78114,0
78115,0
78116,2
78117,1
78118,1
78119,1
78120,1
78121,2
78122,2
78123,1
78124,2
78125,2
78126,2
78127,0
78128,1
78129,1
78130,1
78131,2
78132,1
78133,2
78134,2
78135,2
78136,0
78137,2
78138,2
78139,2
78140,2
78141,0
78142,2
78143,2
78144,2
78145,0
78146,2
78147,1
78148,2
78149,0
78150,1
78151,0
78152,2
78153,2
78154,2
78155,2
78156,1
78157,0
78158,2
78159,2
78160,0
78161,2
78162,1
78163,2
78164,2
78165,1
78166,0
78167,0
78168,1
78169,2
78170,0
78171,1
78172,0
78173,2
78174,1
78175,2
78176,0
78177,0
78178,0
78179,0
78180,0
78181,2
78182,1
78183,2
78184,0
78185,2
78186,0
78187,2
78188,0
78189,1
78190,1
78191,2
78192,2
78193,0
78194,2
78195,0
78196,0
78197,2
78198,1
78199,2
78200,1
78201,1
78202,0
78203,0
78204,0
78205,0
78206,2
78207,1
78208,1
78209,2
78210,0
78211,2
78212,2
78213,0
78214,2
78215,1
78216,0
78217,2
78218,0
78219,0
78220,1
78221,0
78222,2
78223,0
78224,2
78225,2
78226,2
78227,2
78228,0
78229,0
78230,1
78231,2
78232,2
78233,2
78234,1
78235,2
78236,2
78237,1
78238,2
78239,0
78240,0
78241,2
78242,2
78243,0
78244,0
78245,1
78246,0
78247,1
78248,0
78249,2
78250,0
78251,2
78252,1
78253,0
78254,1
78255,2
78256,0
78257,2
78258,1
78259,2
78260,2
78261,2
78262,1
78263,1
78264,2
78265,0
78266,1
78267,0
78268,2
78269,2
78270,0
78271,1
78272,2
78273,1
78274,1
78275,2
78276,2
78277,2
78278,2
78279,1
78280,1
78281,0
78282,1
78283,0
78284,0
78285,2
78286,0
78287,0
78288,2
78289,1
78290,1
78291,0
78292,1
78293,2
78294,2
78295,0
78296,1
78297,0
78298,2
78299,2
78300,1
78301,1
78302,2
78303,0
78304,2
78305,0
78306,1
78307,0
78308,0
78309,0
78310,2
78311,0
78312,2
78313,0
78314,2
78315,1
78316,0
78317,0
78318,0
78319,2
78320,2
78321,0
78322,1
78323,1
78324,0
78325,0
78326,2
78327,2
78328,2
78329,2
78330,2
78331,0
78332,2
78333,0
78334,2
78335,1
78336,0
78337,2
78338,1
78339,2
78340,2
78341,0
78342,1
78343,1
78344,0
78345,0
78346,2
78347,0
78348,1
78349,0
78350,0
78351,1
78352,0
78353,1
78354,1
78355,2
78356,0
78357,2
78358,0
78359,0
78360,0
78361,2
78362,2
78363,0
78364,2
78365,2
78366,2
78367,2
78368,2
78369,1
78370,2
78371,2
78372,1
78373,0
78374,1
78375,2
78376,1
78377,1
78378,2
78379,2
78380,1
78381,2
78382,0
78383,2
78384,1
78385,1
78386,0
78387,1
78388,0
78389,2
78390,0
78391,2
78392,0
78393,1
78394,2
78395,0
78396,1
78397,1
78398,1
78399,0
78400,2
78401,0
78402,0
78403,1
78404,2
78405,1
78406,1
78407,2
78408,2
78409,0
78410,2
78411,0
78412,2
78413,2
78414,2
78415,1
78416,2
78417,2
78418,1
78419,1
78420,0
78421,2
78422,0
78423,0
78424,0
78425,0
78426,2
78427,0
78428,1
78429,1
78430,0
78431,2
78432,0
78433,1
78434,0
78435,0
78436,2
78437,0
78438,0
78439,0
78440,0
78441,2
78442,1
78443,0
78444,2
78445,0
78446,0
78447,0
78448,1
78449,0
78450,0
78451,0
78452,0
78453,0
78454,1
78455,2
78456,2
78457,2
78458,2
78459,1
78460,1
78461,0
78462,0
78463,0
78464,0
78465,2
78466,2
78467,1
78468,2
78469,2
78470,1
78471,0
78472,2
78473,1
78474,0
78475,1
78476,2
78477,0
78478,2
78479,2
78480,2
78481,2
78482,0
78483,0
78484,2
78485,0
78486,2
78487,2
78488,2
78489,0
78490,2
78491,1
78492,1
78493,2
78494,2
78495,0
78496,2
78497,0
78498,1
78499,0
78500,0
78501,2
78502,2
78503,1
78504,1
78505,1
78506,0
78507,2
78508,2
78509,1
78510,0
78511,2
78512,2
78513,2
78514,2
78515,0
78516,0
78517,1
78518,2
78519,2
78520,2
78521,0
78522,2
78523,1
78524,2
78525,0
78526,0
78527,0
78528,0
78529,2
78530,0
78531,0
78532,2
78533,2
78534,0
78535,2
78536,2
78537,0
78538,1
78539,0
78540,2
78541,2
78542,1
78543,1
78544,1
78545,1
78546,0
78547,2
78548,2
78549,0
78550,1
78551,0
78552,1
78553,0
78554,2
78555,0
78556,2
78557,2
78558,1
78559,1
78560,0
78561,0
78562,2
78563,2
78564,0
78565,2
78566,0
78567,2
78568,1
78569,0
78570,2
78571,2
78572,0
78573,0
78574,1
78575,2
78576,0
78577,0
78578,1
78579,2
78580,2
78581,0
78582,1
78583,2
78584,0
78585,0
78586,1
78587,2
78588,2
78589,2
78590,1
78591,0
78592,2
78593,0
78594,2
78595,2
78596,1
78597,0
78598,2
78599,2
78600,2
78601,2
78602,1
78603,1
78604,1
78605,2
78606,1
78607,2
78608,2
78609,1
78610,0
78611,2
78612,1
78613,1
78614,0
78615,2
78616,0
78617,0
78618,1
78619,0
78620,1
78621,2
78622,1
78623,0
78624,2
78625,1
78626,2
78627,1
78628,0
78629,2
78630,0
78631,0
78632,0
78633,1
78634,2
78635,2
78636,1
78637,2
78638,1
78639,2
78640,0
78641,0
78642,2
78643,0
78644,2
78645,2
78646,1
78647,2
78648,0
78649,0
78650,2
78651,0
78652,0
78653,0
78654,2
78655,2
78656,1
78657,2
78658,2
78659,2
78660,0
78661,2
78662,1
78663,2
78664,0
78665,2
78666,0
78667,0
78668,1
78669,0
78670,1
78671,1
78672,0
78673,0
78674,0
78675,1
78676,0
78677,0
78678,0
78679,0
78680,2
78681,1
78682,1
78683,0
78684,2
78685,0
78686,0
78687,2
78688,2
78689,0
78690,1
78691,0
78692,0
78693,2
78694,2
78695,2
78696,2
78697,1
78698,0
78699,1
78700,2
78701,0
78702,0
78703,2
78704,0
78705,0
78706,1
78707,2
78708,0
78709,2
78710,2
78711,0
78712,2
78713,0
78714,1
78715,0
78716,1
78717,0
78718,0
78719,1
78720,1
78721,2
78722,1
78723,1
78724,0
78725,2
78726,0
78727,0
78728,2
78729,2
78730,2
78731,2
78732,0
78733,0
78734,2
78735,1
78736,2
78737,2
78738,1
78739,2
78740,2
78741,0
78742,0
78743,0
78744,0
78745,2
78746,2
78747,1
78748,2
78749,2
78750,2
78751,2
78752,0
78753,2
78754,2
78755,1
78756,1
78757,2
78758,2
78759,2
78760,2
78761,1
78762,2
78763,2
78764,0
78765,0
78766,0
78767,1
78768,2
78769,2
78770,0
78771,0
78772,2
78773,0
78774,2
78775,2
78776,0
78777,1
78778,1
78779,1
78780,0
78781,2
78782,2
78783,0
78784,0
78785,2
78786,2
78787,1
78788,0
78789,2
78790,2
78791,0
78792,1
78793,2
78794,0
78795,2
78796,1
78797,2
78798,2
78799,0
78800,1
78801,2
78802,2
78803,0
78804,0
78805,0
78806,0
78807,2
78808,2
78809,0
78810,2
78811,1
78812,2
78813,2
78814,1
78815,0
78816,0
78817,1
78818,2
78819,0
78820,2
78821,1
78822,1
78823,1
78824,2
78825,0
78826,0
78827,0
78828,1
78829,0
78830,0
78831,1
78832,0
78833,2
78834,1
78835,2
78836,0
78837,0
78838,2
78839,2
78840,0
78841,2
78842,0
78843,1
78844,1
78845,0
78846,2
78847,0
78848,2
78849,2
78850,0
78851,2
78852,2
78853,2
78854,0
78855,0
78856,2
78857,1
78858,2
78859,1
78860,1
78861,0
78862,2
78863,1
78864,2
78865,0
78866,2
78867,2
78868,0
78869,2
78870,0
78871,2
78872,2
78873,1
78874,0
78875,1
78876,1
78877,0
78878,0
78879,2
78880,1
78881,0
78882,0
78883,0
78884,2
78885,0
78886,0
78887,0
78888,0
78889,1
78890,2
78891,1
78892,2
78893,1
78894,2
78895,2
78896,1
78897,0
78898,2
78899,0
78900,2
78901,2
78902,2
78903,0
78904,2
78905,2
78906,0
78907,2
78908,1
78909,2
78910,1
78911,1
78912,1
78913,0
78914,2
78915,2
78916,2
78917,2
78918,0
78919,0
78920,0
78921,2
78922,2
78923,0
78924,2
78925,2
78926,0
78927,2
78928,0
78929,1
78930,0
78931,0
78932,2
78933,2
78934,1
78935,0
78936,2
78937,2
78938,0
78939,2
78940,2
78941,1
78942,2
78943,0
78944,2
78945,1
78946,0
78947,0
78948,1
78949,0
78950,2
78951,2
78952,2
78953,1
78954,1
78955,0
78956,0
78957,2
78958,0
78959,0
78960,2
78961,1
78962,0
78963,0
78964,1
78965,2
78966,1
78967,0
78968,2
78969,0
78970,2
78971,2
78972,1
78973,2
78974,2
78975,1
78976,0
78977,2
78978,2
78979,2
78980,0
78981,2
78982,2
78983,2
78984,2
78985,0
78986,1
78987,0
78988,0
78989,0
78990,1
78991,2
78992,2
78993,1
78994,1
78995,0
78996,1
78997,2
78998,2
78999,2
79000,2
79001,2
79002,1
79003,2
79004,0
79005,2
79006,0
79007,2
79008,2
79009,2
79010,2
79011,1
79012,0
79013,0
79014,2
79015,2
79016,0
79017,2
79018,0
79019,1
79020,2
79021,2
79022,1
79023,0
79024,2
79025,2
79026,1
79027,1
79028,0
79029,2
79030,2
79031,1
79032,0
79033,0
79034,2
79035,0
79036,1
79037,2
79038,0
79039,0
79040,2
79041,2
79042,0
79043,2
79044,2
79045,2
79046,0
79047,1
79048,0
79049,0
79050,0
79051,2
79052,0
79053,2
79054,0
79055,2
79056,0
79057,2
79058,0
79059,2
79060,2
79061,0
79062,2
79063,2
79064,2
79065,2
79066,2
79067,0
79068,2
79069,0
79070,0
79071,2
79072,0
79073,2
79074,2
79075,0
79076,0
79077,0
79078,1
79079,1
79080,2
79081,1
79082,0
79083,1
79084,0
79085,2
79086,1
79087,2
79088,1
79089,0
79090,1
79091,2
79092,1
79093,1
79094,2
79095,2
79096,2
79097,1
79098,1
79099,0
79100,0
79101,1
79102,2
79103,2
79104,2
79105,2
79106,0
79107,0
79108,2
79109,1
79110,0
79111,1
79112,2
79113,1
79114,1
79115,1
79116,1
79117,0
79118,2
79119,2
79120,0
79121,2
79122,0
79123,2
79124,1
79125,0
79126,2
79127,1
79128,0
79129,1
79130,2
79131,0
79132,0
79133,2
79134,2
79135,1
79136,0
79137,1
79138,1
79139,2
79140,1
79141,1
79142,2
79143,1
79144,2
79145,0
79146,1
79147,2
79148,2
79149,2
79150,2
79151,0
79152,1
79153,1
79154,0
79155,2
79156,0
79157,2
79158,1
79159,2
79160,0
79161,1
79162,2
79163,0
79164,1
79165,0
79166,1
79167,0
79168,0
79169,1
79170,2
79171,2
79172,1
79173,0
79174,2
79175,0
79176,2
79177,2
79178,0
79179,2
79180,2
79181,2
79182,0
79183,1
79184,1
79185,0
79186,2
79187,0
79188,0
79189,2
79190,2
79191,0
79192,2
79193,0
79194,0
79195,1
79196,2
79197,2
79198,2
79199,0
79200,1
79201,2
79202,1
79203,2
79204,0
79205,2
79206,1
79207,2
79208,2
79209,2
79210,2
79211,2
79212,1
79213,2
79214,1
79215,0
79216,2
79217,2
79218,0
79219,1
79220,0
79221,2
79222,0
79223,0
79224,1
79225,0
79226,0
79227,1
79228,0
79229,0
79230,0
79231,0
79232,0
79233,1
79234,2
79235,0
79236,2
79237,0
79238,0
79239,1
79240,0
79241,1
79242,0
79243,2
79244,0
79245,0
79246,0
79247,1
79248,2
79249,0
79250,0
79251,2
79252,1
79253,1
79254,2
79255,2
79256,2
79257,0
79258,0
79259,0
79260,1
79261,0
79262,0
79263,1
79264,1
79265,1
79266,0
79267,2
79268,0
79269,0
79270,2
79271,1
79272,1
79273,2
79274,2
79275,1
79276,1
79277,0
79278,2
79279,0
79280,2
79281,2
79282,2
79283,0
79284,1
79285,0
79286,0
79287,2
79288,2
79289,0
79290,0
79291,0
79292,1
79293,0
79294,2
79295,2
79296,0
79297,2
79298,2
79299,0
79300,2
79301,0
79302,0
79303,0
79304,2
79305,2
79306,0
79307,1
79308,2
79309,0
79310,1
79311,0
79312,0
79313,0
79314,0
79315,2
79316,1
79317,0
79318,2
79319,2
79320,0
79321,0
79322,0
79323,0
79324,2
79325,0
79326,2
79327,1
79328,2
79329,0
79330,0
79331,0
79332,0
79333,2
79334,0
79335,2
79336,1
79337,2
79338,2
79339,0
79340,2
79341,0
79342,0
79343,2
79344,2
79345,0
79346,1
79347,2
79348,2
79349,0
79350,0
79351,1
79352,1
79353,2
79354,0
79355,0
79356,0
79357,2
79358,0
79359,2
79360,0
79361,2
79362,0
79363,0
79364,0
79365,2
79366,0
79367,1
79368,2
79369,0
79370,0
79371,1
79372,0
79373,0
79374,2
79375,1
79376,0
79377,1
79378,0
79379,0
79380,2
79381,0
79382,1
79383,2
79384,2
79385,0
79386,2
79387,0
79388,2
79389,2
79390,0
79391,0
79392,0
79393,0
79394,2
79395,2
79396,1
79397,1
79398,0
79399,2
79400,2
79401,1
79402,0
79403,0
79404,0
79405,1
79406,2
79407,0
79408,1
79409,1
79410,2
79411,0
79412,1
79413,0
79414,2
79415,2
79416,0
79417,1
79418,1
79419,2
79420,2
79421,1
79422,2
79423,0
79424,2
79425,2
79426,0
79427,2
79428,2
79429,1
79430,0
79431,2
79432,0
79433,0
79434,2
79435,2
79436,2
79437,2
79438,2
79439,1
79440,1
79441,0
79442,0
79443,0
79444,0
79445,0
79446,0
79447,0
79448,0
79449,2
79450,1
79451,1
79452,2
79453,0
79454,0
79455,0
79456,2
79457,2
79458,0
79459,2
79460,1
79461,0
79462,2
79463,2
79464,1
79465,1
79466,0
79467,0
79468,0
79469,0
79470,0
79471,2
79472,0
79473,1
79474,0
79475,0
79476,1
79477,1
79478,0
79479,2
79480,2
79481,0
79482,2
79483,2
79484,2
79485,2
79486,1
79487,2
79488,2
79489,1
79490,0
79491,2
79492,2
79493,2
79494,1
79495,0
79496,0
79497,0
79498,1
79499,1
79500,0
79501,0
79502,2
79503,2
79504,1
79505,1
79506,0
79507,1
79508,0
79509,0
79510,2
79511,1
79512,2
79513,1
79514,1
79515,1
79516,2
79517,2
79518,2
79519,0
79520,0
79521,2
79522,0
79523,1
79524,1
79525,2
79526,0
79527,1
79528,0
79529,0
79530,0
79531,2
79532,2
79533,1
79534,1
79535,2
79536,2
79537,0
79538,1
79539,2
79540,1
79541,0
79542,2
79543,0
79544,0
79545,2
79546,1
79547,2
79548,1
79549,1
79550,2
79551,2
79552,2
79553,2
79554,2
79555,1
79556,2
79557,2
79558,1
79559,1
79560,0
79561,0
79562,0
79563,1
79564,2
79565,2
79566,2
79567,2
79568,0
79569,2
79570,1
79571,2
79572,2
79573,2
79574,2
79575,0
79576,0
79577,0
79578,2
79579,2
79580,2
79581,1
79582,2
79583,0
79584,0
79585,1
79586,2
79587,1
79588,0
79589,2
79590,2
79591,2
79592,2
79593,0
79594,0
79595,2
79596,0
79597,2
79598,1
79599,2
79600,0
79601,0
79602,1
79603,2
79604,1
79605,2
79606,2
79607,2
79608,0
79609,2
79610,0
79611,0
79612,1
79613,1
79614,2
79615,1
79616,2
79617,0
79618,2
79619,2
79620,2
79621,2
79622,2
79623,0
79624,2
79625,2
79626,2
79627,1
79628,2
79629,2
79630,0
79631,2
79632,1
79633,0
79634,0
79635,0
79636,1
79637,0
79638,1
79639,2
79640,1
79641,0
79642,1
79643,2
79644,0
79645,0
79646,2
79647,0
79648,0
79649,1
79650,1
79651,2
79652,2
79653,0
79654,1
79655,2
79656,1
79657,1
79658,1
79659,1
79660,0
79661,0
79662,1
79663,0
79664,0
79665,1
79666,0
79667,2
79668,0
79669,2
79670,0
79671,2
79672,0
79673,1
79674,0
79675,2
79676,1
79677,1
79678,1
79679,0
79680,1
79681,1
79682,2
79683,2
79684,0
79685,0
79686,2
79687,1
79688,1
79689,0
79690,2
79691,0
79692,0
79693,1
79694,2
79695,2
79696,2
79697,2
79698,0
79699,1
79700,2
79701,0
79702,0
79703,2
79704,2
79705,2
79706,2
79707,0
79708,0
79709,0
79710,0
79711,2
79712,0
79713,2
79714,2
79715,1
79716,2
79717,2
79718,2
79719,0
79720,0
79721,0
79722,0
79723,2
79724,0
79725,0
79726,2
79727,1
79728,0
79729,2
79730,2
79731,0
79732,2
79733,2
79734,2
79735,1
79736,1
79737,0
79738,2
79739,2
79740,0
79741,2
79742,0
79743,0
79744,2
79745,2
79746,2
79747,1
79748,0
79749,2
79750,2
79751,2
79752,2
79753,2
79754,2
79755,1
79756,0
79757,0
79758,1
79759,2
79760,2
79761,0
79762,0
79763,2
79764,0
79765,0
79766,0
79767,2
79768,2
79769,1
79770,2
79771,2
79772,1
79773,1
79774,2
79775,2
79776,2
79777,0
79778,0
79779,2
79780,2
79781,2
79782,0
79783,2
79784,0
79785,0
79786,2
79787,0
79788,2
79789,1
79790,2
79791,1
79792,2
79793,0
79794,0
79795,0
79796,1
79797,2
79798,0
79799,0
79800,0
79801,0
79802,1
79803,0
79804,2
79805,0
79806,0
79807,1
79808,2
79809,2
79810,0
79811,2
79812,0
79813,2
79814,1
79815,1
79816,0
79817,2
79818,0
79819,0
79820,1
79821,1
79822,2
79823,0
79824,2
79825,1
79826,0
79827,0
79828,2
79829,2
79830,1
79831,0
79832,0
79833,1
79834,1
79835,2
79836,0
79837,0
79838,2
79839,0
79840,0
79841,1
79842,1
79843,2
79844,0
79845,0
79846,0
79847,2
79848,0
79849,0
79850,2
79851,0
79852,1
79853,1
79854,0
79855,2
79856,2
79857,2
79858,1
79859,2
79860,0
79861,0
79862,0
79863,2
79864,0
79865,0
79866,0
79867,0
79868,1
79869,1
79870,1
79871,2
79872,0
79873,0
79874,0
79875,2
79876,2
79877,1
79878,2
79879,0
79880,0
79881,1
79882,2
79883,0
79884,0
79885,1
79886,2
79887,0
79888,2
79889,2
79890,2
79891,2
79892,2
79893,0
79894,2
79895,1
79896,2
79897,1
79898,0
79899,0
79900,1
79901,2
79902,1
79903,2
79904,2
79905,2
79906,1
79907,2
79908,2
79909,0
79910,0
79911,1
79912,2
79913,2
79914,1
79915,2
79916,0
79917,2
79918,2
79919,1
79920,2
79921,0
79922,0
79923,2
79924,2
79925,0
79926,0
79927,2
79928,0
79929,2
79930,2
79931,1
79932,2
79933,0
79934,2
79935,2
79936,2
79937,0
79938,1
79939,2
79940,2
79941,0
79942,1
79943,2
79944,0
79945,1
79946,2
79947,0
79948,2
79949,0
79950,1
79951,0
79952,2
79953,0
79954,0
79955,1
79956,1
79957,0
79958,1
79959,0
79960,0
79961,2
79962,0
79963,1
79964,0
79965,1
79966,0
79967,0
79968,2
79969,0
79970,2
79971,0
79972,1
79973,1
79974,2
79975,2
79976,0
79977,0
79978,1
79979,2
79980,2
79981,2
79982,2
79983,0
79984,0
79985,0
79986,2
79987,2
79988,2
79989,0
79990,1
79991,2
79992,0
79993,0
79994,2
79995,0
79996,1
79997,0
79998,1
79999,2
80000,0
80001,0
80002,1
80003,0
80004,0
80005,1
80006,1
80007,1
80008,1
80009,2
80010,2
80011,2
80012,1
80013,0
80014,1
80015,0
80016,0
80017,2
80018,0
80019,0
80020,1
80021,0
80022,0
80023,0
80024,1
80025,0
80026,1
80027,2
80028,1
80029,1
80030,2
80031,0
80032,2
80033,1
80034,2
80035,1
80036,1
80037,1
80038,0
80039,0
80040,2
80041,2
80042,1
80043,1
80044,2
80045,0
80046,0
80047,2
80048,0
80049,2
80050,0
80051,1
80052,1
80053,2
80054,2
80055,1
80056,0
80057,0
80058,2
80059,1
80060,2
80061,0
80062,1
80063,2
80064,0
80065,2
80066,2
80067,2
80068,2
80069,1
80070,2
80071,1
80072,2
80073,2
80074,1
80075,2
80076,1
80077,2
80078,2
80079,2
80080,2
80081,2
80082,2
80083,1
80084,0
80085,2
80086,1
80087,2
80088,0
80089,1
80090,0
80091,2
80092,2
80093,1
80094,0
80095,2
80096,0
80097,1
80098,2
80099,0
80100,0
80101,0
80102,0
80103,2
80104,2
80105,1
80106,2
80107,2
80108,2
80109,0
80110,1
80111,1
80112,0
80113,0
80114,0
80115,2
80116,2
80117,2
80118,2
80119,1
80120,0
80121,2
80122,2
80123,2
80124,1
80125,0
80126,1
80127,1
80128,2
80129,1
80130,2
80131,0
80132,2
80133,0
80134,1
80135,2
80136,0
80137,2
80138,2
80139,0
80140,2
80141,2
80142,2
80143,1
80144,1
80145,0
80146,0
80147,0
80148,0
80149,0
80150,0
80151,2
80152,2
80153,0
80154,2
80155,2
80156,0
80157,0
80158,2
80159,0
80160,0
80161,2
80162,2
80163,0
80164,0
80165,2
80166,2
80167,2
80168,0
80169,2
80170,2
80171,2
80172,2
80173,0
80174,0
80175,1
80176,2
80177,0
80178,2
80179,1
80180,0
80181,2
80182,0
80183,2
80184,2
80185,0
80186,2
80187,2
80188,2
80189,2
80190,2
80191,2
80192,0
80193,1
80194,2
80195,2
80196,0
80197,1
80198,2
80199,0
80200,0
80201,1
80202,2
80203,0
80204,2
80205,1
80206,1
80207,0
80208,1
80209,0
80210,1
80211,2
80212,2
80213,0
80214,2
80215,2
80216,0
80217,1
80218,0
80219,0
80220,0
80221,1
80222,0
80223,0
80224,0
80225,0
80226,0
80227,1
80228,1
80229,0
80230,0
80231,2
80232,2
80233,0
80234,0
80235,2
80236,0
80237,0
80238,1
80239,2
80240,0
80241,0
80242,2
80243,2
80244,2
80245,0
80246,0
80247,0
80248,2
80249,1
80250,0
80251,0
80252,1
80253,2
80254,2
80255,2
80256,1
80257,0
80258,0
80259,0
80260,1
80261,0
80262,0
80263,2
80264,0
80265,0
80266,0
80267,0
80268,1
80269,0
80270,1
80271,0
80272,0
80273,1
80274,0
80275,0
80276,2
80277,1
80278,0
80279,1
80280,0
80281,2
80282,1
80283,0
80284,2
80285,2
80286,2
80287,0
80288,2
80289,2
80290,2
80291,1
80292,0
80293,0
80294,0
80295,0
80296,2
80297,2
80298,0
80299,2
80300,0
80301,1
80302,0
80303,1
80304,2
80305,0
80306,0
80307,0
80308,0
80309,0
80310,1
80311,0
80312,0
80313,2
80314,2
80315,0
80316,1
80317,1
80318,0
80319,2
80320,2
80321,0
80322,2
80323,0
80324,2
80325,0
80326,1
80327,2
80328,0
80329,0
80330,2
80331,2
80332,1
80333,0
80334,0
80335,0
80336,2
80337,0
80338,2
80339,2
80340,0
80341,2
80342,0
80343,2
80344,2
80345,2
80346,1
80347,2
80348,1
80349,0
80350,2
80351,0
80352,1
80353,2
80354,0
80355,1
80356,0
80357,0
80358,1
80359,2
80360,2
80361,1
80362,1
80363,0
80364,1
80365,1
80366,0
80367,0
80368,2
80369,1
80370,1
80371,2
80372,1
80373,2
80374,0
80375,0
80376,2
80377,0
80378,0
80379,1
80380,0
80381,1
80382,1
80383,2
80384,2
80385,2
80386,2
80387,0
80388,1
80389,0
80390,2
80391,0
80392,2
80393,0
80394,1
80395,1
80396,2
80397,1
80398,2
80399,1
80400,1
80401,2
80402,0
80403,0
80404,2
80405,0
80406,2
80407,1
80408,0
80409,2
80410,2
80411,2
80412,0
80413,2
80414,1
80415,0
80416,0
80417,0
80418,2
80419,2
80420,0
80421,2
80422,0
80423,2
80424,2
80425,2
80426,2
80427,1
80428,2
80429,1
80430,0
80431,0
80432,0
80433,0
80434,1
80435,0
80436,2
80437,0
80438,0
80439,1
80440,0
80441,2
80442,2
80443,1
80444,0
80445,2
80446,0
80447,0
80448,2
80449,2
80450,2
80451,0
80452,2
80453,0
80454,2
80455,0
80456,2
80457,2
80458,0
80459,0
80460,2
80461,1
80462,2
80463,1
80464,0
80465,1
80466,2
80467,1
80468,0
80469,1
80470,2
80471,0
80472,2
80473,0
80474,1
80475,0
80476,2
80477,0
80478,2
80479,0
80480,0
80481,2
80482,2
80483,2
80484,1
80485,2
80486,0
80487,1
80488,1
80489,2
80490,1
80491,0
80492,1
80493,0
80494,0
80495,0
80496,1
80497,2
80498,1
80499,1
80500,2
80501,2
80502,0
80503,2
80504,2
80505,2
80506,0
80507,2
80508,0
80509,0
80510,2
80511,0
80512,2
80513,0
80514,1
80515,0
80516,0
80517,0
80518,2
80519,2
80520,2
80521,0
80522,0
80523,1
80524,2
80525,0
80526,1
80527,0
80528,2
80529,2
80530,1
80531,2
80532,0
80533,2
80534,1
80535,1
80536,2
80537,2
80538,0
80539,2
80540,0
80541,2
80542,2
80543,1
80544,1
80545,2
80546,0
80547,0
80548,0
80549,0
80550,0
80551,1
80552,2
80553,1
80554,0
80555,0
80556,0
80557,1
80558,1
80559,1
80560,2
80561,1
80562,1
80563,0
80564,1
80565,2
80566,1
80567,2
80568,0
80569,2
80570,0
80571,0
80572,0
80573,0
80574,1
80575,2
80576,2
80577,1
80578,1
80579,0
80580,0
80581,2
80582,1
80583,1
80584,1
80585,2
80586,2
80587,0
80588,0
80589,1
80590,1
80591,0
80592,0
80593,0
80594,2
80595,0
80596,2
80597,2
80598,2
80599,0
80600,2
80601,2
80602,2
80603,0
80604,1
80605,0
80606,1
80607,0
80608,2
80609,2
80610,2
80611,0
80612,2
80613,0
80614,2
80615,2
80616,1
80617,2
80618,0
80619,0
80620,2
80621,1
80622,1
80623,1
80624,0
80625,1
80626,2
80627,0
80628,0
80629,0
80630,0
80631,2
80632,0
80633,0
80634,1
80635,0
80636,0
80637,2
80638,1
80639,1
80640,0
80641,1
80642,2
80643,0
80644,0
80645,2
80646,2
80647,0
80648,1
80649,0
80650,0
80651,2
80652,0
80653,2
80654,2
80655,2
80656,0
80657,1
80658,0
80659,0
80660,2
80661,1
80662,1
80663,1
80664,0
80665,1
80666,0
80667,2
80668,2
80669,0
80670,2
80671,1
80672,2
80673,2
80674,2
80675,2
80676,1
80677,2
80678,0
80679,2
80680,0
80681,0
80682,2
80683,2
80684,2
80685,0
80686,2
80687,0
80688,2
80689,0
80690,2
80691,0
80692,0
80693,0
80694,0
80695,1
80696,2
80697,1
80698,2
80699,0
80700,2
80701,1
80702,2
80703,1
80704,0
80705,1
80706,0
80707,0
80708,1
80709,0
80710,0
80711,2
80712,1
80713,2
80714,2
80715,2
80716,2
80717,2
80718,0
80719,2
80720,0
80721,1
80722,2
80723,2
80724,0
80725,2
80726,2
80727,0
80728,0
80729,0
80730,2
80731,0
80732,0
80733,0
80734,2
80735,0
80736,1
80737,1
80738,0
80739,0
80740,0
80741,2
80742,0
80743,0
80744,2
80745,2
80746,0
80747,2
80748,2
80749,1
80750,2
80751,0
80752,0
80753,1
80754,1
80755,2
80756,0
80757,2
80758,0
80759,2
80760,1
80761,0
80762,1
80763,2
80764,2
80765,1
80766,2
80767,0
80768,0
80769,0
80770,1
80771,1
80772,2
80773,0
80774,2
80775,0
80776,2
80777,1
80778,2
80779,1
80780,0
80781,1
80782,1
80783,2
80784,1
80785,2
80786,1
80787,1
80788,2
80789,0
80790,0
80791,1
80792,0
80793,0
80794,0
80795,0
80796,0
80797,1
80798,2
80799,1
80800,2
80801,1
80802,0
80803,2
80804,0
80805,0
80806,1
80807,0
80808,1
80809,1
80810,2
80811,2
80812,1
80813,2
80814,1
80815,0
80816,0
80817,2
80818,2
80819,2
80820,2
80821,0
80822,0
80823,2
80824,2
80825,2
80826,1
80827,2
80828,1
80829,1
80830,2
80831,2
80832,0
80833,0
80834,1
80835,1
80836,0
80837,0
80838,0
80839,1
80840,1
80841,2
80842,0
80843,2
80844,2
80845,0
80846,0
80847,1
80848,0
80849,2
80850,1
80851,0
80852,2
80853,1
80854,0
80855,2
80856,1
80857,2
80858,1
80859,0
80860,0
80861,0
80862,2
80863,2
80864,0
80865,2
80866,0
80867,2
80868,0
80869,2
80870,2
80871,0
80872,0
80873,2
80874,0
80875,1
80876,0
80877,2
80878,1
80879,1
80880,2
80881,2
80882,0
80883,2
80884,2
80885,2
80886,0
80887,0
80888,0
80889,2
80890,1
80891,0
80892,1
80893,1
80894,2
80895,2
80896,0
80897,2
80898,2
80899,1
80900,1
80901,2
80902,1
80903,2
80904,1
80905,0
80906,0
80907,0
80908,2
80909,1
80910,0
80911,2
80912,1
80913,0
80914,0
80915,1
80916,2
80917,2
80918,2
80919,2
80920,1
80921,0
80922,0
80923,0
80924,2
80925,0
80926,2
80927,0
80928,2
80929,0
80930,0
80931,0
80932,0
80933,2
80934,2
80935,1
80936,0
80937,1
80938,0
80939,2
80940,0
80941,1
80942,1
80943,2
80944,1
80945,0
80946,1
80947,0
80948,0
80949,1
80950,1
80951,0
80952,1
80953,2
80954,2
80955,1
80956,1
80957,0
80958,1
80959,2
80960,0
80961,0
80962,0
80963,0
80964,0
80965,2
80966,0
80967,2
80968,0
80969,2
80970,2
80971,1
80972,1
80973,2
80974,0
80975,0
80976,0
80977,2
80978,2
80979,0
80980,0
80981,2
80982,2
80983,0
80984,0
80985,0
80986,2
80987,1
80988,2
80989,0
80990,1
80991,0
80992,0
80993,1
80994,2
80995,0
80996,0
80997,0
80998,2
80999,2
81000,0
81001,2
81002,1
81003,2
81004,0
81005,0
81006,1
81007,2
81008,2
81009,2
81010,2
81011,1
81012,1
81013,1
81014,2
81015,1
81016,0
81017,1
81018,2
81019,2
81020,2
81021,1
81022,1
81023,1
81024,2
81025,1
81026,0
81027,2
81028,0
81029,0
81030,2
81031,2
81032,2
81033,1
81034,2
81035,2
81036,2
81037,2
81038,2
81039,0
81040,0
81041,0
81042,2
81043,0
81044,0
81045,2
81046,1
81047,2
81048,0
81049,1
81050,0
81051,2
81052,2
81053,2
81054,2
81055,2
81056,2
81057,1
81058,0
81059,0
81060,0
81061,1
81062,0
81063,0
81064,2
81065,2
81066,0
81067,2
81068,0
81069,0
81070,0
81071,1
81072,2
81073,2
81074,0
81075,2
81076,2
81077,2
81078,0
81079,2
81080,0
81081,0
81082,1
81083,0
81084,2
81085,2
81086,2
81087,0
81088,1
81089,0
81090,0
81091,0
81092,0
81093,2
81094,2
81095,2
81096,0
81097,1
81098,0
81099,0
81100,2
81101,2
81102,0
81103,2
81104,0
81105,1
81106,0
81107,1
81108,0
81109,2
81110,1
81111,2
81112,0
81113,0
81114,1
81115,2
81116,0
81117,2
81118,2
81119,2
81120,2
81121,0
81122,0
81123,2
81124,2
81125,0
81126,2
81127,0
81128,0
81129,0
81130,2
81131,0
81132,1
81133,1
81134,0
81135,2
81136,0
81137,0
81138,2
81139,0
81140,2
81141,0
81142,0
81143,2
81144,1
81145,2
81146,2
81147,0
81148,2
81149,0
81150,0
81151,2
81152,0
81153,1
81154,0
81155,2
81156,0
81157,0
81158,1
81159,1
81160,0
81161,1
81162,1
81163,2
81164,2
81165,0
81166,1
81167,1
81168,2
81169,0
81170,2
81171,0
81172,2
81173,0
81174,2
81175,2
81176,2
81177,2
81178,2
81179,0
81180,2
81181,0
81182,2
81183,1
81184,0
81185,2
81186,2
81187,0
81188,2
81189,0
81190,0
81191,2
81192,2
81193,2
81194,0
81195,0
81196,1
81197,2
81198,1
81199,0
81200,0
81201,2
81202,2
81203,0
81204,0
81205,1
81206,0
81207,0
81208,1
81209,2
81210,2
81211,2
81212,1
81213,1
81214,0
81215,2
81216,1
81217,2
81218,1
81219,0
81220,0
81221,0
81222,1
81223,0
81224,2
81225,0
81226,0
81227,2
81228,1
81229,1
81230,2
81231,2
81232,2
81233,2
81234,2
81235,0
81236,2
81237,1
81238,1
81239,2
81240,1
81241,0
81242,0
81243,2
81244,0
81245,0
81246,2
81247,0
81248,0
81249,0
81250,0
81251,0
81252,2
81253,2
81254,2
81255,1
81256,2
81257,0
81258,1
81259,0
81260,0
81261,1
81262,1
81263,2
81264,2
81265,2
81266,2
81267,2
81268,0
81269,1
81270,1
81271,2
81272,0
81273,1
81274,0
81275,0
81276,2
81277,2
81278,2
81279,2
81280,1
81281,2
81282,0
81283,2
81284,0
81285,2
81286,2
81287,0
81288,1
81289,1
81290,1
81291,1
81292,1
81293,2
81294,0
81295,2
81296,1
81297,0
81298,2
81299,1
81300,2
81301,0
81302,2
81303,2
81304,0
81305,2
81306,1
81307,2
81308,0
81309,1
81310,0
81311,1
81312,2
81313,1
81314,2
81315,1
81316,1
81317,1
81318,0
81319,0
81320,2
81321,1
81322,0
81323,2
81324,0
81325,1
81326,2
81327,1
81328,1
81329,2
81330,1
81331,1
81332,0
81333,0
81334,2
81335,0
81336,2
81337,0
81338,1
81339,2
81340,2
81341,1
81342,0
81343,0
81344,0
81345,0
81346,2
81347,0
81348,0
81349,1
81350,2
81351,0
81352,1
81353,2
81354,0
81355,1
81356,1
81357,0
81358,2
81359,1
81360,0
81361,0
81362,0
81363,0
81364,0
81365,1
81366,2
81367,0
81368,0
81369,1
81370,2
81371,1
81372,0
81373,1
81374,1
81375,0
81376,2
81377,2
81378,0
81379,2
81380,1
81381,2
81382,1
81383,0
81384,1
81385,2
81386,0
81387,2
81388,2
81389,1
81390,2
81391,0
81392,2
81393,2
81394,2
81395,2
81396,1
81397,0
81398,0
81399,1
81400,2
81401,1
81402,0
81403,0
81404,0
81405,2
81406,0
81407,0
81408,0
81409,2
81410,1
81411,2
81412,2
81413,0
81414,0
81415,2
81416,2
81417,2
81418,1
81419,0
81420,0
81421,0
81422,1
81423,0
81424,2
81425,2
81426,2
81427,0
81428,1
81429,0
81430,1
81431,2
81432,0
81433,1
81434,2
81435,0
81436,2
81437,2
81438,0
81439,2
81440,1
81441,2
81442,0
81443,2
81444,0
81445,0
81446,0
81447,2
81448,0
81449,0
81450,0
81451,1
81452,0
81453,0
81454,0
81455,0
81456,0
81457,2
81458,0
81459,0
81460,0
81461,1
81462,1
81463,0
81464,0
81465,1
81466,2
81467,2
81468,1
81469,1
81470,2
81471,2
81472,2
81473,2
81474,0
81475,0
81476,0
81477,1
81478,0
81479,0
81480,1
81481,1
81482,0
81483,0
81484,0
81485,2
81486,0
81487,0
81488,0
81489,0
81490,0
81491,1
81492,2
81493,2
81494,1
81495,0
81496,2
81497,0
81498,0
81499,0
81500,0
81501,1
81502,0
81503,0
81504,2
81505,1
81506,0
81507,2
81508,1
81509,2
81510,0
81511,0
81512,0
81513,2
81514,1
81515,1
81516,0
81517,2
81518,1
81519,0
81520,2
81521,0
81522,2
81523,0
81524,1
81525,0
81526,0
81527,0
81528,1
81529,0
81530,0
81531,2
81532,1
81533,2
81534,2
81535,0
81536,0
81537,1
81538,0
81539,0
81540,0
81541,2
81542,0
81543,0
81544,0
81545,2
81546,0
81547,2
81548,2
81549,0
81550,1
81551,2
81552,0
81553,1
81554,0
81555,0
81556,2
81557,1
81558,0
81559,1
81560,0
81561,0
81562,1
81563,1
81564,0
81565,0
81566,0
81567,0
81568,1
81569,2
81570,2
81571,2
81572,0
81573,2
81574,2
81575,2
81576,0
81577,2
81578,2
81579,0
81580,2
81581,2
81582,2
81583,0
81584,2
81585,2
81586,1
81587,2
81588,2
81589,0
81590,2
81591,1
81592,0
81593,1
81594,2
81595,2
81596,2
81597,2
81598,2
81599,2
81600,0
81601,0
81602,2
81603,1
81604,2
81605,1
81606,2
81607,0
81608,0
81609,0
81610,2
81611,2
81612,2
81613,0
81614,2
81615,2
81616,1
81617,0
81618,0
81619,0
81620,0
81621,1
81622,1
81623,0
81624,1
81625,0
81626,0
81627,0
81628,1
81629,2
81630,0
81631,2
81632,0
81633,2
81634,1
81635,0
81636,2
81637,0
81638,2
81639,2
81640,0
81641,1
81642,2
81643,2
81644,0
81645,0
81646,1
81647,0
81648,2
81649,2
81650,2
81651,2
81652,0
81653,2
81654,2
81655,0
81656,0
81657,0
81658,0
81659,2
81660,0
81661,0
81662,1
81663,0
81664,2
81665,0
81666,1
81667,1
81668,2
81669,0
81670,1
81671,2
81672,1
81673,0
81674,0
81675,0
81676,1
81677,0
81678,0
81679,1
81680,0
81681,1
81682,1
81683,0
81684,2
81685,2
81686,0
81687,1
81688,2
81689,1
81690,0
81691,2
81692,2
81693,0
81694,2
81695,0
81696,2
81697,0
81698,1
81699,1
81700,1
81701,0
81702,1
81703,1
81704,0
81705,2
81706,2
81707,2
81708,2
81709,0
81710,2
81711,2
81712,0
81713,1
81714,2
81715,2
81716,2
81717,1
81718,1
81719,2
81720,0
81721,2
81722,1
81723,0
81724,0
81725,0
81726,1
81727,0
81728,0
81729,2
81730,2
81731,0
81732,2
81733,0
81734,2
81735,1
81736,0
81737,2
81738,2
81739,0
81740,2
81741,2
81742,1
81743,2
81744,2
81745,2
81746,0
81747,0
81748,2
81749,0
81750,0
81751,1
81752,0
81753,0
81754,2
81755,1
81756,1
81757,1
81758,0
81759,1
81760,2
81761,0
81762,1
81763,1
81764,0
81765,2
81766,2
81767,1
81768,0
81769,0
81770,0
81771,2
81772,2
81773,2
81774,0
81775,2
81776,0
81777,0
81778,0
81779,0
81780,2
81781,2
81782,0
81783,2
81784,0
81785,2
81786,0
81787,0
81788,2
81789,2
81790,0
81791,2
81792,0
81793,2
81794,2
81795,2
81796,0
81797,0
81798,2
81799,2
81800,1
81801,2
81802,0
81803,0
81804,1
81805,1
81806,2
81807,2
81808,1
81809,2
81810,2
81811,2
81812,0
81813,2
81814,0
81815,0
81816,0
81817,1
81818,2
81819,0
81820,2
81821,0
81822,0
81823,0
81824,0
81825,0
81826,0
81827,0
81828,2
81829,2
81830,0
81831,0
81832,1
81833,0
81834,2
81835,2
81836,1
81837,2
81838,0
81839,0
81840,1
81841,0
81842,1
81843,0
81844,2
81845,1
81846,1
81847,1
81848,1
81849,2
81850,2
81851,0
81852,2
81853,2
81854,0
81855,0
81856,1
81857,2
81858,2
81859,0
81860,0
81861,0
81862,0
81863,2
81864,2
81865,2
81866,1
81867,0
81868,1
81869,0
81870,1
81871,2
81872,2
81873,0
81874,2
81875,1
81876,0
81877,0
81878,0
81879,2
81880,0
81881,0
81882,0
81883,0
81884,0
81885,1
81886,1
81887,2
81888,0
81889,2
81890,0
81891,2
81892,2
81893,2
81894,0
81895,2
81896,1
81897,0
81898,2
81899,0
81900,1
81901,1
81902,2
81903,2
81904,2
81905,0
81906,2
81907,1
81908,1
81909,0
81910,0
81911,2
81912,1
81913,1
81914,1
81915,1
81916,2
81917,1
81918,0
81919,2
81920,1
81921,2
81922,2
81923,2
81924,0
81925,1
81926,0
81927,1
81928,2
81929,0
81930,0
81931,2
81932,0
81933,0
81934,1
81935,1
81936,0
81937,2
81938,2
81939,2
81940,2
81941,2
81942,2
81943,0
81944,2
81945,0
81946,0
81947,0
81948,0
81949,0
81950,0
81951,2
81952,1
81953,2
81954,1
81955,2
81956,0
81957,2
81958,0
81959,0
81960,2
81961,1
81962,1
81963,0
81964,2
81965,2
81966,2
81967,2
81968,1
81969,0
81970,2
81971,0
81972,2
81973,0
81974,0
81975,0
81976,1
81977,0
81978,2
81979,0
81980,0
81981,2
81982,0
81983,1
81984,1
81985,1
81986,0
81987,1
81988,1
81989,0
81990,1
81991,2
81992,0
81993,2
81994,0
81995,0
81996,2
81997,1
81998,0
81999,0
82000,0
82001,2
82002,0
82003,0
82004,2
82005,1
82006,2
82007,0
82008,1
82009,0
82010,1
82011,0
82012,0
82013,0
82014,2
82015,2
82016,0
82017,1
82018,0
82019,1
82020,0
82021,2
82022,2
82023,0
82024,2
82025,0
82026,2
82027,0
82028,2
82029,2
82030,0
82031,1
82032,1
82033,0
82034,1
82035,2
82036,2
82037,1
82038,0
82039,2
82040,2
82041,0
82042,0
82043,2
82044,2
82045,2
82046,0
82047,0
82048,0
82049,2
82050,2
82051,0
82052,2
82053,1
82054,1
82055,1
82056,1
82057,2
82058,0
82059,0
82060,0
82061,2
82062,2
82063,2
82064,2
82065,0
82066,0
82067,1
82068,0
82069,0
82070,2
82071,1
82072,0
82073,1
82074,0
82075,0
82076,0
82077,0
82078,1
82079,0
82080,2
82081,2
82082,2
82083,0
82084,0
82085,2
82086,2
82087,0
82088,2
82089,0
82090,2
82091,1
82092,1
82093,2
82094,1
82095,1
82096,0
82097,2
82098,1
82099,0
82100,0
82101,0
82102,2
82103,2
82104,1
82105,0
82106,1
82107,2
82108,0
82109,2
82110,0
82111,2
82112,1
82113,1
82114,0
82115,2
82116,2
82117,2
82118,2
82119,2
82120,0
82121,0
82122,2
82123,1
82124,1
82125,0
82126,2
82127,1
82128,2
82129,2
82130,0
82131,2
82132,1
82133,2
82134,2
82135,2
82136,0
82137,2
82138,0
82139,2
82140,0
82141,1
82142,1
82143,2
82144,2
82145,1
82146,1
82147,0
82148,2
82149,0
82150,0
82151,0
82152,2
82153,2
82154,0
82155,2
82156,2
82157,1
82158,2
82159,0
82160,0
82161,2
82162,0
82163,1
82164,1
82165,1
82166,0
82167,1
82168,2
82169,1
82170,1
82171,1
82172,1
82173,2
82174,2
82175,0
82176,2
82177,1
82178,0
82179,0
82180,0
82181,2
82182,2
82183,2
82184,2
82185,2
82186,2
82187,0
82188,2
82189,0
82190,0
82191,2
82192,1
82193,0
82194,1
82195,0
82196,0
82197,0
82198,0
82199,0
82200,2
82201,1
82202,1
82203,2
82204,2
82205,0
82206,2
82207,2
82208,0
82209,0
82210,0
82211,1
82212,0
82213,0
82214,2
82215,2
82216,1
82217,1
82218,0
82219,1
82220,0
82221,0
82222,0
82223,0
82224,2
82225,1
82226,1
82227,1
82228,0
82229,0
82230,2
82231,0
82232,0
82233,2
82234,0
82235,2
82236,2
82237,1
82238,2
82239,0
82240,2
82241,0
82242,2
82243,0
82244,1
82245,1
82246,2
82247,0
82248,0
82249,0
82250,2
82251,2
82252,2
82253,1
82254,2
82255,2
82256,1
82257,2
82258,0
82259,1
82260,2
82261,0
82262,2
82263,0
82264,1
82265,0
82266,2
82267,0
82268,2
82269,2
82270,2
82271,1
82272,2
82273,0
82274,0
82275,1
82276,2
82277,1
82278,0
82279,1
82280,0
82281,0
82282,1
82283,2
82284,2
82285,1
82286,2
82287,1
82288,0
82289,1
82290,2
82291,2
82292,0
82293,2
82294,2
82295,2
82296,2
82297,0
82298,2
82299,2
82300,0
82301,1
82302,2
82303,2
82304,0
82305,0
82306,2
82307,0
82308,2
82309,0
82310,1
82311,1
82312,0
82313,0
82314,0
82315,2
82316,0
82317,0
82318,0
82319,1
82320,0
82321,1
82322,0
82323,0
82324,0
82325,0
82326,2
82327,1
82328,0
82329,2
82330,0
82331,0
82332,0
82333,1
82334,1
82335,2
82336,1
82337,0
82338,0
82339,1
82340,1
82341,0
82342,2
82343,0
82344,0
82345,1
82346,2
82347,0
82348,2
82349,2
82350,1
82351,0
82352,2
82353,0
82354,0
82355,1
82356,1
82357,2
82358,2
82359,2
82360,0
82361,2
82362,0
82363,2
82364,0
82365,0
82366,2
82367,2
82368,1
82369,0
82370,1
82371,1
82372,0
82373,1
82374,1
82375,0
82376,2
82377,0
82378,1
82379,2
82380,2
82381,0
82382,0
82383,0
82384,0
82385,0
82386,2
82387,0
82388,1
82389,0
82390,0
82391,0
82392,2
82393,0
82394,1
82395,2
82396,0
82397,1
82398,2
82399,2
82400,2
82401,1
82402,2
82403,0
82404,1
82405,1
82406,2
82407,0
82408,1
82409,0
82410,0
82411,0
82412,0
82413,2
82414,0
82415,2
82416,2
82417,0
82418,2
82419,0
82420,0
82421,2
82422,1
82423,0
82424,0
82425,0
82426,2
82427,0
82428,0
82429,1
82430,2
82431,2
82432,0
82433,0
82434,0
82435,2
82436,2
82437,0
82438,0
82439,2
82440,0
82441,0
82442,2
82443,2
82444,0
82445,2
82446,2
82447,1
82448,0
82449,2
82450,1
82451,2
82452,0
82453,1
82454,0
82455,2
82456,1
82457,2
82458,1
82459,1
82460,2
82461,2
82462,0
82463,1
82464,1
82465,0
82466,2
82467,0
82468,1
82469,1
82470,2
82471,2
82472,0
82473,0
82474,0
82475,2
82476,1
82477,0
82478,0
82479,0
82480,2
82481,1
82482,0
82483,1
82484,0
82485,0
82486,0
82487,2
82488,0
82489,2
82490,0
82491,0
82492,1
82493,1
82494,0
82495,2
82496,2
82497,0
82498,1
82499,1
82500,1
82501,2
82502,0
82503,2
82504,0
82505,2
82506,1
82507,0
82508,1
82509,0
82510,0
82511,2
82512,1
82513,1
82514,0
82515,2
82516,2
82517,2
82518,0
82519,2
82520,0
82521,1
82522,2
82523,0
82524,0
82525,0
82526,0
82527,2
82528,2
82529,0
82530,1
82531,1
82532,2
82533,0
82534,1
82535,2
82536,0
82537,1
82538,2
82539,0
82540,2
82541,0
82542,2
82543,1
82544,1
82545,0
82546,0
82547,0
82548,1
82549,0
82550,2
82551,2
82552,0
82553,1
82554,1
82555,2
82556,1
82557,0
82558,2
82559,0
82560,1
82561,1
82562,1
82563,2
82564,1
82565,2
82566,2
82567,1
82568,2
82569,2
82570,0
82571,0
82572,0
82573,0
82574,0
82575,2
82576,0
82577,2
82578,0
82579,2
82580,2
82581,2
82582,2
82583,1
82584,1
82585,1
82586,1
82587,1
82588,1
82589,1
82590,0
82591,1
82592,0
82593,0
82594,2
82595,0
82596,0
82597,1
82598,2
82599,2
82600,1
82601,1
82602,2
82603,2
82604,0
82605,1
82606,0
82607,0
82608,2
82609,1
82610,0
82611,0
82612,0
82613,1
82614,1
82615,0
82616,0
82617,2
82618,1
82619,1
82620,1
82621,1
82622,0
82623,0
82624,2
82625,2
82626,0
82627,2
82628,2
82629,1
82630,1
82631,0
82632,0
82633,0
82634,0
82635,0
82636,2
82637,2
82638,1
82639,2
82640,0
82641,0
82642,0
82643,1
82644,2
82645,0
82646,1
82647,0
82648,2
82649,0
82650,2
82651,0
82652,2
82653,0
82654,2
82655,0
82656,1
82657,0
82658,0
82659,2
82660,0
82661,2
82662,2
82663,2
82664,2
82665,1
82666,2
82667,1
82668,0
82669,2
82670,2
82671,2
82672,2
82673,0
82674,0
82675,2
82676,0
82677,1
82678,2
82679,1
82680,2
82681,2
82682,2
82683,2
82684,1
82685,1
82686,0
82687,0
82688,0
82689,2
82690,2
82691,1
82692,0
82693,1
82694,0
82695,1
82696,2
82697,2
82698,2
82699,0
82700,2
82701,1
82702,2
82703,2
82704,2
82705,2
82706,1
82707,1
82708,0
82709,0
82710,0
82711,0
82712,0
82713,2
82714,0
82715,0
82716,0
82717,1
82718,2
82719,0
82720,0
82721,0
82722,1
82723,2
82724,1
82725,0
82726,0
82727,0
82728,2
82729,0
82730,2
82731,2
82732,2
82733,0
82734,1
82735,2
82736,1
82737,0
82738,2
82739,0
82740,2
82741,1
82742,1
82743,1
82744,0
82745,1
82746,0
82747,0
82748,0
82749,2
82750,1
82751,0
82752,0
82753,2
82754,0
82755,1
82756,0
82757,1
82758,2
82759,0
82760,2
82761,2
82762,2
82763,0
82764,0
82765,2
82766,1
82767,0
82768,0
82769,0
82770,0
82771,1
82772,2
82773,0
82774,0
82775,0
82776,1
82777,2
82778,2
82779,2
82780,1
82781,2
82782,0
82783,0
82784,0
82785,2
82786,0
82787,1
82788,0
82789,1
82790,2
82791,2
82792,2
82793,2
82794,0
82795,1
82796,2
82797,2
82798,1
82799,0
82800,0
82801,1
82802,0
82803,2
82804,2
82805,1
82806,2
82807,2
82808,0
82809,1
82810,2
82811,0
82812,0
82813,0
82814,2
82815,1
82816,0
82817,1
82818,0
82819,1
82820,2
82821,0
82822,0
82823,1
82824,2
82825,1
82826,2
82827,0
82828,2
82829,0
82830,2
82831,0
82832,0
82833,2
82834,1
82835,2
82836,2
82837,2
82838,1
82839,0
82840,0
82841,0
82842,0
82843,1
82844,0
82845,0
82846,0
82847,0
82848,2
82849,0
82850,0
82851,0
82852,2
82853,0
82854,0
82855,2
82856,2
82857,2
82858,1
82859,2
82860,1
82861,2
82862,2
82863,1
82864,1
82865,1
82866,0
82867,0
82868,0
82869,2
82870,2
82871,2
82872,2
82873,0
82874,2
82875,0
82876,2
82877,0
82878,0
82879,2
82880,1
82881,2
82882,0
82883,0
82884,0
82885,0
82886,0
82887,0
82888,1
82889,0
82890,2
82891,2
82892,0
82893,0
82894,0
82895,1
82896,2
82897,0
82898,1
82899,0
82900,2
82901,1
82902,1
82903,2
82904,2
82905,2
82906,0
82907,1
82908,1
82909,1
82910,2
82911,2
82912,2
82913,1
82914,2
82915,1
82916,1
82917,2
82918,0
82919,0
82920,2
82921,1
82922,1
82923,0
82924,2
82925,0
82926,0
82927,0
82928,0
82929,0
82930,2
82931,1
82932,0
82933,1
82934,2
82935,1
82936,1
82937,0
82938,2
82939,0
82940,2
82941,1
82942,1
82943,0
82944,0
82945,0
82946,1
82947,2
82948,2
82949,0
82950,2
82951,2
82952,1
82953,0
82954,0
82955,1
82956,2
82957,0
82958,2
82959,0
82960,1
82961,1
82962,0
82963,1
82964,0
82965,0
82966,1
82967,2
82968,2
82969,0
82970,0
82971,1
82972,1
82973,2
82974,0
82975,0
82976,1
82977,1
82978,2
82979,2
82980,2
82981,0
82982,2
82983,2
82984,2
82985,2
82986,0
82987,0
82988,2
82989,2
82990,1
82991,1
82992,2
82993,2
82994,0
82995,0
82996,2
82997,0
82998,0
82999,2
83000,2
83001,0
83002,0
83003,0
83004,1
83005,0
83006,0
83007,0
83008,1
83009,0
83010,1
83011,0
83012,2
83013,0
83014,2
83015,2
83016,1
83017,0
83018,0
83019,2
83020,2
83021,0
83022,1
83023,1
83024,0
83025,0
83026,0
83027,0
83028,2
83029,0
83030,1
83031,0
83032,1
83033,2
83034,0
83035,0
83036,1
83037,0
83038,2
83039,0
83040,1
83041,0
83042,0
83043,0
83044,0
83045,1
83046,2
83047,2
83048,1
83049,0
83050,0
83051,0
83052,1
83053,0
83054,0
83055,2
83056,2
83057,1
83058,0
83059,0
83060,2
83061,0
83062,1
83063,2
83064,0
83065,0
83066,1
83067,0
83068,0
83069,1
83070,0
83071,2
83072,1
83073,2
83074,2
83075,0
83076,0
83077,1
83078,0
83079,2
83080,2
83081,0
83082,2
83083,0
83084,2
83085,2
83086,1
83087,1
83088,2
83089,1
83090,1
83091,1
83092,0
83093,1
83094,2
83095,2
83096,0
83097,1
83098,0
83099,2
83100,1
83101,2
83102,2
83103,1
83104,2
83105,0
83106,1
83107,2
83108,2
83109,2
83110,1
83111,1
83112,2
83113,0
83114,0
83115,2
83116,2
83117,2
83118,1
83119,1
83120,1
83121,0
83122,0
83123,2
83124,1
83125,2
83126,2
83127,2
83128,2
83129,2
83130,2
83131,0
83132,2
83133,1
83134,0
83135,2
83136,0
83137,0
83138,0
83139,0
83140,0
83141,2
83142,0
83143,0
83144,2
83145,0
83146,0
83147,2
83148,1
83149,0
83150,0
83151,0
83152,2
83153,0
83154,0
83155,2
83156,0
83157,1
83158,2
83159,0
83160,0
83161,0
83162,0
83163,2
83164,1
83165,0
83166,2
83167,2
83168,0
83169,1
83170,0
83171,0
83172,0
83173,0
83174,2
83175,0
83176,0
83177,2
83178,0
83179,2
83180,0
83181,1
83182,2
83183,0
83184,2
83185,2
83186,0
83187,1
83188,0
83189,1
83190,1
83191,2
83192,2
83193,2
83194,0
83195,1
83196,2
83197,1
83198,2
83199,0
83200,0
83201,0
83202,2
83203,0
83204,1
83205,0
83206,1
83207,0
83208,2
83209,0
83210,2
83211,2
83212,0
83213,2
83214,0
83215,0
83216,2
83217,1
83218,0
83219,2
83220,0
83221,2
83222,1
83223,1
83224,2
83225,1
83226,0
83227,2
83228,1
83229,1
83230,2
83231,0
83232,0
83233,0
83234,2
83235,2
83236,0
83237,1
83238,1
83239,1
83240,1
83241,2
83242,1
83243,0
83244,1
83245,1
83246,0
83247,2
83248,1
83249,2
83250,2
83251,1
83252,1
83253,0
83254,2
83255,1
83256,1
83257,2
83258,1
83259,2
83260,2
83261,1
83262,0
83263,2
83264,0
83265,1
83266,2
83267,1
83268,1
83269,1
83270,2
83271,0
83272,2
83273,0
83274,0
83275,0
83276,0
83277,0
83278,2
83279,0
83280,1
83281,1
83282,0
83283,2
83284,2
83285,0
83286,0
83287,0
83288,0
83289,0
83290,2
83291,0
83292,2
83293,0
83294,1
83295,0
83296,0
83297,0
83298,2
83299,0
83300,2
83301,2
83302,0
83303,0
83304,0
83305,1
83306,0
83307,0
83308,2
83309,1
83310,2
83311,1
83312,2
83313,1
83314,2
83315,0
83316,2
83317,1
83318,0
83319,0
83320,2
83321,1
83322,1
83323,1
83324,0
83325,2
83326,0
83327,2
83328,0
83329,0
83330,0
83331,0
83332,1
83333,1
83334,0
83335,0
83336,2
83337,0
83338,1
83339,0
83340,1
83341,0
83342,0
83343,2
83344,1
83345,2
83346,2
83347,1
83348,0
83349,1
83350,0
83351,2
83352,1
83353,0
83354,1
83355,0
83356,2
83357,2
83358,0
83359,1
83360,2
83361,2
83362,1
83363,1
83364,2
83365,0
83366,0
83367,0
83368,2
83369,0
83370,1
83371,1
83372,1
83373,1
83374,2
83375,0
83376,0
83377,2
83378,1
83379,0
83380,0
83381,2
83382,2
83383,0
83384,0
83385,2
83386,2
83387,0
83388,2
83389,2
83390,2
83391,1
83392,0
83393,2
83394,2
83395,0
83396,0
83397,0
83398,0
83399,2
83400,0
83401,1
83402,2
83403,2
83404,2
83405,2
83406,0
83407,0
83408,2
83409,1
83410,0
83411,0
83412,1
83413,0
83414,2
83415,1
83416,1
83417,0
83418,2
83419,0
83420,0
83421,0
83422,2
83423,2
83424,2
83425,0
83426,2
83427,2
83428,0
83429,0
83430,0
83431,2
83432,1
83433,2
83434,2
83435,0
83436,0
83437,0
83438,2
83439,0
83440,2
83441,2
83442,2
83443,1
83444,2
83445,0
83446,2
83447,0
83448,0
83449,2
83450,1
83451,1
83452,2
83453,2
83454,2
83455,2
83456,1
83457,0
83458,2
83459,1
83460,0
83461,1
83462,2
83463,0
83464,0
83465,1
83466,1
83467,0
83468,0
83469,0
83470,2
83471,2
83472,1
83473,1
83474,2
83475,2
83476,1
83477,2
83478,0
83479,1
83480,2
83481,0
83482,0
83483,1
83484,1
83485,2
83486,2
83487,1
83488,0
83489,0
83490,1
83491,1
83492,2
83493,0
83494,1
83495,2
83496,0
83497,0
83498,0
83499,0
83500,0
83501,2
83502,1
83503,0
83504,2
83505,2
83506,2
83507,2
83508,1
83509,0
83510,2
83511,0
83512,0
83513,2
83514,0
83515,0
83516,1
83517,2
83518,2
83519,1
83520,0
83521,1
83522,0
83523,1
83524,0
83525,1
83526,2
83527,0
83528,0
83529,2
83530,2
83531,0
83532,2
83533,0
83534,2
83535,2
83536,0
83537,2
83538,2
83539,0
83540,0
83541,2
83542,0
83543,2
83544,2
83545,2
83546,2
83547,0
83548,2
83549,1
83550,0
83551,2
83552,0
83553,0
83554,2
83555,1
83556,1
83557,2
83558,2
83559,2
83560,1
83561,2
83562,0
83563,1
83564,2
83565,1
83566,0
83567,2
83568,0
83569,2
83570,1
83571,2
83572,2
83573,0
83574,1
83575,2
83576,2
83577,2
83578,2
83579,2
83580,1
83581,0
83582,0
83583,0
83584,0
83585,1
83586,1
83587,1
83588,2
83589,1
83590,0
83591,2
83592,2
83593,1
83594,0
83595,0
83596,2
83597,0
83598,2
83599,0
83600,2
83601,1
83602,0
83603,0
83604,2
83605,2
83606,0
83607,0
83608,0
83609,0
83610,0
83611,2
83612,0
83613,0
83614,0
83615,0
83616,2
83617,2
83618,0
83619,2
83620,2
83621,0
83622,0
83623,0
83624,2
83625,1
83626,2
83627,1
83628,0
83629,0
83630,1
83631,1
83632,0
83633,0
83634,0
83635,2
83636,1
83637,2
83638,2
83639,0
83640,0
83641,1
83642,0
83643,0
83644,0
83645,0
83646,2
83647,2
83648,1
83649,0
83650,2
83651,1
83652,1
83653,0
83654,0
83655,2
83656,1
83657,0
83658,1
83659,1
83660,2
83661,2
83662,2
83663,1
83664,2
83665,1
83666,0
83667,1
83668,2
83669,1
83670,1
83671,0
83672,2
83673,1
83674,2
83675,2
83676,2
83677,1
83678,2
83679,2
83680,1
83681,2
83682,1
83683,2
83684,0
83685,0
83686,1
83687,0
83688,0
83689,2
83690,0
83691,0
83692,0
83693,1
83694,2
83695,2
83696,1
83697,1
83698,0
83699,1
83700,1
83701,1
83702,2
83703,0
83704,0
83705,0
83706,2
83707,2
83708,1
83709,2
83710,0
83711,0
83712,1
83713,0
83714,0
83715,1
83716,2
83717,0
83718,0
83719,2
83720,1
83721,1
83722,1
83723,2
83724,0
83725,0
83726,0
83727,2
83728,1
83729,1
83730,0
83731,1
83732,2
83733,0
83734,0
83735,2
83736,0
83737,1
83738,2
83739,1
83740,0
83741,2
83742,0
83743,0
83744,2
83745,2
83746,0
83747,2
83748,1
83749,0
83750,1
83751,0
83752,2
83753,2
83754,1
83755,0
83756,1
83757,1
83758,1
83759,1
83760,0
83761,2
83762,2
83763,2
83764,0
83765,2
83766,2
83767,0
83768,1
83769,1
83770,0
83771,1
83772,0
83773,2
83774,0
83775,1
83776,2
83777,2
83778,2
83779,0
83780,1
83781,0
83782,2
83783,1
83784,1
83785,1
83786,0
83787,0
83788,1
83789,0
83790,1
83791,2
83792,2
83793,2
83794,0
83795,1
83796,0
83797,0
83798,0
83799,1
83800,2
83801,2
83802,1
83803,0
83804,0
83805,2
83806,0
83807,1
83808,0
83809,0
83810,1
83811,0
83812,2
83813,0
83814,2
83815,2
83816,0
83817,2
83818,1
83819,2
83820,1
83821,2
83822,0
83823,0
83824,1
83825,0
83826,2
83827,2
83828,2
83829,0
83830,1
83831,2
83832,2
83833,2
83834,0
83835,1
83836,0
83837,2
83838,2
83839,1
83840,0
83841,0
83842,0
83843,1
83844,0
83845,0
83846,2
83847,2
83848,1
83849,1
83850,0
83851,1
83852,2
83853,2
83854,1
83855,2
83856,1
83857,2
83858,0
83859,1
83860,2
83861,1
83862,0
83863,1
83864,1
83865,1
83866,2
83867,2
83868,0
83869,0
83870,2
83871,1
83872,0
83873,2
83874,2
83875,2
83876,2
83877,0
83878,2
83879,2
83880,0
83881,0
83882,2
83883,1
83884,0
83885,2
83886,1
83887,2
83888,2
83889,1
83890,0
83891,1
83892,1
83893,0
83894,1
83895,0
83896,0
83897,2
83898,1
83899,2
83900,1
83901,2
83902,0
83903,0
83904,2
83905,2
83906,2
83907,1
83908,2
83909,2
83910,0
83911,0
83912,1
83913,2
83914,1
83915,2
83916,2
83917,0
83918,2
83919,2
83920,2
83921,2
83922,2
83923,2
83924,0
83925,0
83926,2
83927,0
83928,1
83929,2
83930,2
83931,2
83932,0
83933,2
83934,2
83935,0
83936,0
83937,2
83938,0
83939,2
83940,2
83941,1
83942,0
83943,1
83944,0
83945,0
83946,1
83947,0
83948,2
83949,0
83950,0
83951,2
83952,2
83953,0
83954,0
83955,2
83956,1
83957,0
83958,2
83959,2
83960,2
83961,0
83962,0
83963,2
83964,2
83965,0
83966,2
83967,0
83968,0
83969,1
83970,1
83971,2
83972,2
83973,1
83974,0
83975,0
83976,2
83977,2
83978,2
83979,2
83980,2
83981,0
83982,2
83983,0
83984,1
83985,0
83986,1
83987,2
83988,0
83989,0
83990,2
83991,2
83992,1
83993,0
83994,0
83995,2
83996,1
83997,0
83998,0
83999,1
84000,0
84001,2
84002,0
84003,2
84004,0
84005,2
84006,0
84007,0
84008,2
84009,2
84010,2
84011,0
84012,0
84013,0
84014,1
84015,2
84016,2
84017,2
84018,0
84019,0
84020,1
84021,0
84022,2
84023,2
84024,2
84025,1
84026,0
84027,0
84028,0
84029,2
84030,0
84031,1
84032,1
84033,2
84034,0
84035,1
84036,1
84037,0
84038,0
84039,2
84040,0
84041,0
84042,0
84043,2
84044,0
84045,1
84046,0
84047,2
84048,0
84049,2
84050,0
84051,2
84052,1
84053,0
84054,2
84055,0
84056,1
84057,0
84058,1
84059,2
84060,0
84061,0
84062,0
84063,0
84064,2
84065,0
84066,0
84067,2
84068,2
84069,2
84070,2
84071,1
84072,2
84073,1
84074,0
84075,0
84076,0
84077,0
84078,1
84079,0
84080,0
84081,0
84082,0
84083,2
84084,1
84085,1
84086,0
84087,0
84088,2
84089,2
84090,0
84091,1
84092,2
84093,2
84094,2
84095,2
84096,0
84097,1
84098,0
84099,0
84100,0
84101,1
84102,0
84103,0
84104,2
84105,2
84106,1
84107,0
84108,2
84109,2
84110,1
84111,0
84112,1
84113,0
84114,0
84115,0
84116,1
84117,0
84118,1
84119,1
84120,0
84121,2
84122,0
84123,1
84124,2
84125,2
84126,0
84127,2
84128,2
84129,2
84130,2
84131,2
84132,2
84133,0
84134,0
84135,0
84136,0
84137,2
84138,2
84139,0
84140,1
84141,0
84142,1
84143,0
84144,2
84145,2
84146,2
84147,2
84148,0
84149,2
84150,2
84151,2
84152,0
84153,0
84154,0
84155,0
84156,1
84157,2
84158,2
84159,1
84160,1
84161,2
84162,0
84163,0
84164,2
84165,2
84166,2
84167,1
84168,0
84169,2
84170,1
84171,0
84172,2
84173,2
84174,0
84175,0
84176,0
84177,2
84178,2
84179,2
84180,0
84181,0
84182,1
84183,1
84184,1
84185,2
84186,2
84187,1
84188,0
84189,2
84190,2
84191,0
84192,0
84193,0
84194,1
84195,0
84196,0
84197,2
84198,0
84199,2
84200,2
84201,2
84202,0
84203,0
84204,1
84205,2
84206,2
84207,0
84208,2
84209,1
84210,1
84211,2
84212,1
84213,1
84214,0
84215,0
84216,0
84217,2
84218,1
84219,2
84220,1
84221,2
84222,0
84223,0
84224,2
84225,1
84226,1
84227,2
84228,2
84229,1
84230,2
84231,0
84232,0
84233,0
84234,2
84235,2
84236,0
84237,0
84238,0
84239,2
84240,2
84241,2
84242,0
84243,0
84244,0
84245,2
84246,0
84247,2
84248,2
84249,2
84250,0
84251,0
84252,0
84253,2
84254,0
84255,0
84256,0
84257,2
84258,1
84259,0
84260,0
84261,0
84262,1
84263,0
84264,0
84265,1
84266,0
84267,1
84268,0
84269,0
84270,1
84271,0
84272,0
84273,2
84274,0
84275,2
84276,1
84277,1
84278,2
84279,0
84280,1
84281,1
84282,1
84283,0
84284,0
84285,1
84286,2
84287,2
84288,2
84289,2
84290,2
84291,0
84292,0
84293,2
84294,2
84295,0
84296,0
84297,2
84298,0
84299,0
84300,0
84301,0
84302,1
84303,0
84304,0
84305,0
84306,0
84307,2
84308,0
84309,0
84310,1
84311,2
84312,0
84313,0
84314,2
84315,0
84316,0
84317,0
84318,0
84319,2
84320,2
84321,2
84322,2
84323,2
84324,2
84325,2
84326,1
84327,2
84328,1
84329,1
84330,2
84331,2
84332,2
84333,2
84334,0
84335,0
84336,2
84337,2
84338,1
84339,2
84340,2
84341,0
84342,2
84343,0
84344,2
84345,1
84346,0
84347,2
84348,0
84349,1
84350,0
84351,1
84352,2
84353,0
84354,0
84355,0
84356,2
84357,1
84358,2
84359,0
84360,1
84361,0
84362,0
84363,0
84364,1
84365,0
84366,1
84367,2
84368,2
84369,1
84370,2
84371,2
84372,1
84373,2
84374,1
84375,2
84376,1
84377,1
84378,2
84379,0
84380,0
84381,2
84382,1
84383,0
84384,2
84385,2
84386,2
84387,0
84388,0
84389,0
84390,1
84391,0
84392,1
84393,0
84394,1
84395,2
84396,0
84397,2
84398,2
84399,0
84400,0
84401,2
84402,0
84403,0
84404,0
84405,0
84406,2
84407,0
84408,2
84409,0
84410,0
84411,2
84412,0
84413,2
84414,0
84415,0
84416,0
84417,1
84418,1
84419,1
84420,0
84421,1
84422,0
84423,0
84424,2
84425,2
84426,2
84427,1
84428,0
84429,0
84430,2
84431,2
84432,1
84433,0
84434,0
84435,2
84436,1
84437,1
84438,1
84439,0
84440,2
84441,1
84442,0
84443,0
84444,2
84445,0
84446,0
84447,0
84448,2
84449,2
84450,1
84451,2
84452,2
84453,1
84454,2
84455,0
84456,0
84457,2
84458,2
84459,1
84460,2
84461,1
84462,2
84463,0
84464,1
84465,0
84466,2
84467,1
84468,0
84469,0
84470,2
84471,2
84472,1
84473,1
84474,0
84475,1
84476,2
84477,2
84478,0
84479,2
84480,1
84481,2
84482,0
84483,2
84484,2
84485,0
84486,2
84487,0
84488,0
84489,0
84490,1
84491,0
84492,0
84493,0
84494,2
84495,2
84496,0
84497,2
84498,2
84499,1
84500,2
84501,2
84502,0
84503,2
84504,2
84505,2
84506,1
84507,0
84508,2
84509,2
84510,2
84511,1
84512,2
84513,0
84514,2
84515,0
84516,1
84517,0
84518,0
84519,2
84520,2
84521,1
84522,1
84523,0
84524,1
84525,2
84526,0
84527,0
84528,2
84529,2
84530,1
84531,1
84532,1
84533,0
84534,0
84535,1
84536,2
84537,1
84538,2
84539,0
84540,0
84541,2
84542,1
84543,0
84544,2
84545,0
84546,2
84547,2
84548,1
84549,1
84550,1
84551,0
84552,0
84553,2
84554,1
84555,0
84556,0
84557,1
84558,2
84559,2
84560,1
84561,0
84562,0
84563,0
84564,0
84565,0
84566,0
84567,0
84568,0
84569,0
84570,2
84571,0
84572,0
84573,2
84574,1
84575,0
84576,1
84577,2
84578,0
84579,2
84580,1
84581,1
84582,0
84583,0
84584,0
84585,0
84586,2
84587,2
84588,1
84589,0
84590,1
84591,1
84592,0
84593,0
84594,0
84595,0
84596,1
84597,2
84598,1
84599,0
84600,1
84601,1
84602,1
84603,0
84604,2
84605,2
84606,2
84607,2
84608,1
84609,0
84610,1
84611,2
84612,0
84613,1
84614,0
84615,2
84616,2
84617,2
84618,2
84619,2
84620,1
84621,2
84622,0
84623,2
84624,2
84625,0
84626,0
84627,0
84628,2
84629,1
84630,2
84631,2
84632,0
84633,1
84634,1
84635,1
84636,0
84637,1
84638,0
84639,2
84640,0
84641,0
84642,2
84643,2
84644,1
84645,0
84646,0
84647,1
84648,2
84649,0
84650,2
84651,0
84652,0
84653,2
84654,0
84655,0
84656,0
84657,0
84658,0
84659,0
84660,0
84661,1
84662,0
84663,1
84664,1
84665,1
84666,2
84667,0
84668,2
84669,0
84670,0
84671,2
84672,0
84673,2
84674,0
84675,0
84676,1
84677,2
84678,1
84679,2
84680,1
84681,1
84682,0
84683,2
84684,1
84685,1
84686,2
84687,2
84688,0
84689,2
84690,0
84691,0
84692,1
84693,2
84694,2
84695,0
84696,1
84697,1
84698,2
84699,0
84700,0
84701,2
84702,1
84703,2
84704,0
84705,0
84706,0
84707,0
84708,1
84709,1
84710,0
84711,0
84712,1
84713,2
84714,2
84715,2
84716,2
84717,0
84718,1
84719,1
84720,0
84721,2
84722,2
84723,1
84724,1
84725,2
84726,2
84727,2
84728,1
84729,2
84730,2
84731,1
84732,1
84733,0
84734,0
84735,0
84736,1
84737,0
84738,1
84739,0
84740,2
84741,0
84742,2
84743,2
84744,1
84745,0
84746,1
84747,0
84748,0
84749,0
84750,0
84751,2
84752,2
84753,0
84754,0
84755,1
84756,1
84757,1
84758,1
84759,2
84760,2
84761,1
84762,1
84763,0
84764,2
84765,2
84766,2
84767,0
84768,2
84769,0
84770,2
84771,1
84772,0
84773,0
84774,1
84775,2
84776,0
84777,2
84778,1
84779,2
84780,1
84781,0
84782,2
84783,2
84784,2
84785,0
84786,0
84787,1
84788,0
84789,1
84790,2
84791,2
84792,2
84793,0
84794,0
84795,2
84796,2
84797,0
84798,2
84799,2
84800,2
84801,2
84802,2
84803,1
84804,1
84805,1
84806,1
84807,0
84808,2
84809,2
84810,2
84811,0
84812,2
84813,0
84814,2
84815,2
84816,0
84817,0
84818,2
84819,0
84820,1
84821,2
84822,0
84823,1
84824,2
84825,2
84826,0
84827,1
84828,0
84829,2
84830,1
84831,0
84832,2
84833,2
84834,0
84835,0
84836,1
84837,0
84838,2
84839,1
84840,1
84841,0
84842,1
84843,2
84844,0
84845,2
84846,1
84847,1
84848,2
84849,0
84850,0
84851,1
84852,2
84853,0
84854,2
84855,0
84856,2
84857,2
84858,1
84859,1
84860,2
84861,0
84862,0
84863,0
84864,0
84865,0
84866,0
84867,1
84868,2
84869,0
84870,0
84871,2
84872,1
84873,0
84874,0
84875,0
84876,0
84877,2
84878,0
84879,0
84880,2
84881,2
84882,0
84883,0
84884,2
84885,2
84886,0
84887,1
84888,2
84889,0
84890,0
84891,2
84892,0
84893,2
84894,2
84895,2
84896,1
84897,2
84898,2
84899,0
84900,2
84901,1
84902,2
84903,2
84904,1
84905,0
84906,1
84907,2
84908,0
84909,2
84910,1
84911,1
84912,1
84913,2
84914,2
84915,2
84916,0
84917,0
84918,2
84919,2
84920,1
84921,0
84922,1
84923,0
84924,1
84925,2
84926,2
84927,2
84928,0
84929,2
84930,1
84931,0
84932,0
84933,2
84934,2
84935,2
84936,0
84937,2
84938,1
84939,0
84940,1
84941,2
84942,0
84943,0
84944,0
84945,0
84946,2
84947,0
84948,2
84949,2
84950,2
84951,2
84952,2
84953,2
84954,0
84955,0
84956,0
84957,2
84958,0
84959,2
84960,2
84961,2
84962,2
84963,0
84964,2
84965,0
84966,1
84967,0
84968,2
84969,1
84970,0
84971,0
84972,2
84973,1
84974,1
84975,2
84976,2
84977,0
84978,2
84979,0
84980,1
84981,0
84982,0
84983,0
84984,1
84985,1
84986,2
84987,1
84988,2
84989,2
84990,0
84991,0
84992,0
84993,2
84994,2
84995,0
84996,0
84997,0
84998,1
84999,2
85000,2
85001,1
85002,0
85003,0
85004,2
85005,1
85006,2
85007,1
85008,0
85009,0
85010,0
85011,2
85012,2
85013,1
85014,2
85015,0
85016,0
85017,0
85018,0
85019,2
85020,1
85021,2
85022,0
85023,2
85024,1
85025,0
85026,1
85027,1
85028,2
85029,0
85030,2
85031,0
85032,1
85033,2
85034,2
85035,1
85036,2
85037,2
85038,0
85039,0
85040,0
85041,1
85042,0
85043,0
85044,1
85045,2
85046,2
85047,2
85048,2
85049,2
85050,0
85051,0
85052,2
85053,2
85054,0
85055,1
85056,1
85057,0
85058,2
85059,2
85060,1
85061,2
85062,1
85063,0
85064,0
85065,2
85066,1
85067,2
85068,2
85069,0
85070,0
85071,2
85072,2
85073,2
85074,2
85075,1
85076,2
85077,1
85078,0
85079,2
85080,2
85081,0
85082,2
85083,1
85084,2
85085,0
85086,2
85087,0
85088,2
85089,2
85090,2
85091,1
85092,0
85093,0
85094,2
85095,0
85096,1
85097,0
85098,2
85099,2
85100,1
85101,2
85102,0
85103,0
85104,0
85105,0
85106,0
85107,0
85108,0
85109,0
85110,0
85111,2
85112,2
85113,2
85114,0
85115,1
85116,0
85117,1
85118,2
85119,0
85120,0
85121,1
85122,1
85123,2
85124,0
85125,1
85126,0
85127,2
85128,2
85129,2
85130,1
85131,1
85132,2
85133,0
85134,1
85135,0
85136,2
85137,1
85138,2
85139,2
85140,0
85141,1
85142,1
85143,2
85144,1
85145,2
85146,0
85147,0
85148,0
85149,0
85150,2
85151,0
85152,2
85153,2
85154,2
85155,0
85156,0
85157,2
85158,2
85159,0
85160,0
85161,0
85162,1
85163,2
85164,0
85165,0
85166,2
85167,0
85168,2
85169,2
85170,2
85171,2
85172,2
85173,0
85174,2
85175,0
85176,1
85177,0
85178,2
85179,1
85180,1
85181,2
85182,2
85183,0
85184,1
85185,1
85186,1
85187,0
85188,1
85189,2
85190,1
85191,2
85192,2
85193,0
85194,2
85195,2
85196,1
85197,2
85198,2
85199,1
85200,0
85201,2
85202,1
85203,1
85204,0
85205,0
85206,0
85207,2
85208,1
85209,1
85210,0
85211,0
85212,2
85213,0
85214,0
85215,0
85216,2
85217,0
85218,0
85219,0
85220,1
85221,0
85222,2
85223,2
85224,1
85225,2
85226,0
85227,2
85228,2
85229,0
85230,0
85231,0
85232,2
85233,0
85234,2
85235,0
85236,2
85237,2
85238,0
85239,2
85240,2
85241,1
85242,0
85243,0
85244,0
85245,2
85246,2
85247,0
85248,2
85249,2
85250,1
85251,1
85252,0
85253,0
85254,2
85255,0
85256,0
85257,0
85258,0
85259,1
85260,2
85261,1
85262,2
85263,1
85264,0
85265,0
85266,0
85267,2
85268,2
85269,1
85270,0
85271,2
85272,0
85273,0
85274,2
85275,2
85276,1
85277,0
85278,0
85279,1
85280,0
85281,2
85282,2
85283,0
85284,2
85285,0
85286,2
85287,1
85288,2
85289,2
85290,1
85291,0
85292,2
85293,0
85294,2
85295,2
85296,0
85297,2
85298,1
85299,2
85300,2
85301,0
85302,0
85303,0
85304,2
85305,2
85306,2
85307,2
85308,2
85309,0
85310,0
85311,0
85312,2
85313,1
85314,2
85315,2
85316,1
85317,2
85318,0
85319,0
85320,0
85321,2
85322,0
85323,2
85324,1
85325,0
85326,1
85327,1
85328,2
85329,1
85330,0
85331,0
85332,0
85333,2
85334,0
85335,2
85336,0
85337,2
85338,2
85339,1
85340,1
85341,2
85342,0
85343,1
85344,2
85345,1
85346,2
85347,2
85348,2
85349,0
85350,0
85351,0
85352,1
85353,1
85354,2
85355,0
85356,2
85357,2
85358,0
85359,0
85360,2
85361,0
85362,0
85363,1
85364,0
85365,0
85366,2
85367,0
85368,0
85369,0
85370,0
85371,1
85372,1
85373,2
85374,0
85375,2
85376,0
85377,2
85378,0
85379,0
85380,1
85381,1
85382,0
85383,1
85384,2
85385,1
85386,0
85387,1
85388,0
85389,2
85390,0
85391,2
85392,0
85393,0
85394,0
85395,0
85396,0
85397,2
85398,0
85399,2
85400,2
85401,1
85402,0
85403,1
85404,2
85405,2
85406,2
85407,2
85408,1
85409,2
85410,2
85411,0
85412,2
85413,1
85414,2
85415,0
85416,2
85417,1
85418,0
85419,1
85420,2
85421,2
85422,0
85423,0
85424,1
85425,1
85426,2
85427,2
85428,1
85429,2
85430,2
85431,0
85432,0
85433,1
85434,0
85435,0
85436,2
85437,1
85438,2
85439,2
85440,0
85441,2
85442,1
85443,0
85444,1
85445,2
85446,0
85447,1
85448,1
85449,1
85450,1
85451,1
85452,0
85453,2
85454,0
85455,2
85456,0
85457,2
85458,0
85459,2
85460,0
85461,2
85462,2
85463,0
85464,0
85465,2
85466,2
85467,0
85468,0
85469,1
85470,1
85471,2
85472,2
85473,0
85474,1
85475,0
85476,0
85477,1
85478,0
85479,2
85480,0
85481,0
85482,2
85483,2
85484,0
85485,2
85486,0
85487,0
85488,1
85489,2
85490,2
85491,2
85492,0
85493,2
85494,2
85495,2
85496,0
85497,2
85498,1
85499,0
85500,2
85501,2
85502,0
85503,1
85504,1
85505,2
85506,0
85507,1
85508,1
85509,1
85510,2
85511,2
85512,1
85513,2
85514,2
85515,1
85516,1
85517,2
85518,0
85519,0
85520,0
85521,1
85522,0
85523,0
85524,0
85525,0
85526,0
85527,0
85528,2
85529,2
85530,2
85531,2
85532,1
85533,0
85534,0
85535,0
85536,1
85537,0
85538,1
85539,1
85540,1
85541,2
85542,2
85543,2
85544,0
85545,2
85546,0
85547,0
85548,2
85549,0
85550,0
85551,0
85552,2
85553,2
85554,2
85555,0
85556,0
85557,2
85558,0
85559,2
85560,1
85561,0
85562,0
85563,2
85564,2
85565,0
85566,2
85567,0
85568,2
85569,1
85570,2
85571,1
85572,2
85573,2
85574,0
85575,2
85576,2
85577,1
85578,0
85579,0
85580,1
85581,2
85582,0
85583,1
85584,0
85585,0
85586,0
85587,2
85588,0
85589,0
85590,0
85591,0
85592,2
85593,2
85594,2
85595,2
85596,1
85597,2
85598,0
85599,2
85600,1
85601,2
85602,0
85603,0
85604,0
85605,2
85606,0
85607,0
85608,1
85609,0
85610,0
85611,2
85612,2
85613,1
85614,0
85615,2
85616,2
85617,2
85618,1
85619,0
85620,1
85621,2
85622,2
85623,0
85624,0
85625,2
85626,1
85627,2
85628,0
85629,0
85630,0
85631,2
85632,0
85633,1
85634,1
85635,1
85636,2
85637,2
85638,2
85639,1
85640,1
85641,0
85642,1
85643,0
85644,0
85645,1
85646,2
85647,2
85648,0
85649,1
85650,2
85651,1
85652,2
85653,2
85654,0
85655,2
85656,0
85657,0
85658,2
85659,0
85660,2
85661,0
85662,0
85663,1
85664,0
85665,1
85666,0
85667,0
85668,1
85669,2
85670,0
85671,0
85672,1
85673,2
85674,1
85675,2
85676,1
85677,0
85678,0
85679,0
85680,2
85681,2
85682,0
85683,1
85684,2
85685,1
85686,2
85687,0
85688,0
85689,0
85690,2
85691,0
85692,0
85693,2
85694,2
85695,2
85696,2
85697,2
85698,2
85699,0
85700,0
85701,2
85702,0
85703,1
85704,2
85705,2
85706,2
85707,2
85708,0
85709,1
85710,0
85711,1
85712,0
85713,0
85714,2
85715,0
85716,2
85717,0
85718,0
85719,0
85720,0
85721,1
85722,0
85723,1
85724,0
85725,2
85726,2
85727,2
85728,0
85729,1
85730,0
85731,2
85732,0
85733,1
85734,2
85735,2
85736,0
85737,2
85738,0
85739,0
85740,2
85741,1
85742,0
85743,0
85744,2
85745,2
85746,2
85747,2
85748,0
85749,0
85750,0
85751,0
85752,2
85753,0
85754,0
85755,1
85756,1
85757,0
85758,1
85759,2
85760,1
85761,0
85762,0
85763,0
85764,2
85765,0
85766,2
85767,0
85768,0
85769,0
85770,2
85771,2
85772,0
85773,2
85774,1
85775,1
85776,2
85777,1
85778,0
85779,0
85780,0
85781,1
85782,1
85783,2
85784,0
85785,2
85786,1
85787,2
85788,2
85789,2
85790,1
85791,0
85792,2
85793,2
85794,1
85795,0
85796,0
85797,2
85798,2
85799,2
85800,0
85801,2
85802,0
85803,1
85804,1
85805,0
85806,2
85807,2
85808,0
85809,0
85810,2
85811,0
85812,2
85813,0
85814,2
85815,2
85816,1
85817,0
85818,0
85819,1
85820,0
85821,0
85822,1
85823,0
85824,1
85825,1
85826,0
85827,0
85828,0
85829,1
85830,2
85831,0
85832,0
85833,2
85834,0
85835,1
85836,2
85837,1
85838,2
85839,2
85840,1
85841,0
85842,0
85843,1
85844,0
85845,2
85846,1
85847,0
85848,1
85849,0
85850,0
85851,2
85852,2
85853,2
85854,2
85855,1
85856,2
85857,2
85858,1
85859,0
85860,2
85861,2
85862,0
85863,0
85864,0
85865,0
85866,2
85867,0
85868,2
85869,1
85870,0
85871,2
85872,0
85873,0
85874,2
85875,0
85876,0
85877,1
85878,2
85879,2
85880,2
85881,1
85882,2
85883,1
85884,1
85885,2
85886,2
85887,0
85888,0
85889,1
85890,0
85891,2
85892,2
85893,2
85894,2
85895,0
85896,2
85897,0
85898,2
85899,1
85900,1
85901,2
85902,0
85903,0
85904,0
85905,2
85906,0
85907,1
85908,1
85909,0
85910,0
85911,0
85912,0
85913,0
85914,1
85915,2
85916,0
85917,2
85918,2
85919,0
85920,2
85921,1
85922,0
85923,2
85924,0
85925,2
85926,0
85927,0
85928,1
85929,2
85930,2
85931,2
85932,1
85933,2
85934,2
85935,2
85936,2
85937,0
85938,0
85939,2
85940,1
85941,0
85942,1
85943,1
85944,2
85945,0
85946,0
85947,0
85948,0
85949,2
85950,1
85951,0
85952,0
85953,2
85954,2
85955,2
85956,2
85957,0
85958,2
85959,0
85960,0
85961,0
85962,2
85963,0
85964,1
85965,1
85966,0
85967,0
85968,1
85969,2
85970,2
85971,1
85972,2
85973,1
85974,0
85975,0
85976,2
85977,0
85978,2
85979,2
85980,2
85981,0
85982,1
85983,0
85984,0
85985,2
85986,1
85987,0
85988,0
85989,0
85990,0
85991,0
85992,2
85993,0
85994,0
85995,2
85996,1
85997,1
85998,0
85999,0
86000,1
86001,1
86002,0
86003,2
86004,0
86005,2
86006,2
86007,0
86008,2
86009,1
86010,0
86011,0
86012,0
86013,2
86014,1
86015,1
86016,0
86017,2
86018,1
86019,1
86020,0
86021,2
86022,0
86023,0
86024,2
86025,1
86026,2
86027,1
86028,0
86029,2
86030,2
86031,2
86032,2
86033,0
86034,2
86035,0
86036,1
86037,0
86038,2
86039,2
86040,2
86041,0
86042,1
86043,1
86044,2
86045,0
86046,1
86047,1
86048,2
86049,1
86050,1
86051,0
86052,0
86053,2
86054,0
86055,1
86056,0
86057,2
86058,0
86059,0
86060,0
86061,0
86062,2
86063,0
86064,2
86065,0
86066,1
86067,0
86068,0
86069,1
86070,0
86071,0
86072,1
86073,2
86074,0
86075,0
86076,0
86077,2
86078,1
86079,2
86080,2
86081,2
86082,2
86083,0
86084,2
86085,0
86086,1
86087,1
86088,1
86089,0
86090,0
86091,2
86092,1
86093,0
86094,1
86095,0
86096,1
86097,2
86098,1
86099,2
86100,1
86101,0
86102,0
86103,0
86104,2
86105,0
86106,1
86107,0
86108,0
86109,0
86110,2
86111,0
86112,0
86113,2
86114,2
86115,1
86116,2
86117,2
86118,2
86119,1
86120,1
86121,1
86122,2
86123,2
86124,0
86125,0
86126,2
86127,0
86128,2
86129,0
86130,1
86131,2
86132,1
86133,1
86134,2
86135,0
86136,2
86137,0
86138,1
86139,1
86140,2
86141,0
86142,1
86143,2
86144,0
86145,2
86146,2
86147,1
86148,0
86149,2
86150,1
86151,0
86152,2
86153,0
86154,1
86155,1
86156,1
86157,0
86158,0
86159,2
86160,0
86161,2
86162,2
86163,1
86164,2
86165,1
86166,2
86167,2
86168,2
86169,1
86170,2
86171,0
86172,2
86173,2
86174,2
86175,1
86176,2
86177,0
86178,0
86179,1
86180,1
86181,0
86182,2
86183,0
86184,2
86185,2
86186,2
86187,0
86188,1
86189,1
86190,0
86191,2
86192,0
86193,0
86194,2
86195,0
86196,1
86197,0
86198,0
86199,0
86200,0
86201,0
86202,2
86203,1
86204,1
86205,0
86206,0
86207,2
86208,2
86209,1
86210,2
86211,0
86212,0
86213,2
86214,2
86215,0
86216,0
86217,0
86218,1
86219,2
86220,0
86221,2
86222,2
86223,0
86224,1
86225,2
86226,1
86227,2
86228,2
86229,2
86230,1
86231,2
86232,2
86233,0
86234,1
86235,0
86236,2
86237,2
86238,0
86239,0
86240,0
86241,0
86242,0
86243,1
86244,0
86245,1
86246,2
86247,1
86248,2
86249,0
86250,1
86251,0
86252,2
86253,2
86254,0
86255,2
86256,1
86257,0
86258,0
86259,2
86260,2
86261,2
86262,1
86263,2
86264,0
86265,0
86266,2
86267,0
86268,0
86269,2
86270,2
86271,1
86272,0
86273,1
86274,1
86275,0
86276,2
86277,0
86278,2
86279,2
86280,2
86281,0
86282,0
86283,2
86284,0
86285,1
86286,2
86287,0
86288,0
86289,2
86290,2
86291,0
86292,1
86293,0
86294,2
86295,2
86296,2
86297,0
86298,2
86299,1
86300,0
86301,0
86302,2
86303,2
86304,0
86305,1
86306,2
86307,0
86308,0
86309,1
86310,0
86311,2
86312,0
86313,1
86314,2
86315,1
86316,2
86317,1
86318,0
86319,2
86320,0
86321,1
86322,2
86323,0
86324,0
86325,1
86326,2
86327,2
86328,2
86329,0
86330,0
86331,0
86332,1
86333,1
86334,2
86335,2
86336,1
86337,1
86338,2
86339,0
86340,2
86341,0
86342,2
86343,2
86344,0
86345,1
86346,1
86347,0
86348,2
86349,0
86350,1
86351,0
86352,0
86353,2
86354,0
86355,1
86356,0
86357,2
86358,0
86359,1
86360,2
86361,0
86362,2
86363,0
86364,0
86365,1
86366,2
86367,1
86368,2
86369,0
86370,1
86371,0
86372,1
86373,0
86374,0
86375,2
86376,2
86377,2
86378,1
86379,1
86380,2
86381,2
86382,0
86383,0
86384,1
86385,1
86386,0
86387,2
86388,0
86389,2
86390,0
86391,0
86392,2
86393,2
86394,0
86395,2
86396,2
86397,2
86398,0
86399,2
86400,1
86401,1
86402,2
86403,0
86404,1
86405,2
86406,2
86407,0
86408,0
86409,0
86410,2
86411,1
86412,1
86413,1
86414,2
86415,2
86416,1
86417,0
86418,2
86419,1
86420,0
86421,2
86422,2
86423,2
86424,0
86425,0
86426,2
86427,1
86428,1
86429,0
86430,2
86431,2
86432,2
86433,2
86434,1
86435,0
86436,0
86437,0
86438,0
86439,0
86440,0
86441,1
86442,0
86443,2
86444,2
86445,1
86446,1
86447,2
86448,0
86449,1
86450,1
86451,1
86452,0
86453,0
86454,0
86455,0
86456,2
86457,1
86458,0
86459,1
86460,2
86461,2
86462,2
86463,2
86464,0
86465,2
86466,1
86467,2
86468,0
86469,2
86470,2
86471,0
86472,1
86473,2
86474,0
86475,0
86476,1
86477,0
86478,2
86479,0
86480,2
86481,1
86482,0
86483,2
86484,0
86485,2
86486,2
86487,2
86488,0
86489,2
86490,0
86491,1
86492,2
86493,2
86494,0
86495,1
86496,0
86497,0
86498,2
86499,2
86500,0
86501,1
86502,2
86503,0
86504,1
86505,2
86506,1
86507,2
86508,2
86509,1
86510,0
86511,2
86512,2
86513,0
86514,2
86515,2
86516,1
86517,1
86518,1
86519,0
86520,1
86521,0
86522,0
86523,0
86524,2
86525,2
86526,1
86527,2
86528,0
86529,2
86530,0
86531,2
86532,2
86533,1
86534,0
86535,0
86536,1
86537,1
86538,0
86539,2
86540,0
86541,2
86542,0
86543,0
86544,2
86545,2
86546,0
86547,1
86548,2
86549,0
86550,2
86551,2
86552,2
86553,2
86554,0
86555,2
86556,0
86557,0
86558,0
86559,0
86560,0
86561,0
86562,0
86563,2
86564,0
86565,2
86566,2
86567,1
86568,1
86569,2
86570,1
86571,2
86572,0
86573,0
86574,0
86575,2
86576,0
86577,2
86578,2
86579,1
86580,0
86581,2
86582,0
86583,2
86584,2
86585,0
86586,2
86587,0
86588,0
86589,2
86590,0
86591,0
86592,2
86593,2
86594,2
86595,1
86596,0
86597,0
86598,0
86599,2
86600,0
86601,0
86602,2
86603,2
86604,0
86605,2
86606,2
86607,1
86608,0
86609,0
86610,0
86611,1
86612,1
86613,2
86614,0
86615,0
86616,0
86617,0
86618,0
86619,0
86620,1
86621,2
86622,1
86623,0
86624,1
86625,0
86626,1
86627,2
86628,1
86629,0
86630,0
86631,0
86632,2
86633,2
86634,0
86635,1
86636,2
86637,2
86638,0
86639,1
86640,0
86641,0
86642,0
86643,0
86644,0
86645,2
86646,2
86647,1
86648,1
86649,1
86650,1
86651,0
86652,1
86653,0
86654,1
86655,0
86656,0
86657,2
86658,2
86659,2
86660,1
86661,2
86662,0
86663,2
86664,2
86665,1
86666,2
86667,0
86668,0
86669,0
86670,1
86671,0
86672,0
86673,2
86674,2
86675,0
86676,0
86677,2
86678,2
86679,1
86680,1
86681,2
86682,2
86683,1
86684,2
86685,2
86686,0
86687,2
86688,1
86689,2
86690,1
86691,0
86692,0
86693,0
86694,0
86695,0
86696,1
86697,2
86698,2
86699,0
86700,1
86701,0
86702,0
86703,0
86704,0
86705,0
86706,1
86707,2
86708,0
86709,2
86710,2
86711,0
86712,2
86713,2
86714,0
86715,2
86716,2
86717,0
86718,0
86719,0
86720,0
86721,2
86722,2
86723,2
86724,0
86725,0
86726,0
86727,2
86728,0
86729,0
86730,0
86731,2
86732,2
86733,0
86734,0
86735,2
86736,0
86737,2
86738,2
86739,2
86740,2
86741,2
86742,2
86743,2
86744,0
86745,1
86746,1
86747,2
86748,2
86749,1
86750,0
86751,0
86752,2
86753,1
86754,0
86755,2
86756,2
86757,0
86758,0
86759,0
86760,0
86761,0
86762,2
86763,2
86764,0
86765,2
86766,1
86767,0
86768,0
86769,2
86770,0
86771,2
86772,2
86773,0
86774,2
86775,2
86776,1
86777,0
86778,1
86779,2
86780,2
86781,0
86782,0
86783,0
86784,0
86785,0
86786,0
86787,1
86788,1
86789,0
86790,0
86791,1
86792,0
86793,1
86794,1
86795,2
86796,2
86797,2
86798,0
86799,1
86800,2
86801,0
86802,2
86803,0
86804,1
86805,0
86806,2
86807,0
86808,0
86809,0
86810,1
86811,1
86812,0
86813,2
86814,2
86815,1
86816,0
86817,2
86818,2
86819,0
86820,0
86821,2
86822,1
86823,2
86824,2
86825,1
86826,2
86827,0
86828,0
86829,1
86830,2
86831,0
86832,2
86833,2
86834,0
86835,2
86836,2
86837,1
86838,2
86839,0
86840,2
86841,0
86842,1
86843,2
86844,0
86845,0
86846,0
86847,1
86848,0
86849,0
86850,2
86851,0
86852,2
86853,0
86854,2
86855,2
86856,2
86857,2
86858,1
86859,0
86860,2
86861,2
86862,0
86863,2
86864,2
86865,2
86866,0
86867,2
86868,2
86869,2
86870,1
86871,2
86872,2
86873,0
86874,2
86875,0
86876,0
86877,2
86878,2
86879,0
86880,2
86881,2
86882,2
86883,2
86884,2
86885,1
86886,0
86887,2
86888,0
86889,0
86890,0
86891,2
86892,2
86893,1
86894,2
86895,0
86896,0
86897,0
86898,2
86899,2
86900,2
86901,2
86902,0
86903,2
86904,1
86905,1
86906,2
86907,2
86908,0
86909,0
86910,1
86911,2
86912,1
86913,0
86914,2
86915,1
86916,0
86917,2
86918,1
86919,2
86920,2
86921,2
86922,1
86923,2
86924,2
86925,0
86926,0
86927,0
86928,0
86929,2
86930,2
86931,1
86932,0
86933,2
86934,0
86935,0
86936,1
86937,0
86938,0
86939,0
86940,2
86941,2
86942,2
86943,0
86944,0
86945,0
86946,2
86947,1
86948,2
86949,1
86950,0
86951,2
86952,1
86953,0
86954,2
86955,1
86956,2
86957,1
86958,2
86959,0
86960,2
86961,0
86962,2
86963,2
86964,1
86965,1
86966,0
86967,0
86968,2
86969,2
86970,1
86971,2
86972,1
86973,2
86974,0
86975,0
86976,0
86977,2
86978,1
86979,2
86980,2
86981,1
86982,1
86983,0
86984,0
86985,2
86986,2
86987,1
86988,0
86989,0
86990,0
86991,0
86992,0
86993,2
86994,1
86995,0
86996,2
86997,2
86998,0
86999,1
87000,2
87001,2
87002,2
87003,1
87004,2
87005,0
87006,0
87007,2
87008,2
87009,2
87010,2
87011,0
87012,2
87013,0
87014,2
87015,0
87016,1
87017,1
87018,1
87019,2
87020,0
87021,2
87022,1
87023,0
87024,2
87025,1
87026,2
87027,1
87028,0
87029,0
87030,2
87031,1
87032,1
87033,0
87034,1
87035,2
87036,2
87037,1
87038,2
87039,0
87040,1
87041,0
87042,2
87043,0
87044,0
87045,0
87046,2
87047,0
87048,2
87049,0
87050,0
87051,0
87052,2
87053,0
87054,2
87055,1
87056,0
87057,1
87058,0
87059,1
87060,2
87061,1
87062,0
87063,0
87064,0
87065,0
87066,1
87067,1
87068,1
87069,2
87070,0
87071,2
87072,1
87073,1
87074,1
87075,1
87076,0
87077,0
87078,2
87079,2
87080,2
87081,0
87082,2
87083,1
87084,2
87085,2
87086,0
87087,0
87088,0
87089,0
87090,1
87091,1
87092,1
87093,2
87094,1
87095,2
87096,0
87097,2
87098,1
87099,1
87100,0
87101,0
87102,0
87103,2
87104,0
87105,0
87106,0
87107,2
87108,0
87109,2
87110,0
87111,2
87112,2
87113,0
87114,1
87115,2
87116,2
87117,0
87118,1
87119,0
87120,0
87121,0
87122,0
87123,2
87124,0
87125,0
87126,1
87127,0
87128,1
87129,2
87130,1
87131,2
87132,0
87133,0
87134,0
87135,0
87136,0
87137,1
87138,0
87139,0
87140,0
87141,0
87142,1
87143,0
87144,2
87145,0
87146,2
87147,0
87148,2
87149,1
87150,2
87151,2
87152,0
87153,0
87154,2
87155,2
87156,0
87157,0
87158,1
87159,2
87160,2
87161,0
87162,1
87163,0
87164,0
87165,0
87166,0
87167,2
87168,2
87169,2
87170,2
87171,1
87172,1
87173,2
87174,0
87175,0
87176,2
87177,1
87178,2
87179,1
87180,2
87181,2
87182,1
87183,1
87184,0
87185,2
87186,0
87187,1
87188,0
87189,2
87190,2
87191,0
87192,0
87193,1
87194,1
87195,2
87196,0
87197,0
87198,2
87199,0
87200,0
87201,0
87202,2
87203,1
87204,2
87205,0
87206,1
87207,0
87208,1
87209,2
87210,2
87211,2
87212,1
87213,1
87214,2
87215,0
87216,1
87217,0
87218,1
87219,0
87220,1
87221,2
87222,1
87223,1
87224,0
87225,1
87226,1
87227,2
87228,2
87229,1
87230,2
87231,2
87232,2
87233,2
87234,2
87235,0
87236,2
87237,0
87238,2
87239,0
87240,0
87241,0
87242,0
87243,2
87244,1
87245,0
87246,0
87247,2
87248,0
87249,2
87250,0
87251,2
87252,0
87253,0
87254,2
87255,0
87256,1
87257,1
87258,1
87259,2
87260,0
87261,1
87262,2
87263,2
87264,0
87265,2
87266,1
87267,2
87268,2
87269,2
87270,1
87271,2
87272,0
87273,1
87274,0
87275,0
87276,0
87277,0
87278,2
87279,2
87280,0
87281,0
87282,2
87283,1
87284,0
87285,1
87286,2
87287,2
87288,2
87289,0
87290,0
87291,2
87292,2
87293,1
87294,0
87295,2
87296,1
87297,2
87298,0
87299,1
87300,0
87301,2
87302,0
87303,2
87304,2
87305,1
87306,2
87307,2
87308,2
87309,2
87310,1
87311,2
87312,0
87313,2
87314,2
87315,0
87316,0
87317,0
87318,1
87319,0
87320,0
87321,2
87322,0
87323,2
87324,0
87325,1
87326,2
87327,2
87328,0
87329,2
87330,0
87331,0
87332,1
87333,0
87334,2
87335,1
87336,2
87337,0
87338,2
87339,2
87340,2
87341,0
87342,0
87343,0
87344,0
87345,2
87346,1
87347,1
87348,0
87349,0
87350,2
87351,2
87352,2
87353,1
87354,0
87355,1
87356,0
87357,2
87358,1
87359,1
87360,0
87361,2
87362,1
87363,2
87364,2
87365,2
87366,2
87367,2
87368,2
87369,1
87370,0
87371,0
87372,1
87373,2
87374,0
87375,0
87376,2
87377,0
87378,0
87379,2
87380,1
87381,1
87382,0
87383,2
87384,0
87385,0
87386,2
87387,0
87388,1
87389,2
87390,2
87391,1
87392,0
87393,1
87394,2
87395,1
87396,2
87397,2
87398,2
87399,0
87400,0
87401,0
87402,2
87403,2
87404,0
87405,2
87406,1
87407,0
87408,2
87409,0
87410,0
87411,0
87412,2
87413,0
87414,0
87415,0
87416,0
87417,0
87418,2
87419,1
87420,0
87421,0
87422,2
87423,0
87424,2
87425,1
87426,0
87427,2
87428,0
87429,2
87430,1
87431,0
87432,0
87433,1
87434,0
87435,2
87436,0
87437,0
87438,0
87439,2
87440,0
87441,2
87442,2
87443,0
87444,1
87445,2
87446,0
87447,0
87448,1
87449,0
87450,1
87451,0
87452,1
87453,0
87454,0
87455,0
87456,1
87457,2
87458,1
87459,2
87460,0
87461,1
87462,0
87463,2
87464,1
87465,1
87466,2
87467,2
87468,0
87469,0
87470,2
87471,0
87472,0
87473,0
87474,0
87475,0
87476,1
87477,2
87478,0
87479,1
87480,2
87481,2
87482,1
87483,1
87484,2
87485,0
87486,0
87487,0
87488,0
87489,0
87490,2
87491,0
87492,0
87493,2
87494,1
87495,0
87496,2
87497,1
87498,0
87499,0
87500,2
87501,2
87502,2
87503,2
87504,0
87505,1
87506,0
87507,2
87508,2
87509,2
87510,2
87511,2
87512,2
87513,0
87514,2
87515,2
87516,1
87517,0
87518,2
87519,2
87520,0
87521,2
87522,0
87523,1
87524,2
87525,0
87526,1
87527,0
87528,0
87529,2
87530,2
87531,2
87532,0
87533,1
87534,1
87535,0
87536,0
87537,2
87538,2
87539,0
87540,1
87541,1
87542,0
87543,0
87544,0
87545,0
87546,2
87547,1
87548,2
87549,2
87550,2
87551,2
87552,0
87553,1
87554,1
87555,0
87556,2
87557,0
87558,0
87559,2
87560,2
87561,2
87562,0
87563,1
87564,0
87565,2
87566,0
87567,1
87568,0
87569,1
87570,0
87571,0
87572,2
87573,0
87574,0
87575,1
87576,2
87577,2
87578,0
87579,2
87580,1
87581,0
87582,0
87583,0
87584,1
87585,2
87586,0
87587,1
87588,0
87589,1
87590,0
87591,1
87592,2
87593,0
87594,2
87595,1
87596,0
87597,2
87598,0
87599,2
87600,0
87601,0
87602,2
87603,0
87604,2
87605,2
87606,2
87607,2
87608,0
87609,0
87610,2
87611,2
87612,2
87613,2
87614,0
87615,2
87616,1
87617,0
87618,1
87619,0
87620,2
87621,1
87622,1
87623,1
87624,0
87625,0
87626,2
87627,2
87628,0
87629,2
87630,2
87631,2
87632,2
87633,0
87634,1
87635,0
87636,2
87637,0
87638,2
87639,1
87640,1
87641,2
87642,1
87643,1
87644,1
87645,2
87646,0
87647,0
87648,1
87649,0
87650,2
87651,0
87652,0
87653,0
87654,1
87655,2
87656,2
87657,2
87658,1
87659,1
87660,0
87661,2
87662,1
87663,1
87664,2
87665,2
87666,0
87667,2
87668,0
87669,2
87670,0
87671,0
87672,1
87673,2
87674,1
87675,0
87676,0
87677,2
87678,2
87679,2
87680,2
87681,0
87682,1
87683,2
87684,2
87685,2
87686,2
87687,1
87688,1
87689,2
87690,0
87691,1
87692,2
87693,1
87694,0
87695,2
87696,2
87697,1
87698,1
87699,2
87700,0
87701,2
87702,2
87703,2
87704,0
87705,2
87706,2
87707,1
87708,2
87709,2
87710,1
87711,1
87712,0
87713,1
87714,0
87715,0
87716,2
87717,2
87718,2
87719,1
87720,2
87721,2
87722,0
87723,0
87724,2
87725,1
87726,1
87727,2
87728,1
87729,0
87730,1
87731,2
87732,0
87733,2
87734,1
87735,2
87736,1
87737,2
87738,0
87739,2
87740,0
87741,2
87742,1
87743,2
87744,2
87745,1
87746,2
87747,1
87748,2
87749,2
87750,1
87751,2
87752,0
87753,2
87754,0
87755,1
87756,2
87757,0
87758,2
87759,2
87760,2
87761,0
87762,1
87763,1
87764,2
87765,1
87766,1
87767,0
87768,0
87769,1
87770,2
87771,2
87772,0
87773,0
87774,0
87775,0
87776,2
87777,0
87778,0
87779,0
87780,2
87781,1
87782,2
87783,2
87784,0
87785,1
87786,0
87787,0
87788,2
87789,0
87790,1
87791,2
87792,0
87793,0
87794,2
87795,0
87796,1
87797,0
87798,1
87799,2
87800,2
87801,1
87802,2
87803,2
87804,0
87805,0
87806,0
87807,2
87808,0
87809,0
87810,0
87811,0
87812,0
87813,0
87814,0
87815,1
87816,2
87817,0
87818,0
87819,0
87820,1
87821,2
87822,2
87823,1
87824,0
87825,2
87826,0
87827,1
87828,1
87829,0
87830,0
87831,2
87832,0
87833,1
87834,0
87835,1
87836,2
87837,0
87838,0
87839,2
87840,0
87841,1
87842,0
87843,2
87844,0
87845,1
87846,1
87847,2
87848,0
87849,0
87850,2
87851,1
87852,0
87853,0
87854,1
87855,2
87856,2
87857,2
87858,1
87859,0
87860,2
87861,2
87862,2
87863,2
87864,2
87865,2
87866,2
87867,2
87868,1
87869,2
87870,2
87871,1
87872,2
87873,0
87874,0
87875,2
87876,0
87877,0
87878,0
87879,2
87880,0
87881,1
87882,2
87883,1
87884,2
87885,0
87886,1
87887,0
87888,1
87889,2
87890,2
87891,0
87892,1
87893,2
87894,2
87895,0
87896,0
87897,0
87898,0
87899,1
87900,1
87901,2
87902,2
87903,2
87904,0
87905,1
87906,1
87907,2
87908,1
87909,2
87910,2
87911,2
87912,0
87913,0
87914,1
87915,0
87916,1
87917,1
87918,2
87919,2
87920,1
87921,0
87922,1
87923,1
87924,2
87925,2
87926,1
87927,2
87928,1
87929,2
87930,0
87931,2
87932,2
87933,2
87934,2
87935,2
87936,2
87937,2
87938,0
87939,0
87940,0
87941,0
87942,0
87943,2
87944,0
87945,2
87946,1
87947,0
87948,1
87949,1
87950,2
87951,2
87952,1
87953,0
87954,2
87955,0
87956,2
87957,0
87958,0
87959,2
87960,0
87961,0
87962,1
87963,2
87964,0
87965,1
87966,2
87967,2
87968,2
87969,1
87970,2
87971,0
87972,2
87973,2
87974,0
87975,0
87976,0
87977,1
87978,2
87979,2
87980,0
87981,2
87982,2
87983,0
87984,0
87985,0
87986,0
87987,2
87988,0
87989,0
87990,1
87991,0
87992,2
87993,2
87994,2
87995,0
87996,2
87997,0
87998,2
87999,2
88000,0
88001,2
88002,0
88003,0
88004,2
88005,1
88006,1
88007,0
88008,2
88009,0
88010,1
88011,2
88012,2
88013,0
88014,0
88015,2
88016,1
88017,0
88018,1
88019,2
88020,0
88021,2
88022,0
88023,2
88024,2
88025,2
88026,0
88027,2
88028,1
88029,0
88030,0
88031,0
88032,0
88033,1
88034,0
88035,0
88036,0
88037,2
88038,0
88039,0
88040,1
88041,2
88042,0
88043,0
88044,2
88045,0
88046,2
88047,0
88048,2
88049,0
88050,1
88051,1
88052,2
88053,2
88054,1
88055,2
88056,2
88057,1
88058,0
88059,0
88060,0
88061,0
88062,2
88063,1
88064,0
88065,1
88066,2
88067,2
88068,1
88069,0
88070,1
88071,1
88072,1
88073,1
88074,0
88075,2
88076,2
88077,2
88078,0
88079,0
88080,0
88081,2
88082,1
88083,0
88084,0
88085,0
88086,2
88087,2
88088,0
88089,0
88090,0
88091,0
88092,2
88093,2
88094,0
88095,0
88096,0
88097,1
88098,2
88099,2
88100,1
88101,1
88102,2
88103,0
88104,2
88105,0
88106,0
88107,2
88108,0
88109,1
88110,0
88111,1
88112,1
88113,0
88114,2
88115,1
88116,0
88117,0
88118,0
88119,0
88120,2
88121,2
88122,0
88123,2
88124,1
88125,2
88126,2
88127,0
88128,2
88129,2
88130,1
88131,0
88132,2
88133,0
88134,2
88135,0
88136,2
88137,1
88138,1
88139,0
88140,2
88141,2
88142,0
88143,1
88144,2
88145,0
88146,0
88147,2
88148,2
88149,2
88150,2
88151,2
88152,1
88153,0
88154,0
88155,2
88156,2
88157,2
88158,0
88159,0
88160,0
88161,0
88162,2
88163,2
88164,1
88165,0
88166,2
88167,0
88168,2
88169,0
88170,1
88171,1
88172,1
88173,2
88174,0
88175,0
88176,1
88177,0
88178,0
88179,0
88180,1
88181,0
88182,2
88183,2
88184,0
88185,2
88186,0
88187,1
88188,0
88189,0
88190,2
88191,1
88192,2
88193,0
88194,2
88195,2
88196,1
88197,2
88198,0
88199,0
88200,0
88201,1
88202,2
88203,1
88204,0
88205,0
88206,1
88207,0
88208,0
88209,2
88210,1
88211,1
88212,0
88213,0
88214,0
88215,0
88216,0
88217,0
88218,2
88219,2
88220,1
88221,1
88222,0
88223,0
88224,0
88225,2
88226,2
88227,2
88228,1
88229,1
88230,1
88231,1
88232,2
88233,0
88234,1
88235,2
88236,1
88237,1
88238,1
88239,1
88240,2
88241,2
88242,2
88243,0
88244,2
88245,0
88246,0
88247,0
88248,2
88249,2
88250,2
88251,0
88252,2
88253,2
88254,0
88255,0
88256,0
88257,2
88258,2
88259,2
88260,2
88261,1
88262,0
88263,2
88264,2
88265,2
88266,0
88267,0
88268,2
88269,1
88270,2
88271,0
88272,2
88273,1
88274,0
88275,1
88276,2
88277,2
88278,0
88279,1
88280,2
88281,2
88282,1
88283,2
88284,0
88285,0
88286,2
88287,0
88288,2
88289,2
88290,2
88291,0
88292,0
88293,1
88294,2
88295,0
88296,2
88297,0
88298,2
88299,1
88300,1
88301,2
88302,2
88303,0
88304,1
88305,0
88306,1
88307,2
88308,2
88309,0
88310,0
88311,1
88312,1
88313,1
88314,2
88315,0
88316,2
88317,2
88318,0
88319,0
88320,2
88321,0
88322,2
88323,0
88324,0
88325,0
88326,1
88327,0
88328,2
88329,1
88330,1
88331,1
88332,2
88333,0
88334,2
88335,2
88336,2
88337,0
88338,0
88339,1
88340,1
88341,0
88342,1
88343,0
88344,2
88345,2
88346,2
88347,0
88348,2
88349,2
88350,0
88351,0
88352,0
88353,1
88354,2
88355,1
88356,0
88357,0
88358,1
88359,0
88360,1
88361,0
88362,2
88363,2
88364,0
88365,0
88366,0
88367,0
88368,1
88369,0
88370,2
88371,0
88372,2
88373,1
88374,0
88375,0
88376,0
88377,0
88378,1
88379,0
88380,1
88381,1
88382,0
88383,0
88384,2
88385,0
88386,2
88387,2
88388,1
88389,1
88390,2
88391,2
88392,0
88393,2
88394,2
88395,1
88396,0
88397,0
88398,1
88399,1
88400,0
88401,1
88402,2
88403,2
88404,0
88405,2
88406,2
88407,1
88408,0
88409,1
88410,1
88411,2
88412,1
88413,2
88414,0
88415,0
88416,2
88417,2
88418,2
88419,1
88420,0
88421,2
88422,0
88423,1
88424,0
88425,2
88426,0
88427,0
88428,2
88429,1
88430,2
88431,0
88432,0
88433,2
88434,1
88435,1
88436,0
88437,2
88438,0
88439,2
88440,0
88441,0
88442,2
88443,1
88444,2
88445,0
88446,2
88447,0
88448,0
88449,2
88450,0
88451,2
88452,2
88453,0
88454,0
88455,0
88456,0
88457,0
88458,1
88459,2
88460,1
88461,2
88462,1
88463,0
88464,0
88465,1
88466,1
88467,1
88468,2
88469,2
88470,1
88471,2
88472,2
88473,0
88474,2
88475,0
88476,0
88477,0
88478,0
88479,0
88480,2
88481,0
88482,2
88483,0
88484,0
88485,0
88486,2
88487,2
88488,0
88489,2
88490,2
88491,0
88492,2
88493,0
88494,0
88495,1
88496,0
88497,2
88498,0
88499,0
88500,1
88501,2
88502,2
88503,2
88504,2
88505,0
88506,2
88507,1
88508,2
88509,1
88510,0
88511,2
88512,0
88513,1
88514,2
88515,0
88516,1
88517,0
88518,0
88519,0
88520,0
88521,2
88522,0
88523,2
88524,0
88525,1
88526,2
88527,2
88528,2
88529,2
88530,1
88531,1
88532,0
88533,1
88534,2
88535,1
88536,2
88537,1
88538,0
88539,1
88540,1
88541,2
88542,0
88543,0
88544,0
88545,1
88546,0
88547,2
88548,1
88549,0
88550,2
88551,0
88552,2
88553,0
88554,0
88555,1
88556,2
88557,0
88558,1
88559,2
88560,2
88561,0
88562,0
88563,2
88564,2
88565,2
88566,1
88567,2
88568,2
88569,2
88570,1
88571,2
88572,0
88573,0
88574,0
88575,0
88576,2
88577,1
88578,0
88579,1
88580,0
88581,2
88582,2
88583,1
88584,2
88585,1
88586,0
88587,0
88588,2
88589,2
88590,0
88591,0
88592,2
88593,0
88594,0
88595,0
88596,1
88597,0
88598,2
88599,0
88600,0
88601,2
88602,0
88603,0
88604,0
88605,0
88606,0
88607,0
88608,0
88609,0
88610,0
88611,2
88612,2
88613,0
88614,1
88615,1
88616,0
88617,0
88618,0
88619,1
88620,0
88621,1
88622,2
88623,2
88624,2
88625,2
88626,2
88627,0
88628,0
88629,0
88630,0
88631,2
88632,1
88633,0
88634,1
88635,2
88636,0
88637,0
88638,1
88639,2
88640,0
88641,0
88642,0
88643,1
88644,1
88645,2
88646,0
88647,2
88648,2
88649,2
88650,2
88651,2
88652,0
88653,0
88654,0
88655,1
88656,2
88657,2
88658,1
88659,1
88660,2
88661,0
88662,1
88663,2
88664,2
88665,2
88666,1
88667,1
88668,0
88669,1
88670,0
88671,1
88672,2
88673,0
88674,2
88675,1
88676,0
88677,1
88678,2
88679,0
88680,0
88681,0
88682,2
88683,2
88684,0
88685,2
88686,0
88687,2
88688,0
88689,1
88690,1
88691,1
88692,2
88693,0
88694,1
88695,2
88696,2
88697,1
88698,2
88699,2
88700,1
88701,0
88702,0
88703,1
88704,0
88705,2
88706,2
88707,2
88708,2
88709,0
88710,0
88711,2
88712,0
88713,1
88714,0
88715,2
88716,1
88717,0
88718,0
88719,1
88720,0
88721,1
88722,0
88723,1
88724,1
88725,1
88726,2
88727,2
88728,1
88729,2
88730,2
88731,1
88732,0
88733,0
88734,0
88735,1
88736,0
88737,1
88738,1
88739,2
88740,2
88741,2
88742,0
88743,0
88744,2
88745,1
88746,0
88747,0
88748,1
88749,1
88750,0
88751,0
88752,1
88753,0
88754,0
88755,0
88756,0
88757,0
88758,0
88759,1
88760,1
88761,0
88762,2
88763,1
88764,1
88765,1
88766,1
88767,0
88768,1
88769,2
88770,1
88771,2
88772,0
88773,0
88774,2
88775,0
88776,2
88777,1
88778,0
88779,1
88780,2
88781,0
88782,1
88783,2
88784,0
88785,1
88786,1
88787,0
88788,2
88789,1
88790,0
88791,0
88792,2
88793,1
88794,1
88795,2
88796,0
88797,2
88798,2
88799,2
88800,2
88801,1
88802,2
88803,2
88804,2
88805,0
88806,0
88807,0
88808,2
88809,0
88810,1
88811,0
88812,2
88813,1
88814,2
88815,0
88816,2
88817,1
88818,2
88819,1
88820,2
88821,1
88822,2
88823,2
88824,1
88825,0
88826,0
88827,1
88828,2
88829,2
88830,2
88831,2
88832,2
88833,0
88834,1
88835,2
88836,0
88837,2
88838,0
88839,0
88840,2
88841,1
88842,0
88843,2
88844,1
88845,2
88846,1
88847,0
88848,2
88849,2
88850,1
88851,2
88852,1
88853,1
88854,1
88855,1
88856,1
88857,2
88858,1
88859,0
88860,2
88861,1
88862,2
88863,0
88864,2
88865,1
88866,1
88867,2
88868,0
88869,0
88870,0
88871,1
88872,1
88873,0
88874,0
88875,2
88876,0
88877,2
88878,0
88879,1
88880,0
88881,2
88882,0
88883,0
88884,2
88885,1
88886,1
88887,2
88888,0
88889,1
88890,2
88891,0
88892,2
88893,0
88894,0
88895,2
88896,0
88897,0
88898,2
88899,2
88900,0
88901,2
88902,0
88903,1
88904,2
88905,2
88906,2
88907,0
88908,2
88909,0
88910,1
88911,0
88912,1
88913,2
88914,2
88915,0
88916,1
88917,0
88918,0
88919,2
88920,2
88921,2
88922,0
88923,1
88924,2
88925,0
88926,2
88927,2
88928,2
88929,1
88930,2
88931,2
88932,0
88933,0
88934,1
88935,0
88936,1
88937,0
88938,0
88939,2
88940,2
88941,2
88942,2
88943,0
88944,1
88945,0
88946,0
88947,0
88948,0
88949,1
88950,1
88951,0
88952,0
88953,2
88954,2
88955,2
88956,0
88957,1
88958,2
88959,2
88960,2
88961,2
88962,1
88963,0
88964,0
88965,1
88966,0
88967,2
88968,1
88969,0
88970,0
88971,0
88972,2
88973,2
88974,2
88975,0
88976,0
88977,2
88978,0
88979,2
88980,0
88981,1
88982,2
88983,1
88984,0
88985,1
88986,1
88987,1
88988,1
88989,2
88990,1
88991,1
88992,0
88993,2
88994,0
88995,2
88996,2
88997,0
88998,2
88999,2
89000,2
89001,0
89002,2
89003,2
89004,1
89005,2
89006,2
89007,0
89008,0
89009,2
89010,0
89011,0
89012,2
89013,1
89014,0
89015,1
89016,2
89017,0
89018,0
89019,0
89020,0
89021,1
89022,0
89023,1
89024,1
89025,2
89026,0
89027,2
89028,1
89029,2
89030,2
89031,1
89032,2
89033,2
89034,0
89035,0
89036,0
89037,2
89038,0
89039,0
89040,0
89041,1
89042,2
89043,2
89044,1
89045,2
89046,0
89047,1
89048,0
89049,0
89050,2
89051,2
89052,1
89053,0
89054,0
89055,0
89056,0
89057,1
89058,0
89059,2
89060,2
89061,2
89062,0
89063,2
89064,2
89065,2
89066,2
89067,1
89068,0
89069,2
89070,0
89071,0
89072,0
89073,0
89074,1
89075,1
89076,0
89077,2
89078,1
89079,0
89080,0
89081,0
89082,2
89083,2
89084,2
89085,1
89086,0
89087,2
89088,2
89089,0
89090,1
89091,0
89092,0
89093,2
89094,1
89095,2
89096,0
89097,1
89098,0
89099,2
89100,2
89101,0
89102,1
89103,2
89104,0
89105,1
89106,1
89107,0
89108,2
89109,0
89110,2
89111,2
89112,1
89113,2
89114,2
89115,0
89116,2
89117,2
89118,0
89119,2
89120,1
89121,2
89122,2
89123,1
89124,2
89125,1
89126,2
89127,1
89128,2
89129,0
89130,1
89131,0
89132,1
89133,1
89134,2
89135,1
89136,2
89137,0
89138,1
89139,1
89140,0
89141,2
89142,2
89143,0
89144,0
89145,2
89146,1
89147,0
89148,1
89149,0
89150,0
89151,0
89152,0
89153,1
89154,1
89155,1
89156,0
89157,1
89158,2
89159,2
89160,1
89161,0
89162,2
89163,1
89164,0
89165,0
89166,1
89167,2
89168,1
89169,0
89170,0
89171,2
89172,0
89173,2
89174,1
89175,0
89176,1
89177,0
89178,1
89179,2
89180,0
89181,0
89182,0
89183,0
89184,0
89185,2
89186,1
89187,0
89188,2
89189,1
89190,2
89191,2
89192,2
89193,1
89194,0
89195,0
89196,0
89197,0
89198,2
89199,0
89200,2
89201,1
89202,0
89203,1
89204,0
89205,0
89206,2
89207,2
89208,2
89209,2
89210,0
89211,1
89212,2
89213,2
89214,1
89215,0
89216,1
89217,1
89218,0
89219,1
89220,2
89221,0
89222,1
89223,0
89224,2
89225,0
89226,1
89227,2
89228,1
89229,2
89230,0
89231,2
89232,2
89233,2
89234,2
89235,0
89236,1
89237,1
89238,2
89239,2
89240,0
89241,0
89242,2
89243,2
89244,2
89245,2
89246,1
89247,2
89248,0
89249,1
89250,0
89251,2
89252,0
89253,2
89254,0
89255,1
89256,0
89257,2
89258,0
89259,0
89260,1
89261,1
89262,2
89263,2
89264,2
89265,1
89266,0
89267,0
89268,2
89269,2
89270,2
89271,2
89272,0
89273,0
89274,2
89275,1
89276,1
89277,0
89278,0
89279,0
89280,1
89281,1
89282,2
89283,2
89284,2
89285,2
89286,2
89287,1
89288,0
89289,2
89290,0
89291,1
89292,2
89293,0
89294,2
89295,2
89296,1
89297,2
89298,0
89299,0
89300,2
89301,0
89302,1
89303,1
89304,1
89305,1
89306,1
89307,0
89308,2
89309,2
89310,1
89311,1
89312,2
89313,1
89314,0
89315,2
89316,0
89317,2
89318,2
89319,2
89320,2
89321,0
89322,0
89323,0
89324,0
89325,0
89326,2
89327,0
89328,0
89329,0
89330,2
89331,1
89332,0
89333,2
89334,2
89335,1
89336,2
89337,1
89338,2
89339,0
89340,1
89341,2
89342,0
89343,0
89344,2
89345,1
89346,1
89347,1
89348,0
89349,0
89350,1
89351,1
89352,2
89353,0
89354,2
89355,1
89356,1
89357,1
89358,1
89359,2
89360,1
89361,1
89362,2
89363,2
89364,0
89365,0
89366,2
89367,2
89368,0
89369,2
89370,1
89371,0
89372,1
89373,2
89374,1
89375,2
89376,1
89377,0
89378,0
89379,0
89380,0
89381,0
89382,2
89383,2
89384,1
89385,0
89386,2
89387,0
89388,2
89389,0
89390,1
89391,2
89392,2
89393,0
89394,0
89395,0
89396,0
89397,0
89398,0
89399,0
89400,1
89401,2
89402,1
89403,2
89404,2
89405,1
89406,0
89407,0
89408,1
89409,0
89410,0
89411,1
89412,0
89413,1
89414,0
89415,2
89416,1
89417,2
89418,0
89419,0
89420,0
89421,2
89422,1
89423,0
89424,2
89425,2
89426,1
89427,2
89428,0
89429,1
89430,1
89431,1
89432,0
89433,1
89434,2
89435,0
89436,0
89437,1
89438,2
89439,1
89440,2
89441,2
89442,0
89443,1
89444,2
89445,2
89446,0
89447,2
89448,2
89449,0
89450,0
89451,1
89452,2
89453,1
89454,2
89455,2
89456,0
89457,2
89458,0
89459,0
89460,0
89461,2
89462,2
89463,1
89464,1
89465,2
89466,0
89467,0
89468,2
89469,0
89470,0
89471,2
89472,2
89473,0
89474,2
89475,0
89476,2
89477,2
89478,0
89479,1
89480,1
89481,2
89482,2
89483,0
89484,2
89485,2
89486,1
89487,0
89488,2
89489,1
89490,0
89491,0
89492,2
89493,2
89494,1
89495,2
89496,1
89497,2
89498,2
89499,0
89500,0
89501,1
89502,2
89503,0
89504,0
89505,1
89506,0
89507,2
89508,0
89509,0
89510,0
89511,0
89512,1
89513,0
89514,0
89515,2
89516,0
89517,0
89518,0
89519,2
89520,2
89521,1
89522,2
89523,1
89524,1
89525,2
89526,2
89527,2
89528,2
89529,2
89530,0
89531,2
89532,1
89533,1
89534,2
89535,0
89536,1
89537,1
89538,1
89539,1
89540,0
89541,2
89542,1
89543,2
89544,0
89545,2
89546,0
89547,0
89548,2
89549,2
89550,0
89551,2
89552,0
89553,1
89554,2
89555,0
89556,0
89557,0
89558,2
89559,1
89560,0
89561,0
89562,0
89563,0
89564,1
89565,1
89566,1
89567,2
89568,2
89569,0
89570,1
89571,0
89572,2
89573,2
89574,0
89575,1
89576,1
89577,0
89578,2
89579,2
89580,2
89581,0
89582,0
89583,1
89584,2
89585,0
89586,0
89587,2
89588,1
89589,2
89590,2
89591,2
89592,0
89593,0
89594,0
89595,1
89596,0
89597,1
89598,1
89599,2
89600,1
89601,2
89602,0
89603,1
89604,2
89605,0
89606,2
89607,2
89608,1
89609,1
89610,1
89611,0
89612,2
89613,2
89614,2
89615,1
89616,0
89617,2
89618,2
89619,0
89620,2
89621,0
89622,2
89623,0
89624,0
89625,1
89626,2
89627,2
89628,0
89629,2
89630,0
89631,2
89632,0
89633,2
89634,0
89635,1
89636,2
89637,2
89638,2
89639,0
89640,2
89641,2
89642,2
89643,1
89644,1
89645,0
89646,2
89647,2
89648,2
89649,1
89650,2
89651,2
89652,1
89653,0
89654,1
89655,2
89656,0
89657,0
89658,1
89659,2
89660,0
89661,0
89662,1
89663,2
89664,2
89665,2
89666,0
89667,0
89668,2
89669,0
89670,0
89671,2
89672,2
89673,2
89674,1
89675,0
89676,0
89677,0
89678,1
89679,0
89680,0
89681,0
89682,0
89683,2
89684,0
89685,1
89686,0
89687,0
89688,0
89689,2
89690,2
89691,0
89692,2
89693,1
89694,1
89695,0
89696,1
89697,1
89698,0
89699,2
89700,0
89701,1
89702,2
89703,1
89704,2
89705,2
89706,2
89707,0
89708,2
89709,2
89710,1
89711,1
89712,1
89713,0
89714,0
89715,0
89716,2
89717,2
89718,1
89719,0
89720,1
89721,2
89722,1
89723,2
89724,0
89725,0
89726,2
89727,1
89728,0
89729,0
89730,0
89731,2
89732,2
89733,0
89734,0
89735,1
89736,2
89737,1
89738,2
89739,1
89740,0
89741,1
89742,2
89743,1
89744,0
89745,1
89746,2
89747,2
89748,2
89749,2
89750,0
89751,0
89752,0
89753,2
89754,2
89755,0
89756,0
89757,2
89758,1
89759,2
89760,2
89761,1
89762,0
89763,1
89764,1
89765,0
89766,2
89767,0
89768,2
89769,1
89770,0
89771,0
89772,2
89773,2
89774,2
89775,1
89776,0
89777,1
89778,1
89779,2
89780,2
89781,1
89782,1
89783,0
89784,2
89785,1
89786,0
89787,2
89788,1
89789,1
89790,0
89791,1
89792,2
89793,2
89794,0
89795,1
89796,0
89797,2
89798,2
89799,0
89800,1
89801,2
89802,0
89803,0
89804,1
89805,0
89806,0
89807,2
89808,0
89809,0
89810,1
89811,2
89812,1
89813,1
89814,1
89815,2
89816,2
89817,2
89818,1
89819,2
89820,0
89821,2
89822,2
89823,2
89824,2
89825,0
89826,0
89827,1
89828,1
89829,0
89830,2
89831,0
89832,2
89833,1
89834,1
89835,0
89836,0
89837,1
89838,0
89839,2
89840,0
89841,2
89842,2
89843,2
89844,0
89845,1
89846,2
89847,0
89848,0
89849,2
89850,0
89851,0
89852,0
89853,0
89854,2
89855,2
89856,0
89857,2
89858,2
89859,0
89860,0
89861,0
89862,2
89863,2
89864,2
89865,1
89866,0
89867,1
89868,2
89869,0
89870,1
89871,1
89872,2
89873,2
89874,1
89875,2
89876,2
89877,2
89878,1
89879,0
89880,0
89881,0
89882,0
89883,0
89884,0
89885,2
89886,0
89887,0
89888,0
89889,1
89890,0
89891,2
89892,1
89893,2
89894,1
89895,0
89896,2
89897,0
89898,1
89899,2
89900,0
89901,0
89902,2
89903,0
89904,1
89905,0
89906,2
89907,2
89908,2
89909,1
89910,2
89911,2
89912,0
89913,2
89914,0
89915,0
89916,0
89917,0
89918,0
89919,2
89920,1
89921,0
89922,2
89923,1
89924,2
89925,2
89926,0
89927,2
89928,2
89929,0
89930,2
89931,0
89932,0
89933,2
89934,0
89935,2
89936,1
89937,0
89938,2
89939,2
89940,2
89941,0
89942,2
89943,0
89944,2
89945,0
89946,1
89947,0
89948,2
89949,1
89950,0
89951,0
89952,0
89953,0
89954,2
89955,0
89956,0
89957,2
89958,2
89959,1
89960,0
89961,2
89962,0
89963,2
89964,1
89965,0
89966,2
89967,0
89968,1
89969,2
89970,0
89971,0
89972,2
89973,1
89974,1
89975,1
89976,2
89977,0
89978,0
89979,0
89980,2
89981,1
89982,2
89983,2
89984,1
89985,0
89986,2
89987,2
89988,1
89989,2
89990,2
89991,0
89992,2
89993,2
89994,0
89995,0
89996,1
89997,2
89998,1
89999,0
90000,2
90001,0
90002,0
90003,2
90004,1
90005,2
90006,2
90007,0
90008,0
90009,0
90010,2
90011,0
90012,0
90013,2
90014,0
90015,0
90016,0
90017,2
90018,0
90019,0
90020,0
90021,1
90022,0
90023,1
90024,2
90025,1
90026,1
90027,2
90028,0
90029,2
90030,0
90031,1
90032,1
90033,1
90034,0
90035,2
90036,0
90037,2
90038,2
90039,0
90040,0
90041,1
90042,1
90043,2
90044,2
90045,0
90046,1
90047,1
90048,2
90049,2
90050,2
90051,0
90052,2
90053,2
90054,1
90055,0
90056,0
90057,2
90058,0
90059,0
90060,0
90061,2
90062,0
90063,0
90064,1
90065,0
90066,2
90067,2
90068,0
90069,0
90070,0
90071,0
90072,2
90073,1
90074,1
90075,2
90076,1
90077,0
90078,2
90079,1
90080,0
90081,0
90082,0
90083,1
90084,0
90085,1
90086,0
90087,0
90088,0
90089,0
90090,2
90091,0
90092,0
90093,0
90094,2
90095,2
90096,2
90097,2
90098,1
90099,2
90100,2
90101,2
90102,2
90103,1
90104,1
90105,2
90106,2
90107,2
90108,0
90109,2
90110,2
90111,0
90112,2
90113,0
90114,0
90115,2
90116,0
90117,1
90118,1
90119,1
90120,0
90121,0
90122,1
90123,0
90124,0
90125,2
90126,0
90127,0
90128,1
90129,0
90130,1
90131,0
90132,2
90133,0
90134,0
90135,1
90136,0
90137,1
90138,0
90139,2
90140,1
90141,1
90142,1
90143,1
90144,1
90145,2
90146,1
90147,0
90148,0
90149,2
90150,2
90151,2
90152,0
90153,2
90154,0
90155,2
90156,2
90157,2
90158,2
90159,1
90160,0
90161,1
90162,0
90163,2
90164,2
90165,1
90166,1
90167,0
90168,0
90169,2
90170,0
90171,2
90172,2
90173,2
90174,2
90175,1
90176,1
90177,1
90178,0
90179,2
90180,1
90181,1
90182,2
90183,1
90184,0
90185,0
90186,2
90187,0
90188,1
90189,2
90190,1
90191,0
90192,0
90193,1
90194,0
90195,1
90196,0
90197,2
90198,1
90199,0
90200,2
90201,0
90202,0
90203,2
90204,0
90205,0
90206,0
90207,2
90208,0
90209,0
90210,0
90211,1
90212,0
90213,2
90214,2
90215,1
90216,0
90217,2
90218,0
90219,2
90220,1
90221,1
90222,2
90223,2
90224,2
90225,2
90226,0
90227,1
90228,0
90229,0
90230,1
90231,2
90232,1
90233,0
90234,2
90235,0
90236,0
90237,1
90238,2
90239,2
90240,0
90241,0
90242,2
90243,0
90244,2
90245,1
90246,2
90247,0
90248,0
90249,0
90250,2
90251,0
90252,2
90253,2
90254,0
90255,1
90256,0
90257,2
90258,2
90259,2
90260,2
90261,2
90262,2
90263,2
90264,2
90265,2
90266,0
90267,1
90268,2
90269,2
90270,2
90271,2
90272,2
90273,0
90274,0
90275,1
90276,0
90277,1
90278,2
90279,2
90280,1
90281,2
90282,2
90283,2
90284,1
90285,1
90286,0
90287,0
90288,2
90289,2
90290,0
90291,0
90292,2
90293,0
90294,2
90295,1
90296,0
90297,0
90298,0
90299,1
90300,2
90301,0
90302,0
90303,1
90304,0
90305,0
90306,2
90307,0
90308,0
90309,1
90310,1
90311,0
90312,2
90313,2
90314,0
90315,2
90316,2
90317,0
90318,2
90319,2
90320,0
90321,1
90322,0
90323,0
90324,2
90325,2
90326,2
90327,1
90328,1
90329,2
90330,1
90331,0
90332,0
90333,0
90334,0
90335,0
90336,0
90337,2
90338,2
90339,2
90340,0
90341,0
90342,2
90343,0
90344,0
90345,2
90346,0
90347,1
90348,2
90349,2
90350,2
90351,2
90352,1
90353,1
90354,0
90355,0
90356,2
90357,2
90358,0
90359,2
90360,2
90361,2
90362,2
90363,0
90364,1
90365,0
90366,2
90367,0
90368,1
90369,0
90370,2
90371,0
90372,0
90373,1
90374,2
90375,0
90376,1
90377,2
90378,0
90379,0
90380,0
90381,2
90382,1
90383,2
90384,2
90385,0
90386,0
90387,0
90388,0
90389,2
90390,0
90391,2
90392,0
90393,0
90394,0
90395,0
90396,0
90397,0
90398,2
90399,2
90400,2
90401,2
90402,2
90403,0
90404,2
90405,2
90406,0
90407,2
90408,1
90409,2
90410,2
90411,1
90412,2
90413,1
90414,2
90415,2
90416,1
90417,0
90418,2
90419,0
90420,0
90421,1
90422,0
90423,0
90424,1
90425,0
90426,2
90427,1
90428,0
90429,0
90430,2
90431,0
90432,0
90433,1
90434,2
90435,1
90436,2
90437,2
90438,2
90439,1
90440,2
90441,0
90442,0
90443,1
90444,0
90445,2
90446,2
90447,1
90448,2
90449,0
90450,1
90451,2
90452,0
90453,0
90454,0
90455,0
90456,0
90457,0
90458,0
90459,0
90460,0
90461,0
90462,0
90463,2
90464,0
90465,1
90466,0
90467,2
90468,0
90469,2
90470,0
90471,2
90472,0
90473,1
90474,0
90475,2
90476,0
90477,0
90478,0
90479,0
90480,1
90481,0
90482,2
90483,0
90484,0
90485,2
90486,2
90487,0
90488,0
90489,2
90490,2
90491,0
90492,0
90493,2
90494,2
90495,1
90496,0
90497,2
90498,2
90499,0
90500,2
90501,1
90502,1
90503,2
90504,0
90505,0
90506,0
90507,0
90508,0
90509,2
90510,0
90511,0
90512,0
90513,2
90514,2
90515,2
90516,1
90517,2
90518,1
90519,2
90520,0
90521,2
90522,1
90523,1
90524,2
90525,0
90526,2
90527,0
90528,0
90529,0
90530,1
90531,0
90532,2
90533,2
90534,1
90535,1
90536,2
90537,2
90538,0
90539,0
90540,2
90541,0
90542,0
90543,0
90544,2
90545,2
90546,2
90547,0
90548,0
90549,1
90550,0
90551,1
90552,2
90553,2
90554,2
90555,2
90556,2
90557,0
90558,2
90559,1
90560,0
90561,2
90562,0
90563,0
90564,2
90565,0
90566,2
90567,0
90568,0
90569,0
90570,2
90571,2
90572,1
90573,0
90574,2
90575,0
90576,1
90577,2
90578,2
90579,2
90580,2
90581,0
90582,2
90583,0
90584,1
90585,1
90586,2
90587,0
90588,1
90589,0
90590,2
90591,0
90592,1
90593,2
90594,0
90595,1
90596,2
90597,1
90598,1
90599,1
90600,1
90601,2
90602,0
90603,0
90604,1
90605,2
90606,0
90607,0
90608,2
90609,0
90610,1
90611,1
90612,2
90613,1
90614,2
90615,1
90616,0
90617,1
90618,0
90619,2
90620,2
90621,2
90622,0
90623,0
90624,0
90625,2
90626,1
90627,0
90628,2
90629,0
90630,1
90631,0
90632,2
90633,1
90634,0
90635,1
90636,0
90637,0
90638,0
90639,2
90640,1
90641,2
90642,1
90643,0
90644,1
90645,0
90646,1
90647,1
90648,0
90649,0
90650,0
90651,0
90652,2
90653,2
90654,0
90655,2
90656,0
90657,0
90658,2
90659,2
90660,2
90661,2
90662,2
90663,0
90664,0
90665,1
90666,2
90667,1
90668,0
90669,1
90670,1
90671,2
90672,0
90673,2
90674,0
90675,0
90676,2
90677,0
90678,2
90679,0
90680,1
90681,2
90682,1
90683,2
90684,2
90685,0
90686,0
90687,0
90688,0
90689,2
90690,0
90691,0
90692,0
90693,2
90694,2
90695,2
90696,0
90697,0
90698,1
90699,2
90700,0
90701,0
90702,0
90703,1
90704,1
90705,2
90706,2
90707,0
90708,2
90709,0
90710,1
90711,2
90712,1
90713,2
90714,2
90715,0
90716,2
90717,1
90718,1
90719,0
90720,2
90721,0
90722,0
90723,0
90724,2
90725,2
90726,2
90727,1
90728,0
90729,2
90730,0
90731,2
90732,2
90733,2
90734,0
90735,2
90736,2
90737,0
90738,0
90739,1
90740,2
90741,2
90742,2
90743,1
90744,2
90745,2
90746,0
90747,2
90748,2
90749,1
90750,1
90751,2
90752,2
90753,0
90754,2
90755,2
90756,0
90757,0
90758,2
90759,1
90760,0
90761,2
90762,2
90763,2
90764,1
90765,1
90766,1
90767,2
90768,2
90769,0
90770,1
90771,0
90772,2
90773,0
90774,2
90775,0
90776,2
90777,0
90778,2
90779,1
90780,2
90781,2
90782,2
90783,2
90784,2
90785,1
90786,2
90787,1
90788,0
90789,2
90790,2
90791,0
90792,1
90793,0
90794,0
90795,0
90796,2
90797,2
90798,0
90799,1
90800,0
90801,2
90802,0
90803,0
90804,0
90805,0
90806,1
90807,0
90808,0
90809,0
90810,2
90811,1
90812,1
90813,2
90814,2
90815,0
90816,0
90817,2
90818,1
90819,0
90820,2
90821,2
90822,2
90823,1
90824,1
90825,2
90826,0
90827,0
90828,2
90829,2
90830,0
90831,2
90832,0
90833,0
90834,1
90835,0
90836,1
90837,0
90838,1
90839,0
90840,2
90841,2
90842,2
90843,0
90844,1
90845,0
90846,2
90847,1
90848,1
90849,1
90850,0
90851,2
90852,0
90853,2
90854,2
90855,1
90856,2
90857,2
90858,0
90859,0
90860,1
90861,1
90862,0
90863,0
90864,2
90865,1
90866,2
90867,2
90868,2
90869,2
90870,1
90871,1
90872,1
90873,2
90874,2
90875,2
90876,1
90877,0
90878,1
90879,2
90880,1
90881,0
90882,0
90883,0
90884,0
90885,1
90886,0
90887,2
90888,0
90889,0
90890,1
90891,1
90892,1
90893,2
90894,2
90895,1
90896,0
90897,2
90898,2
90899,2
90900,2
90901,0
90902,2
90903,0
90904,1
90905,1
90906,2
90907,1
90908,1
90909,1
90910,2
90911,2
90912,0
90913,0
90914,0
90915,2
90916,2
90917,1
90918,0
90919,0
90920,0
90921,2
90922,2
90923,0
90924,2
90925,0
90926,2
90927,0
90928,0
90929,0
90930,0
90931,2
90932,2
90933,0
90934,1
90935,2
90936,0
90937,2
90938,0
90939,0
90940,1
90941,0
90942,0
90943,2
90944,0
90945,0
90946,1
90947,2
90948,0
90949,0
90950,0
90951,1
90952,2
90953,0
90954,0
90955,2
90956,2
90957,2
90958,0
90959,2
90960,2
90961,2
90962,0
90963,0
90964,0
90965,0
90966,2
90967,2
90968,2
90969,2
90970,0
90971,0
90972,0
90973,2
90974,2
90975,2
90976,1
90977,2
90978,1
90979,1
90980,1
90981,1
90982,0
90983,2
90984,2
90985,0
90986,0
90987,1
90988,0
90989,0
90990,1
90991,0
90992,2
90993,0
90994,2
90995,1
90996,2
90997,0
90998,0
90999,0
91000,2
91001,2
91002,1
91003,1
91004,1
91005,0
91006,2
91007,2
91008,0
91009,1
91010,0
91011,2
91012,0
91013,0
91014,2
91015,0
91016,0
91017,1
91018,1
91019,2
91020,2
91021,2
91022,1
91023,0
91024,0
91025,2
91026,2
91027,0
91028,1
91029,1
91030,0
91031,1
91032,0
91033,2
91034,2
91035,0
91036,0
91037,0
91038,1
91039,2
91040,0
91041,2
91042,1
91043,1
91044,1
91045,0
91046,0
91047,2
91048,2
91049,0
91050,2
91051,2
91052,1
91053,0
91054,2
91055,2
91056,0
91057,2
91058,2
91059,0
91060,1
91061,0
91062,0
91063,1
91064,2
91065,2
91066,0
91067,2
91068,0
91069,0
91070,1
91071,0
91072,2
91073,2
91074,0
91075,1
91076,0
91077,1
91078,0
91079,1
91080,1
91081,2
91082,2
91083,2
91084,2
91085,0
91086,1
91087,0
91088,0
91089,1
91090,0
91091,0
91092,0
91093,2
91094,2
91095,0
91096,1
91097,1
91098,1
91099,0
91100,2
91101,0
91102,0
91103,1
91104,2
91105,1
91106,0
91107,2
91108,0
91109,1
91110,2
91111,0
91112,0
91113,0
91114,0
91115,2
91116,1
91117,2
91118,0
91119,0
91120,0
91121,0
91122,0
91123,1
91124,2
91125,0
91126,2
91127,2
91128,2
91129,0
91130,0
91131,0
91132,1
91133,1
91134,0
91135,0
91136,0
91137,0
91138,0
91139,2
91140,0
91141,1
91142,1
91143,0
91144,2
91145,2
91146,2
91147,0
91148,1
91149,1
91150,1
91151,0
91152,0
91153,2
91154,0
91155,1
91156,2
91157,0
91158,0
91159,1
91160,2
91161,0
91162,2
91163,0
91164,1
91165,0
91166,0
91167,0
91168,0
91169,2
91170,2
91171,0
91172,0
91173,0
91174,2
91175,2
91176,1
91177,1
91178,2
91179,0
91180,0
91181,0
91182,0
91183,2
91184,1
91185,2
91186,1
91187,2
91188,1
91189,0
91190,1
91191,2
91192,2
91193,1
91194,1
91195,0
91196,2
91197,2
91198,1
91199,0
91200,0
91201,1
91202,0
91203,2
91204,2
91205,2
91206,0
91207,2
91208,0
91209,2
91210,2
91211,1
91212,2
91213,1
91214,0
91215,2
91216,1
91217,1
91218,2
91219,0
91220,1
91221,0
91222,1
91223,2
91224,0
91225,0
91226,1
91227,2
91228,2
91229,1
91230,0
91231,1
91232,2
91233,2
91234,1
91235,2
91236,0
91237,1
91238,1
91239,2
91240,1
91241,1
91242,1
91243,1
91244,2
91245,0
91246,0
91247,2
91248,2
91249,2
91250,2
91251,2
91252,2
91253,1
91254,0
91255,1
91256,2
91257,2
91258,0
91259,2
91260,1
91261,0
91262,2
91263,1
91264,2
91265,2
91266,2
91267,1
91268,2
91269,0
91270,2
91271,2
91272,2
91273,1
91274,0
91275,2
91276,0
91277,1
91278,2
91279,1
91280,2
91281,2
91282,0
91283,2
91284,2
91285,0
91286,0
91287,1
91288,1
91289,0
91290,2
91291,2
91292,2
91293,2
91294,0
91295,1
91296,0
91297,2
91298,0
91299,0
91300,2
91301,2
91302,2
91303,1
91304,0
91305,0
91306,2
91307,2
91308,2
91309,1
91310,0
91311,1
91312,1
91313,0
91314,0
91315,2
91316,1
91317,0
91318,2
91319,2
91320,0
91321,2
91322,2
91323,1
91324,1
91325,2
91326,2
91327,1
91328,0
91329,1
91330,1
91331,2
91332,2
91333,1
91334,0
91335,2
91336,1
91337,2
91338,1
91339,0
91340,1
91341,2
91342,0
91343,0
91344,0
91345,0
91346,0
91347,0
91348,1
91349,1
91350,0
91351,1
91352,1
91353,0
91354,2
91355,2
91356,1
91357,0
91358,2
91359,0
91360,1
91361,0
91362,0
91363,1
91364,0
91365,2
91366,1
91367,0
91368,1
91369,0
91370,1
91371,1
91372,0
91373,1
91374,0
91375,0
91376,0
91377,1
91378,0
91379,1
91380,1
91381,2
91382,2
91383,2
91384,2
91385,1
91386,0
91387,0
91388,2
91389,1
91390,0
91391,1
91392,0
91393,1
91394,0
91395,2
91396,1
91397,2
91398,1
91399,1
91400,0
91401,0
91402,0
91403,0
91404,2
91405,2
91406,1
91407,1
91408,0
91409,0
91410,0
91411,0
91412,1
91413,0
91414,0
91415,0
91416,1
91417,0
91418,1
91419,1
91420,2
91421,2
91422,1
91423,0
91424,0
91425,0
91426,2
91427,1
91428,0
91429,1
91430,1
91431,2
91432,2
91433,0
91434,0
91435,2
91436,2
91437,2
91438,2
91439,0
91440,0
91441,2
91442,0
91443,0
91444,1
91445,1
91446,0
91447,2
91448,2
91449,2
91450,2
91451,0
91452,1
91453,0
91454,2
91455,2
91456,2
91457,0
91458,0
91459,2
91460,1
91461,2
91462,0
91463,2
91464,2
91465,1
91466,0
91467,2
91468,0
91469,0
91470,1
91471,2
91472,2
91473,2
91474,0
91475,2
91476,2
91477,0
91478,2
91479,1
91480,1
91481,1
91482,2
91483,0
91484,1
91485,2
91486,1
91487,2
91488,1
91489,0
91490,2
91491,0
91492,0
91493,2
91494,1
91495,1
91496,1
91497,2
91498,2
91499,2
91500,2
91501,0
91502,1
91503,0
91504,2
91505,1
91506,0
91507,0
91508,2
91509,0
91510,1
91511,2
91512,2
91513,0
91514,1
91515,0
91516,0
91517,2
91518,1
91519,1
91520,2
91521,1
91522,2
91523,0
91524,1
91525,0
91526,0
91527,0
91528,0
91529,0
91530,0
91531,0
91532,0
91533,2
91534,0
91535,2
91536,2
91537,1
91538,0
91539,0
91540,0
91541,1
91542,2
91543,1
91544,1
91545,1
91546,2
91547,1
91548,1
91549,2
91550,2
91551,1
91552,0
91553,0
91554,0
91555,0
91556,0
91557,2
91558,0
91559,2
91560,2
91561,2
91562,0
91563,1
91564,2
91565,2
91566,1
91567,1
91568,2
91569,1
91570,2
91571,2
91572,2
91573,0
91574,2
91575,1
91576,0
91577,2
91578,2
91579,0
91580,2
91581,0
91582,2
91583,0
91584,2
91585,2
91586,0
91587,2
91588,0
91589,2
91590,0
91591,2
91592,2
91593,0
91594,0
91595,2
91596,2
91597,2
91598,2
91599,1
91600,0
91601,1
91602,1
91603,2
91604,0
91605,0
91606,1
91607,1
91608,2
91609,0
91610,0
91611,0
91612,0
91613,2
91614,2
91615,0
91616,0
91617,0
91618,2
91619,1
91620,1
91621,2
91622,1
91623,2
91624,0
91625,2
91626,1
91627,0
91628,1
91629,0
91630,0
91631,1
91632,0
91633,1
91634,0
91635,0
91636,0
91637,0
91638,0
91639,2
91640,0
91641,2
91642,0
91643,0
91644,2
91645,2
91646,1
91647,0
91648,2
91649,2
91650,1
91651,0
91652,1
91653,0
91654,0
91655,0
91656,0
91657,1
91658,2
91659,0
91660,0
91661,2
91662,0
91663,1
91664,0
91665,2
91666,2
91667,1
91668,2
91669,0
91670,2
91671,0
91672,2
91673,0
91674,1
91675,0
91676,2
91677,2
91678,0
91679,1
91680,1
91681,0
91682,2
91683,1
91684,1
91685,0
91686,0
91687,0
91688,0
91689,1
91690,2
91691,0
91692,2
91693,2
91694,0
91695,0
91696,1
91697,2
91698,0
91699,2
91700,0
91701,0
91702,1
91703,2
91704,0
91705,2
91706,2
91707,2
91708,0
91709,0
91710,0
91711,0
91712,2
91713,2
91714,0
91715,2
91716,0
91717,0
91718,0
91719,1
91720,2
91721,2
91722,2
91723,2
91724,0
91725,0
91726,2
91727,2
91728,2
91729,0
91730,2
91731,0
91732,0
91733,1
91734,2
91735,2
91736,2
91737,0
91738,1
91739,2
91740,2
91741,2
91742,0
91743,2
91744,2
91745,1
91746,2
91747,2
91748,0
91749,0
91750,0
91751,2
91752,2
91753,2
91754,1
91755,0
91756,2
91757,0
91758,0
91759,0
91760,0
91761,2
91762,2
91763,1
91764,0
91765,2
91766,2
91767,1
91768,1
91769,2
91770,1
91771,0
91772,2
91773,2
91774,0
91775,1
91776,2
91777,2
91778,1
91779,2
91780,1
91781,1
91782,2
91783,2
91784,0
91785,0
91786,1
91787,0
91788,1
91789,1
91790,1
91791,2
91792,0
91793,0
91794,0
91795,2
91796,0
91797,0
91798,2
91799,1
91800,0
91801,1
91802,2
91803,0
91804,1
91805,1
91806,1
91807,0
91808,0
91809,0
91810,1
91811,0
91812,0
91813,1
91814,0
91815,1
91816,0
91817,2
91818,1
91819,0
91820,1
91821,0
91822,1
91823,2
91824,0
91825,1
91826,2
91827,1
91828,1
91829,0
91830,1
91831,2
91832,0
91833,0
91834,2
91835,0
91836,1
91837,0
91838,0
91839,2
91840,2
91841,2
91842,0
91843,0
91844,1
91845,2
91846,1
91847,1
91848,1
91849,0
91850,0
91851,2
91852,0
91853,2
91854,2
91855,0
91856,2
91857,0
91858,1
91859,0
91860,1
91861,2
91862,1
91863,2
91864,0
91865,2
91866,2
91867,2
91868,0
91869,2
91870,2
91871,2
91872,2
91873,0
91874,2
91875,2
91876,2
91877,2
91878,0
91879,0
91880,0
91881,1
91882,2
91883,2
91884,0
91885,2
91886,2
91887,0
91888,2
91889,2
91890,2
91891,2
91892,0
91893,1
91894,1
91895,2
91896,0
91897,1
91898,2
91899,0
91900,1
91901,2
91902,0
91903,0
91904,2
91905,0
91906,0
91907,0
91908,2
91909,0
91910,1
91911,2
91912,0
91913,0
91914,1
91915,0
91916,2
91917,2
91918,1
91919,1
91920,2
91921,2
91922,2
91923,0
91924,2
91925,1
91926,1
91927,2
91928,1
91929,2
91930,1
91931,2
91932,2
91933,0
91934,2
91935,2
91936,0
91937,0
91938,2
91939,1
91940,0
91941,0
91942,0
91943,0
91944,0
91945,0
91946,0
91947,1
91948,2
91949,0
91950,2
91951,0
91952,1
91953,2
91954,0
91955,0
91956,1
91957,1
91958,0
91959,0
91960,2
91961,0
91962,0
91963,1
91964,2
91965,1
91966,0
91967,0
91968,0
91969,0
91970,0
91971,0
91972,0
91973,2
91974,1
91975,2
91976,2
91977,0
91978,0
91979,0
91980,0
91981,2
91982,0
91983,2
91984,1
91985,2
91986,2
91987,0
91988,0
91989,0
91990,2
91991,0
91992,1
91993,0
91994,1
91995,0
91996,0
91997,1
91998,2
91999,0
92000,2
92001,2
92002,1
92003,2
92004,0
92005,0
92006,2
92007,2
92008,0
92009,1
92010,0
92011,2
92012,0
92013,2
92014,2
92015,1
92016,1
92017,1
92018,2
92019,0
92020,0
92021,2
92022,0
92023,0
92024,0
92025,0
92026,1
92027,0
92028,0
92029,1
92030,1
92031,2
92032,2
92033,1
92034,0
92035,1
92036,2
92037,1
92038,0
92039,2
92040,2
92041,0
92042,2
92043,1
92044,1
92045,0
92046,2
92047,0
92048,0
92049,0
92050,2
92051,0
92052,0
92053,2
92054,1
92055,2
92056,2
92057,2
92058,2
92059,2
92060,0
92061,0
92062,1
92063,2
92064,2
92065,1
92066,0
92067,2
92068,2
92069,2
92070,1
92071,2
92072,0
92073,2
92074,1
92075,2
92076,2
92077,0
92078,0
92079,2
92080,1
92081,1
92082,2
92083,2
92084,0
92085,0
92086,0
92087,2
92088,0
92089,1
92090,2
92091,0
92092,1
92093,0
92094,2
92095,1
92096,0
92097,2
92098,2
92099,0
92100,2
92101,2
92102,2
92103,0
92104,0
92105,0
92106,1
92107,1
92108,2
92109,1
92110,2
92111,0
92112,2
92113,0
92114,0
92115,1
92116,0
92117,0
92118,1
92119,2
92120,2
92121,0
92122,2
92123,2
92124,0
92125,2
92126,2
92127,0
92128,0
92129,2
92130,2
92131,0
92132,0
92133,1
92134,2
92135,2
92136,0
92137,1
92138,0
92139,2
92140,1
92141,2
92142,2
92143,0
92144,2
92145,2
92146,0
92147,0
92148,0
92149,1
92150,2
92151,2
92152,2
92153,1
92154,2
92155,1
92156,2
92157,1
92158,0
92159,1
92160,2
92161,0
92162,0
92163,1
92164,0
92165,0
92166,2
92167,2
92168,0
92169,2
92170,2
92171,2
92172,1
92173,1
92174,0
92175,1
92176,1
92177,2
92178,1
92179,0
92180,0
92181,0
92182,0
92183,0
92184,0
92185,0
92186,0
92187,0
92188,2
92189,0
92190,0
92191,1
92192,2
92193,1
92194,2
92195,0
92196,1
92197,1
92198,0
92199,0
92200,2
92201,0
92202,0
92203,0
92204,0
92205,0
92206,2
92207,0
92208,1
92209,2
92210,1
92211,0
92212,2
92213,0
92214,2
92215,2
92216,2
92217,1
92218,1
92219,0
92220,1
92221,0
92222,0
92223,1
92224,0
92225,0
92226,1
92227,0
92228,2
92229,2
92230,0
92231,2
92232,2
92233,0
92234,2
92235,1
92236,0
92237,2
92238,2
92239,2
92240,0
92241,0
92242,1
92243,0
92244,2
92245,2
92246,0
92247,2
92248,0
92249,2
92250,2
92251,0
92252,1
92253,0
92254,0
92255,2
92256,2
92257,1
92258,1
92259,2
92260,1
92261,0
92262,0
92263,0
92264,1
92265,0
92266,2
92267,1
92268,2
92269,0
92270,2
92271,2
92272,2
92273,2
92274,2
92275,2
92276,2
92277,0
92278,1
92279,2
92280,2
92281,2
92282,2
92283,0
92284,2
92285,1
92286,2
92287,1
92288,2
92289,1
92290,0
92291,2
92292,1
92293,2
92294,2
92295,0
92296,0
92297,1
92298,2
92299,0
92300,1
92301,1
92302,0
92303,0
92304,2
92305,2
92306,2
92307,1
92308,0
92309,1
92310,0
92311,0
92312,2
92313,0
92314,0
92315,1
92316,2
92317,1
92318,2
92319,0
92320,0
92321,1
92322,1
92323,0
92324,1
92325,0
92326,0
92327,0
92328,0
92329,0
92330,2
92331,1
92332,0
92333,2
92334,0
92335,0
92336,0
92337,2
92338,0
92339,2
92340,0
92341,0
92342,1
92343,2
92344,2
92345,2
92346,2
92347,0
92348,1
92349,2
92350,0
92351,2
92352,1
92353,0
92354,2
92355,1
92356,0
92357,2
92358,2
92359,0
92360,1
92361,1
92362,1
92363,2
92364,0
92365,0
92366,2
92367,0
92368,0
92369,1
92370,2
92371,2
92372,0
92373,0
92374,0
92375,1
92376,1
92377,0
92378,0
92379,2
92380,0
92381,2
92382,0
92383,0
92384,1
92385,0
92386,1
92387,1
92388,2
92389,2
92390,2
92391,2
92392,0
92393,0
92394,1
92395,0
92396,1
92397,0
92398,0
92399,2
92400,0
92401,0
92402,0
92403,2
92404,0
92405,1
92406,1
92407,0
92408,0
92409,0
92410,0
92411,0
92412,1
92413,0
92414,1
92415,2
92416,0
92417,2
92418,1
92419,0
92420,2
92421,1
92422,2
92423,0
92424,0
92425,1
92426,1
92427,1
92428,1
92429,2
92430,1
92431,2
92432,2
92433,0
92434,2
92435,2
92436,1
92437,1
92438,2
92439,1
92440,1
92441,1
92442,1
92443,0
92444,1
92445,2
92446,0
92447,1
92448,2
92449,1
92450,2
92451,1
92452,1
92453,2
92454,0
92455,0
92456,1
92457,1
92458,2
92459,2
92460,2
92461,0
92462,1
92463,2
92464,0
92465,1
92466,1
92467,2
92468,2
92469,1
92470,0
92471,2
92472,2
92473,2
92474,0
92475,0
92476,0
92477,2
92478,0
92479,2
92480,1
92481,2
92482,0
92483,0
92484,2
92485,0
92486,1
92487,1
92488,0
92489,1
92490,0
92491,1
92492,2
92493,2
92494,0
92495,0
92496,2
92497,0
92498,2
92499,0
92500,0
92501,2
92502,0
92503,2
92504,0
92505,2
92506,2
92507,2
92508,2
92509,2
92510,2
92511,1
92512,1
92513,2
92514,2
92515,2
92516,0
92517,2
92518,2
92519,2
92520,0
92521,1
92522,2
92523,1
92524,2
92525,1
92526,0
92527,0
92528,0
92529,2
92530,2
92531,2
92532,2
92533,0
92534,0
92535,1
92536,2
92537,0
92538,2
92539,0
92540,0
92541,0
92542,0
92543,2
92544,2
92545,2
92546,1
92547,1
92548,1
92549,2
92550,0
92551,1
92552,2
92553,1
92554,1
92555,1
92556,1
92557,2
92558,0
92559,2
92560,2
92561,2
92562,0
92563,0
92564,1
92565,0
92566,2
92567,2
92568,0
92569,2
92570,1
92571,0
92572,2
92573,1
92574,0
92575,1
92576,2
92577,1
92578,1
92579,1
92580,0
92581,1
92582,2
92583,2
92584,0
92585,1
92586,0
92587,2
92588,2
92589,0
92590,1
92591,0
92592,1
92593,0
92594,2
92595,0
92596,1
92597,0
92598,0
92599,2
92600,1
92601,1
92602,2
92603,0
92604,2
92605,0
92606,1
92607,0
92608,0
92609,0
92610,0
92611,1
92612,2
92613,2
92614,1
92615,2
92616,1
92617,0
92618,1
92619,0
92620,2
92621,2
92622,2
92623,0
92624,1
92625,0
92626,0
92627,0
92628,2
92629,1
92630,2
92631,0
92632,1
92633,0
92634,0
92635,2
92636,0
92637,0
92638,0
92639,2
92640,2
92641,1
92642,1
92643,0
92644,0
92645,1
92646,0
92647,0
92648,1
92649,0
92650,0
92651,2
92652,0
92653,2
92654,0
92655,1
92656,0
92657,2
92658,2
92659,0
92660,2
92661,0
92662,2
92663,2
92664,2
92665,1
92666,0
92667,0
92668,0
92669,0
92670,2
92671,0
92672,0
92673,2
92674,0
92675,0
92676,0
92677,0
92678,1
92679,0
92680,0
92681,2
92682,2
92683,2
92684,1
92685,0
92686,0
92687,0
92688,1
92689,0
92690,2
92691,0
92692,0
92693,0
92694,2
92695,2
92696,2
92697,2
92698,0
92699,1
92700,0
92701,1
92702,0
92703,2
92704,2
92705,1
92706,1
92707,1
92708,2
92709,2
92710,1
92711,1
92712,0
92713,0
92714,2
92715,0
92716,2
92717,2
92718,0
92719,2
92720,2
92721,0
92722,1
92723,2
92724,2
92725,0
92726,2
92727,2
92728,0
92729,0
92730,0
92731,2
92732,2
92733,0
92734,2
92735,1
92736,1
92737,0
92738,2
92739,1
92740,0
92741,1
92742,1
92743,2
92744,1
92745,2
92746,1
92747,2
92748,1
92749,0
92750,2
92751,0
92752,2
92753,0
92754,0
92755,2
92756,1
92757,1
92758,1
92759,1
92760,1
92761,1
92762,0
92763,2
92764,1
92765,0
92766,1
92767,0
92768,0
92769,2
92770,0
92771,2
92772,2
92773,0
92774,2
92775,1
92776,2
92777,0
92778,2
92779,0
92780,2
92781,2
92782,1
92783,1
92784,0
92785,0
92786,0
92787,2
92788,0
92789,1
92790,2
92791,0
92792,1
92793,2
92794,0
92795,0
92796,1
92797,2
92798,1
92799,1
92800,0
92801,2
92802,2
92803,2
92804,0
92805,0
92806,2
92807,1
92808,0
92809,2
92810,1
92811,2
92812,1
92813,1
92814,1
92815,2
92816,2
92817,2
92818,0
92819,1
92820,2
92821,0
92822,1
92823,1
92824,0
92825,0
92826,0
92827,0
92828,1
92829,1
92830,1
92831,1
92832,2
92833,0
92834,0
92835,0
92836,2
92837,1
92838,2
92839,2
92840,2
92841,0
92842,1
92843,0
92844,0
92845,0
92846,0
92847,2
92848,0
92849,2
92850,2
92851,2
92852,0
92853,0
92854,0
92855,0
92856,1
92857,0
92858,1
92859,2
92860,0
92861,2
92862,2
92863,0
92864,2
92865,1
92866,2
92867,0
92868,0
92869,2
92870,2
92871,0
92872,1
92873,2
92874,0
92875,0
92876,1
92877,2
92878,2
92879,2
92880,2
92881,2
92882,0
92883,2
92884,0
92885,1
92886,2
92887,1
92888,0
92889,2
92890,2
92891,0
92892,2
92893,2
92894,2
92895,0
92896,1
92897,0
92898,2
92899,2
92900,2
92901,1
92902,0
92903,2
92904,2
92905,1
92906,0
92907,2
92908,0
92909,0
92910,0
92911,0
92912,0
92913,1
92914,2
92915,2
92916,1
92917,0
92918,1
92919,0
92920,2
92921,2
92922,0
92923,1
92924,0
92925,0
92926,2
92927,2
92928,2
92929,0
92930,2
92931,2
92932,0
92933,0
92934,0
92935,2
92936,1
92937,0
92938,0
92939,2
92940,0
92941,2
92942,1
92943,2
92944,1
92945,2
92946,0
92947,2
92948,1
92949,0
92950,0
92951,1
92952,2
92953,1
92954,0
92955,0
92956,0
92957,2
92958,2
92959,1
92960,2
92961,0
92962,2
92963,1
92964,0
92965,2
92966,2
92967,2
92968,1
92969,0
92970,0
92971,1
92972,2
92973,0
92974,2
92975,2
92976,0
92977,0
92978,1
92979,0
92980,2
92981,1
92982,2
92983,1
92984,1
92985,1
92986,1
92987,2
92988,0
92989,2
92990,1
92991,0
92992,2
92993,2
92994,0
92995,2
92996,0
92997,2
92998,2
92999,0
93000,1
93001,0
93002,0
93003,1
93004,1
93005,1
93006,1
93007,1
93008,2
93009,2
93010,2
93011,2
93012,2
93013,0
93014,1
93015,1
93016,1
93017,0
93018,1
93019,1
93020,0
93021,0
93022,2
93023,2
93024,1
93025,2
93026,1
93027,1
93028,0
93029,1
93030,2
93031,2
93032,2
93033,0
93034,0
93035,2
93036,2
93037,2
93038,2
93039,2
93040,2
93041,0
93042,2
93043,2
93044,0
93045,1
93046,2
93047,2
93048,2
93049,1
93050,2
93051,2
93052,2
93053,2
93054,2
93055,1
93056,0
93057,2
93058,0
93059,2
93060,1
93061,2
93062,0
93063,2
93064,0
93065,0
93066,1
93067,0
93068,1
93069,0
93070,0
93071,0
93072,2
93073,2
93074,1
93075,0
93076,0
93077,2
93078,0
93079,2
93080,2
93081,1
93082,2
93083,2
93084,2
93085,2
93086,2
93087,2
93088,1
93089,2
93090,2
93091,0
93092,1
93093,2
93094,0
93095,2
93096,0
93097,1
93098,0
93099,2
93100,2
93101,1
93102,2
93103,2
93104,2
93105,2
93106,1
93107,2
93108,2
93109,1
93110,1
93111,2
93112,1
93113,0
93114,0
93115,2
93116,1
93117,2
93118,1
93119,1
93120,1
93121,1
93122,0
93123,2
93124,1
93125,0
93126,0
93127,0
93128,2
93129,1
93130,0
93131,2
93132,0
93133,2
93134,1
93135,0
93136,2
93137,1
93138,1
93139,1
93140,1
93141,1
93142,1
93143,0
93144,2
93145,2
93146,1
93147,1
93148,0
93149,1
93150,2
93151,2
93152,2
93153,2
93154,2
93155,0
93156,2
93157,0
93158,0
93159,0
93160,2
93161,0
93162,1
93163,1
93164,0
93165,2
93166,1
93167,0
93168,1
93169,0
93170,2
93171,2
93172,0
93173,0
93174,1
93175,0
93176,2
93177,1
93178,2
93179,2
93180,1
93181,1
93182,0
93183,0
93184,0
93185,2
93186,0
93187,2
93188,0
93189,1
93190,2
93191,0
93192,1
93193,0
93194,0
93195,1
93196,1
93197,2
93198,2
93199,2
93200,2
93201,1
93202,0
93203,2
93204,2
93205,2
93206,0
93207,1
93208,2
93209,0
93210,0
93211,0
93212,2
93213,2
93214,0
93215,2
93216,2
93217,0
93218,1
93219,0
93220,1
93221,1
93222,0
93223,0
93224,2
93225,0
93226,2
93227,2
93228,0
93229,0
93230,2
93231,0
93232,2
93233,0
93234,1
93235,1
93236,2
93237,2
93238,0
93239,2
93240,2
93241,2
93242,0
93243,2
93244,0
93245,1
93246,1
93247,0
93248,2
93249,2
93250,0
93251,2
93252,0
93253,0
93254,0
93255,0
93256,1
93257,0
93258,2
93259,0
93260,2
93261,2
93262,2
93263,0
93264,0
93265,2
93266,1
93267,1
93268,1
93269,2
93270,2
93271,0
93272,0
93273,2
93274,1
93275,1
93276,1
93277,1
93278,0
93279,2
93280,1
93281,2
93282,0
93283,0
93284,0
93285,1
93286,0
93287,0
93288,0
93289,2
93290,0
93291,2
93292,2
93293,2
93294,2
93295,1
93296,1
93297,2
93298,2
93299,0
93300,0
93301,0
93302,2
93303,2
93304,0
93305,1
93306,2
93307,2
93308,0
93309,1
93310,1
93311,1
93312,2
93313,0
93314,0
93315,0
93316,0
93317,0
93318,2
93319,0
93320,0
93321,2
93322,2
93323,0
93324,0
93325,2
93326,2
93327,2
93328,0
93329,0
93330,2
93331,1
93332,2
93333,1
93334,1
93335,2
93336,2
93337,2
93338,2
93339,1
93340,0
93341,0
93342,1
93343,2
93344,2
93345,0
93346,1
93347,2
93348,2
93349,2
93350,1
93351,2
93352,0
93353,2
93354,0
93355,2
93356,2
93357,1
93358,2
93359,0
93360,2
93361,2
93362,2
93363,1
93364,1
93365,2
93366,0
93367,1
93368,1
93369,2
93370,2
93371,2
93372,0
93373,2
93374,0
93375,1
93376,1
93377,2
93378,2
93379,0
93380,1
93381,0
93382,2
93383,2
93384,0
93385,2
93386,2
93387,0
93388,0
93389,0
93390,0
93391,0
93392,0
93393,0
93394,1
93395,0
93396,0
93397,1
93398,1
93399,0
93400,1
93401,2
93402,0
93403,2
93404,1
93405,2
93406,2
93407,2
93408,2
93409,0
93410,0
93411,0
93412,2
93413,1
93414,2
93415,2
93416,2
93417,0
93418,1
93419,1
93420,2
93421,0
93422,0
93423,0
93424,2
93425,0
93426,2
93427,1
93428,2
93429,1
93430,1
93431,0
93432,1
93433,2
93434,2
93435,0
93436,0
93437,2
93438,2
93439,1
93440,0
93441,2
93442,1
93443,2
93444,2
93445,2
93446,0
93447,0
93448,1
93449,2
93450,2
93451,0
93452,0
93453,2
93454,2
93455,0
93456,2
93457,0
93458,1
93459,1
93460,1
93461,1
93462,2
93463,2
93464,0
93465,2
93466,1
93467,0
93468,2
93469,2
93470,0
93471,0
93472,0
93473,2
93474,0
93475,0
93476,0
93477,2
93478,2
93479,0
93480,1
93481,2
93482,0
93483,2
93484,2
93485,0
93486,2
93487,0
93488,1
93489,1
93490,0
93491,0
93492,1
93493,2
93494,1
93495,1
93496,1
93497,1
93498,0
93499,0
93500,1
93501,1
93502,0
93503,1
93504,1
93505,1
93506,2
93507,0
93508,1
93509,2
93510,0
93511,0
93512,0
93513,2
93514,2
93515,2
93516,2
93517,2
93518,1
93519,2
93520,0
93521,1
93522,0
93523,0
93524,0
93525,2
93526,1
93527,2
93528,1
93529,1
93530,2
93531,2
93532,2
93533,1
93534,0
93535,1
93536,0
93537,2
93538,2
93539,0
93540,1
93541,2
93542,0
93543,1
93544,2
93545,2
93546,1
93547,0
93548,0
93549,0
93550,1
93551,1
93552,2
93553,2
93554,2
93555,1
93556,1
93557,2
93558,1
93559,0
93560,0
93561,0
93562,1
93563,2
93564,1
93565,2
93566,2
93567,0
93568,2
93569,0
93570,0
93571,0
93572,0
93573,0
93574,1
93575,2
93576,2
93577,2
93578,2
93579,2
93580,0
93581,1
93582,2
93583,0
93584,2
93585,1
93586,0
93587,0
93588,2
93589,0
93590,0
93591,2
93592,1
93593,1
93594,0
93595,2
93596,2
93597,0
93598,0
93599,2
93600,0
93601,1
93602,2
93603,0
93604,2
93605,1
93606,0
93607,1
93608,2
93609,2
93610,0
93611,2
93612,2
93613,0
93614,1
93615,0
93616,1
93617,0
93618,0
93619,0
93620,1
93621,2
93622,2
93623,2
93624,0
93625,2
93626,2
93627,2
93628,1
93629,0
93630,0
93631,1
93632,0
93633,1
93634,0
93635,0
93636,2
93637,0
93638,1
93639,0
93640,2
93641,2
93642,0
93643,0
93644,2
93645,0
93646,2
93647,1
93648,0
93649,1
93650,2
93651,1
93652,1
93653,2
93654,0
93655,2
93656,2
93657,0
93658,1
93659,1
93660,0
93661,0
93662,0
93663,2
93664,0
93665,1
93666,0
93667,1
93668,0
93669,0
93670,0
93671,2
93672,2
93673,2
93674,1
93675,2
93676,2
93677,0
93678,2
93679,0
93680,0
93681,0
93682,2
93683,2
93684,2
93685,2
93686,0
93687,2
93688,0
93689,1
93690,1
93691,2
93692,1
93693,1
93694,1
93695,2
93696,2
93697,2
93698,1
93699,1
93700,2
93701,0
93702,2
93703,0
93704,1
93705,0
93706,2
93707,2
93708,0
93709,0
93710,2
93711,2
93712,0
93713,2
93714,0
93715,0
93716,0
93717,1
93718,2
93719,0
93720,2
93721,2
93722,2
93723,2
93724,1
93725,0
93726,2
93727,1
93728,2
93729,2
93730,0
93731,2
93732,2
93733,2
93734,1
93735,0
93736,2
93737,1
93738,0
93739,2
93740,1
93741,1
93742,1
93743,2
93744,1
93745,2
93746,2
93747,2
93748,0
93749,0
93750,1
93751,0
93752,1
93753,0
93754,2
93755,1
93756,2
93757,2
93758,1
93759,0
93760,1
93761,2
93762,2
93763,2
93764,1
93765,2
93766,0
93767,0
93768,2
93769,0
93770,2
93771,0
93772,2
93773,2
93774,2
93775,2
93776,2
93777,0
93778,1
93779,1
93780,0
93781,0
93782,0
93783,1
93784,1
93785,1
93786,1
93787,0
93788,0
93789,2
93790,2
93791,2
93792,2
93793,0
93794,0
93795,2
93796,0
93797,0
93798,2
93799,2
93800,0
93801,0
93802,1
93803,2
93804,0
93805,2
93806,2
93807,0
93808,1
93809,0
93810,0
93811,2
93812,0
93813,2
93814,1
93815,2
93816,2
93817,0
93818,0
93819,2
93820,0
93821,1
93822,0
93823,2
93824,2
93825,1
93826,2
93827,2
93828,2
93829,1
93830,0
93831,0
93832,0
93833,0
93834,0
93835,0
93836,2
93837,2
93838,0
93839,0
93840,2
93841,0
93842,0
93843,2
93844,1
93845,1
93846,1
93847,1
93848,2
93849,2
93850,0
93851,1
93852,2
93853,1
93854,2
93855,0
93856,2
93857,0
93858,0
93859,2
93860,2
93861,1
93862,2
93863,1
93864,1
93865,0
93866,0
93867,2
93868,0
93869,0
93870,0
93871,1
93872,2
93873,2
93874,0
93875,2
93876,2
93877,0
93878,2
93879,2
93880,0
93881,2
93882,1
93883,0
93884,2
93885,0
93886,0
93887,1
93888,2
93889,0
93890,1
93891,0
93892,0
93893,0
93894,2
93895,2
93896,2
93897,2
93898,1
93899,0
93900,2
93901,2
93902,2
93903,1
93904,0
93905,1
93906,1
93907,2
93908,2
93909,0
93910,1
93911,2
93912,2
93913,2
93914,1
93915,2
93916,2
93917,0
93918,0
93919,0
93920,0
93921,0
93922,0
93923,0
93924,0
93925,0
93926,0
93927,1
93928,0
93929,0
93930,0
93931,1
93932,2
93933,2
93934,2
93935,0
93936,0
93937,0
93938,1
93939,0
93940,0
93941,0
93942,1
93943,0
93944,2
93945,1
93946,0
93947,2
93948,0
93949,0
93950,0
93951,1
93952,1
93953,0
93954,2
93955,1
93956,2
93957,0
93958,0
93959,0
93960,0
93961,0
93962,2
93963,1
93964,1
93965,0
93966,0
93967,1
93968,0
93969,0
93970,1
93971,2
93972,1
93973,1
93974,2
93975,0
93976,1
93977,1
93978,2
93979,2
93980,1
93981,2
93982,2
93983,0
93984,0
93985,2
93986,1
93987,1
93988,2
93989,1
93990,2
93991,2
93992,0
93993,2
93994,2
93995,2
93996,2
93997,1
93998,0
93999,2
94000,1
94001,0
94002,2
94003,0
94004,2
94005,1
94006,0
94007,2
94008,2
94009,0
94010,0
94011,0
94012,0
94013,2
94014,2
94015,0
94016,2
94017,2
94018,2
94019,1
94020,0
94021,0
94022,1
94023,2
94024,0
94025,0
94026,1
94027,0
94028,2
94029,1
94030,1
94031,0
94032,0
94033,1
94034,0
94035,2
94036,0
94037,2
94038,0
94039,2
94040,0
94041,2
94042,1
94043,0
94044,0
94045,0
94046,0
94047,0
94048,2
94049,0
94050,0
94051,2
94052,2
94053,1
94054,1
94055,0
94056,2
94057,0
94058,2
94059,2
94060,0
94061,0
94062,1
94063,1
94064,2
94065,0
94066,2
94067,1
94068,2
94069,1
94070,0
94071,0
94072,2
94073,0
94074,0
94075,2
94076,1
94077,0
94078,2
94079,2
94080,1
94081,2
94082,0
94083,0
94084,1
94085,2
94086,0
94087,0
94088,0
94089,0
94090,2
94091,1
94092,0
94093,1
94094,1
94095,0
94096,1
94097,0
94098,0
94099,1
94100,2
94101,1
94102,2
94103,1
94104,0
94105,2
94106,0
94107,1
94108,1
94109,1
94110,0
94111,2
94112,0
94113,2
94114,1
94115,2
94116,0
94117,1
94118,0
94119,2
94120,2
94121,2
94122,1
94123,0
94124,1
94125,0
94126,2
94127,2
94128,0
94129,1
94130,0
94131,0
94132,1
94133,0
94134,0
94135,2
94136,1
94137,0
94138,1
94139,1
94140,1
94141,2
94142,2
94143,2
94144,0
94145,0
94146,1
94147,0
94148,0
94149,1
94150,0
94151,0
94152,1
94153,1
94154,1
94155,0
94156,2
94157,2
94158,0
94159,2
94160,1
94161,2
94162,1
94163,1
94164,0
94165,1
94166,2
94167,2
94168,1
94169,1
94170,2
94171,2
94172,2
94173,0
94174,1
94175,1
94176,1
94177,0
94178,2
94179,0
94180,1
94181,2
94182,2
94183,0
94184,1
94185,0
94186,1
94187,1
94188,2
94189,0
94190,1
94191,1
94192,2
94193,0
94194,0
94195,1
94196,1
94197,0
94198,0
94199,1
94200,0
94201,0
94202,2
94203,0
94204,1
94205,0
94206,0
94207,2
94208,0
94209,1
94210,2
94211,2
94212,1
94213,0
94214,2
94215,0
94216,0
94217,2
94218,0
94219,2
94220,1
94221,1
94222,2
94223,0
94224,0
94225,1
94226,0
94227,1
94228,2
94229,0
94230,1
94231,1
94232,2
94233,1
94234,0
94235,2
94236,0
94237,0
94238,0
94239,0
94240,2
94241,2
94242,0
94243,2
94244,2
94245,0
94246,0
94247,2
94248,0
94249,2
94250,1
94251,2
94252,1
94253,2
94254,0
94255,0
94256,0
94257,2
94258,2
94259,0
94260,2
94261,0
94262,2
94263,0
94264,1
94265,0
94266,1
94267,0
94268,2
94269,0
94270,2
94271,2
94272,0
94273,0
94274,1
94275,0
94276,1
94277,0
94278,2
94279,0
94280,2
94281,1
94282,1
94283,2
94284,2
94285,2
94286,1
94287,0
94288,0
94289,2
94290,0
94291,2
94292,2
94293,1
94294,0
94295,2
94296,0
94297,1
94298,0
94299,2
94300,0
94301,1
94302,1
94303,0
94304,2
94305,0
94306,0
94307,2
94308,0
94309,1
94310,0
94311,2
94312,2
94313,0
94314,2
94315,0
94316,0
94317,2
94318,0
94319,1
94320,2
94321,1
94322,0
94323,1
94324,2
94325,2
94326,2
94327,2
94328,2
94329,2
94330,1
94331,2
94332,2
94333,2
94334,0
94335,0
94336,1
94337,2
94338,0
94339,2
94340,1
94341,2
94342,0
94343,0
94344,0
94345,2
94346,0
94347,2
94348,2
94349,2
94350,2
94351,1
94352,2
94353,0
94354,0
94355,1
94356,1
94357,0
94358,0
94359,2
94360,2
94361,0
94362,0
94363,0
94364,2
94365,0
94366,1
94367,0
94368,2
94369,1
94370,2
94371,0
94372,1
94373,0
94374,0
94375,0
94376,2
94377,0
94378,2
94379,2
94380,0
94381,2
94382,2
94383,2
94384,2
94385,1
94386,0
94387,0
94388,2
94389,0
94390,0
94391,0
94392,2
94393,0
94394,0
94395,2
94396,2
94397,0
94398,1
94399,0
94400,0
94401,2
94402,0
94403,0
94404,2
94405,1
94406,0
94407,0
94408,0
94409,0
94410,0
94411,0
94412,2
94413,2
94414,0
94415,0
94416,2
94417,0
94418,2
94419,1
94420,1
94421,2
94422,2
94423,0
94424,2
94425,2
94426,2
94427,0
94428,1
94429,2
94430,0
94431,1
94432,0
94433,0
94434,1
94435,0
94436,2
94437,2
94438,2
94439,0
94440,1
94441,0
94442,1
94443,2
94444,2
94445,1
94446,2
94447,0
94448,1
94449,1
94450,1
94451,0
94452,0
94453,0
94454,1
94455,0
94456,1
94457,1
94458,1
94459,1
94460,1
94461,2
94462,2
94463,2
94464,0
94465,1
94466,0
94467,1
94468,0
94469,1
94470,1
94471,2
94472,2
94473,1
94474,1
94475,2
94476,1
94477,0
94478,0
94479,0
94480,0
94481,0
94482,1
94483,0
94484,2
94485,1
94486,0
94487,2
94488,0
94489,0
94490,2
94491,2
94492,2
94493,2
94494,2
94495,2
94496,1
94497,2
94498,1
94499,2
94500,0
94501,0
94502,1
94503,1
94504,2
94505,0
94506,2
94507,0
94508,2
94509,2
94510,1
94511,1
94512,0
94513,0
94514,1
94515,0
94516,1
94517,2
94518,0
94519,2
94520,2
94521,2
94522,1
94523,2
94524,2
94525,1
94526,1
94527,1
94528,0
94529,0
94530,0
94531,2
94532,0
94533,0
94534,0
94535,0
94536,2
94537,2
94538,2
94539,0
94540,0
94541,0
94542,2
94543,2
94544,2
94545,2
94546,0
94547,1
94548,0
94549,0
94550,0
94551,1
94552,0
94553,2
94554,0
94555,0
94556,0
94557,2
94558,2
94559,2
94560,2
94561,1
94562,0
94563,2
94564,0
94565,1
94566,2
94567,0
94568,2
94569,0
94570,0
94571,0
94572,2
94573,0
94574,0
94575,0
94576,0
94577,2
94578,0
94579,1
94580,0
94581,0
94582,1
94583,1
94584,2
94585,0
94586,0
94587,2
94588,1
94589,2
94590,1
94591,0
94592,1
94593,2
94594,0
94595,2
94596,2
94597,0
94598,1
94599,2
94600,0
94601,0
94602,0
94603,1
94604,2
94605,0
94606,0
94607,0
94608,2
94609,1
94610,0
94611,0
94612,0
94613,2
94614,2
94615,2
94616,1
94617,2
94618,0
94619,2
94620,0
94621,0
94622,0
94623,1
94624,2
94625,2
94626,0
94627,0
94628,1
94629,2
94630,0
94631,1
94632,0
94633,2
94634,0
94635,0
94636,2
94637,0
94638,0
94639,2
94640,2
94641,2
94642,0
94643,2
94644,0
94645,2
94646,2
94647,0
94648,1
94649,0
94650,0
94651,1
94652,1
94653,2
94654,2
94655,0
94656,0
94657,0
94658,2
94659,0
94660,0
94661,2
94662,0
94663,2
94664,0
94665,2
94666,0
94667,0
94668,0
94669,2
94670,0
94671,2
94672,0
94673,0
94674,2
94675,0
94676,0
94677,0
94678,0
94679,0
94680,2
94681,1
94682,1
94683,0
94684,1
94685,0
94686,0
94687,2
94688,2
94689,2
94690,0
94691,1
94692,2
94693,1
94694,2
94695,2
94696,0
94697,2
94698,2
94699,2
94700,2
94701,0
94702,2
94703,2
94704,0
94705,1
94706,2
94707,0
94708,0
94709,2
94710,2
94711,2
94712,0
94713,2
94714,1
94715,0
94716,0
94717,2
94718,1
94719,0
94720,0
94721,2
94722,1
94723,2
94724,0
94725,2
94726,2
94727,2
94728,0
94729,2
94730,2
94731,2
94732,0
94733,2
94734,1
94735,0
94736,2
94737,2
94738,1
94739,0
94740,2
94741,2
94742,2
94743,0
94744,2
94745,1
94746,0
94747,0
94748,0
94749,2
94750,0
94751,0
94752,0
94753,1
94754,0
94755,1
94756,0
94757,0
94758,2
94759,2
94760,0
94761,2
94762,0
94763,0
94764,1
94765,0
94766,1
94767,0
94768,1
94769,2
94770,1
94771,2
94772,0
94773,2
94774,1
94775,2
94776,0
94777,0
94778,1
94779,0
94780,2
94781,0
94782,0
94783,2
94784,2
94785,1
94786,0
94787,2
94788,2
94789,2
94790,0
94791,2
94792,0
94793,1
94794,0
94795,1
94796,0
94797,1
94798,2
94799,0
94800,2
94801,1
94802,1
94803,2
94804,1
94805,1
94806,1
94807,1
94808,0
94809,2
94810,2
94811,0
94812,0
94813,0
94814,0
94815,0
94816,1
94817,0
94818,0
94819,0
94820,2
94821,0
94822,1
94823,2
94824,1
94825,2
94826,2
94827,2
94828,1
94829,0
94830,2
94831,1
94832,1
94833,2
94834,2
94835,0
94836,1
94837,0
94838,2
94839,1
94840,2
94841,0
94842,0
94843,0
94844,2
94845,2
94846,2
94847,1
94848,2
94849,2
94850,2
94851,0
94852,0
94853,2
94854,0
94855,2
94856,1
94857,2
94858,1
94859,0
94860,2
94861,0
94862,1
94863,1
94864,2
94865,1
94866,2
94867,0
94868,2
94869,0
94870,0
94871,0
94872,2
94873,0
94874,0
94875,0
94876,2
94877,0
94878,2
94879,1
94880,2
94881,0
94882,0
94883,1
94884,2
94885,1
94886,2
94887,2
94888,1
94889,0
94890,2
94891,0
94892,2
94893,0
94894,0
94895,2
94896,2
94897,0
94898,0
94899,1
94900,1
94901,0
94902,2
94903,1
94904,0
94905,0
94906,2
94907,0
94908,2
94909,1
94910,0
94911,1
94912,2
94913,0
94914,2
94915,2
94916,2
94917,0
94918,1
94919,0
94920,2
94921,2
94922,0
94923,1
94924,0
94925,0
94926,2
94927,0
94928,1
94929,2
94930,2
94931,2
94932,2
94933,1
94934,0
94935,2
94936,0
94937,0
94938,2
94939,1
94940,1
94941,2
94942,0
94943,2
94944,2
94945,2
94946,0
94947,0
94948,2
94949,2
94950,0
94951,2
94952,0
94953,2
94954,1
94955,0
94956,0
94957,2
94958,2
94959,2
94960,1
94961,2
94962,0
94963,2
94964,0
94965,2
94966,0
94967,1
94968,2
94969,2
94970,0
94971,2
94972,1
94973,0
94974,0
94975,0
94976,0
94977,1
94978,1
94979,0
94980,1
94981,1
94982,2
94983,0
94984,0
94985,2
94986,2
94987,1
94988,1
94989,2
94990,2
94991,0
94992,2
94993,2
94994,0
94995,2
94996,0
94997,0
94998,0
94999,0
95000,0
95001,2
95002,0
95003,1
95004,0
95005,0
95006,2
95007,0
95008,0
95009,1
95010,0
95011,2
95012,0
95013,2
95014,2
95015,2
95016,0
95017,0
95018,0
95019,1
95020,2
95021,0
95022,2
95023,1
95024,2
95025,1
95026,2
95027,2
95028,0
95029,1
95030,0
95031,0
95032,2
95033,0
95034,1
95035,2
95036,2
95037,0
95038,2
95039,0
95040,1
95041,0
95042,1
95043,0
95044,2
95045,0
95046,0
95047,2
95048,0
95049,0
95050,0
95051,0
95052,0
95053,1
95054,0
95055,1
95056,1
95057,0
95058,2
95059,1
95060,0
95061,0
95062,0
95063,2
95064,0
95065,2
95066,2
95067,1
95068,2
95069,1
95070,0
95071,2
95072,0
95073,2
95074,0
95075,2
95076,2
95077,0
95078,0
95079,1
95080,2
95081,2
95082,1
95083,0
95084,2
95085,1
95086,0
95087,1
95088,1
95089,2
95090,0
95091,0
95092,1
95093,1
95094,0
95095,2
95096,0
95097,1
95098,2
95099,0
95100,0
95101,2
95102,2
95103,2
95104,2
95105,0
95106,2
95107,0
95108,0
95109,2
95110,0
95111,2
95112,2
95113,2
95114,0
95115,0
95116,0
95117,0
95118,0
95119,1
95120,2
95121,2
95122,1
95123,0
95124,0
95125,1
95126,2
95127,2
95128,2
95129,0
95130,0
95131,0
95132,2
95133,0
95134,1
95135,0
95136,1
95137,2
95138,2
95139,1
95140,0
95141,0
95142,0
95143,1
95144,0
95145,1
95146,1
95147,0
95148,2
95149,2
95150,0
95151,2
95152,1
95153,1
95154,0
95155,0
95156,2
95157,2
95158,1
95159,1
95160,1
95161,0
95162,2
95163,0
95164,2
95165,1
95166,1
95167,2
95168,2
95169,0
95170,2
95171,0
95172,2
95173,2
95174,2
95175,2
95176,2
95177,1
95178,0
95179,2
95180,2
95181,0
95182,2
95183,1
95184,0
95185,1
95186,1
95187,2
95188,2
95189,2
95190,0
95191,2
95192,0
95193,0
95194,2
95195,0
95196,2
95197,2
95198,2
95199,1
95200,1
95201,0
95202,1
95203,2
95204,2
95205,1
95206,0
95207,2
95208,0
95209,0
95210,0
95211,1
95212,0
95213,0
95214,0
95215,0
95216,2
95217,0
95218,1
95219,0
95220,0
95221,1
95222,1
95223,0
95224,1
95225,0
95226,2
95227,1
95228,0
95229,0
95230,1
95231,0
95232,0
95233,0
95234,2
95235,2
95236,0
95237,1
95238,2
95239,0
95240,0
95241,2
95242,0
95243,0
95244,0
95245,0
95246,1
95247,1
95248,2
95249,0
95250,1
95251,1
95252,2
95253,2
95254,2
95255,2
95256,2
95257,2
95258,0
95259,0
95260,2
95261,2
95262,1
95263,2
95264,2
95265,1
95266,1
95267,2
95268,0
95269,2
95270,2
95271,2
95272,1
95273,2
95274,0
95275,0
95276,2
95277,2
95278,2
95279,2
95280,0
95281,2
95282,2
95283,0
95284,2
95285,1
95286,2
95287,2
95288,1
95289,0
95290,2
95291,2
95292,2
95293,0
95294,2
95295,0
95296,0
95297,2
95298,1
95299,0
95300,0
95301,2
95302,2
95303,2
95304,1
95305,1
95306,2
95307,0
95308,0
95309,0
95310,1
95311,0
95312,1
95313,2
95314,1
95315,1
95316,2
95317,1
95318,2
95319,1
95320,1
95321,1
95322,1
95323,0
95324,2
95325,2
95326,0
95327,1
95328,0
95329,0
95330,0
95331,1
95332,0
95333,0
95334,0
95335,0
95336,0
95337,1
95338,0
95339,2
95340,0
95341,0
95342,1
95343,0
95344,0
95345,2
95346,0
95347,0
95348,1
95349,1
95350,2
95351,0
95352,0
95353,0
95354,1
95355,2
95356,2
95357,2
95358,1
95359,0
95360,1
95361,0
95362,1
95363,2
95364,1
95365,0
95366,2
95367,1
95368,2
95369,0
95370,2
95371,0
95372,2
95373,1
95374,2
95375,0
95376,0
95377,2
95378,1
95379,2
95380,1
95381,0
95382,2
95383,2
95384,1
95385,1
95386,0
95387,2
95388,0
95389,1
95390,2
95391,0
95392,1
95393,2
95394,0
95395,1
95396,2
95397,2
95398,0
95399,0
95400,2
95401,1
95402,2
95403,1
95404,1
95405,2
95406,0
95407,0
95408,2
95409,2
95410,0
95411,1
95412,2
95413,2
95414,2
95415,2
95416,2
95417,2
95418,1
95419,1
95420,0
95421,0
95422,2
95423,2
95424,0
95425,1
95426,1
95427,1
95428,1
95429,0
95430,0
95431,0
95432,0
95433,2
95434,2
95435,0
95436,2
95437,1
95438,0
95439,0
95440,2
95441,0
95442,0
95443,2
95444,0
95445,1
95446,0
95447,2
95448,0
95449,0
95450,0
95451,0
95452,2
95453,2
95454,2
95455,0
95456,2
95457,2
95458,0
95459,1
95460,0
95461,2
95462,2
95463,1
95464,1
95465,2
95466,0
95467,0
95468,0
95469,1
95470,1
95471,1
95472,0
95473,2
95474,1
95475,2
95476,0
95477,1
95478,0
95479,2
95480,0
95481,2
95482,0
95483,0
95484,1
95485,2
95486,1
95487,0
95488,2
95489,0
95490,1
95491,2
95492,2
95493,0
95494,0
95495,2
95496,1
95497,2
95498,2
95499,1
95500,0
95501,0
95502,0
95503,2
95504,0
95505,0
95506,1
95507,2
95508,2
95509,0
95510,0
95511,0
95512,2
95513,2
95514,2
95515,2
95516,0
95517,2
95518,0
95519,0
95520,1
95521,0
95522,2
95523,0
95524,0
95525,1
95526,0
95527,1
95528,1
95529,0
95530,1
95531,2
95532,0
95533,0
95534,0
95535,1
95536,1
95537,0
95538,0
95539,1
95540,2
95541,1
95542,2
95543,0
95544,1
95545,1
95546,1
95547,1
95548,0
95549,2
95550,0
95551,0
95552,0
95553,2
95554,0
95555,0
95556,2
95557,0
95558,0
95559,2
95560,2
95561,2
95562,2
95563,2
95564,2
95565,0
95566,0
95567,0
95568,2
95569,1
95570,1
95571,2
95572,1
95573,2
95574,1
95575,0
95576,0
95577,0
95578,0
95579,1
95580,2
95581,2
95582,2
95583,2
95584,2
95585,0
95586,2
95587,2
95588,0
95589,1
95590,0
95591,2
95592,1
95593,0
95594,0
95595,0
95596,0
95597,1
95598,2
95599,0
95600,2
95601,0
95602,1
95603,0
95604,0
95605,0
95606,0
95607,2
95608,1
95609,2
95610,2
95611,1
95612,1
95613,2
95614,1
95615,0
95616,1
95617,2
95618,2
95619,0
95620,0
95621,1
95622,2
95623,0
95624,1
95625,0
95626,0
95627,2
95628,0
95629,2
95630,1
95631,2
95632,1
95633,0
95634,2
95635,2
95636,0
95637,0
95638,0
95639,2
95640,1
95641,0
95642,2
95643,0
95644,0
95645,2
95646,2
95647,2
95648,2
95649,2
95650,0
95651,2
95652,2
95653,1
95654,2
95655,1
95656,2
95657,1
95658,0
95659,2
95660,0
95661,2
95662,1
95663,2
95664,1
95665,0
95666,0
95667,0
95668,2
95669,1
95670,1
95671,0
95672,0
95673,1
95674,2
95675,2
95676,0
95677,2
95678,0
95679,1
95680,2
95681,1
95682,0
95683,0
95684,2
95685,0
95686,1
95687,2
95688,0
95689,1
95690,0
95691,0
95692,2
95693,0
95694,1
95695,2
95696,1
95697,1
95698,2
95699,0
95700,1
95701,0
95702,2
95703,1
95704,0
95705,0
95706,2
95707,1
95708,0
95709,2
95710,1
95711,2
95712,0
95713,2
95714,1
95715,0
95716,0
95717,0
95718,0
95719,2
95720,0
95721,2
95722,0
95723,2
95724,1
95725,2
95726,0
95727,1
95728,0
95729,2
95730,0
95731,0
95732,0
95733,0
95734,0
95735,2
95736,0
95737,0
95738,2
95739,0
95740,0
95741,1
95742,2
95743,0
95744,0
95745,1
95746,0
95747,2
95748,2
95749,0
95750,0
95751,0
95752,0
95753,0
95754,2
95755,1
95756,2
95757,2
95758,0
95759,0
95760,0
95761,1
95762,1
95763,2
95764,2
95765,2
95766,2
95767,1
95768,0
95769,0
95770,1
95771,2
95772,2
95773,2
95774,2
95775,2
95776,2
95777,1
95778,1
95779,1
95780,2
95781,1
95782,0
95783,2
95784,0
95785,2
95786,2
95787,0
95788,0
95789,1
95790,2
95791,2
95792,1
95793,0
95794,2
95795,1
95796,1
95797,0
95798,2
95799,0
95800,0
95801,1
95802,0
95803,1
95804,2
95805,2
95806,1
95807,1
95808,1
95809,1
95810,0
95811,0
95812,2
95813,0
95814,1
95815,0
95816,1
95817,1
95818,1
95819,2
95820,2
95821,2
95822,0
95823,0
95824,2
95825,0
95826,2
95827,0
95828,2
95829,2
95830,2
95831,0
95832,0
95833,1
95834,0
95835,0
95836,0
95837,1
95838,0
95839,2
95840,0
95841,0
95842,0
95843,0
95844,2
95845,2
95846,1
95847,1
95848,1
95849,1
95850,2
95851,2
95852,2
95853,2
95854,2
95855,2
95856,0
95857,1
95858,2
95859,2
95860,0
95861,2
95862,0
95863,0
95864,2
95865,1
95866,2
95867,2
95868,1
95869,1
95870,1
95871,0
95872,0
95873,2
95874,1
95875,2
95876,0
95877,1
95878,2
95879,1
95880,2
95881,0
95882,2
95883,1
95884,0
95885,2
95886,2
95887,0
95888,0
95889,0
95890,2
95891,2
95892,0
95893,0
95894,1
95895,0
95896,2
95897,0
95898,2
95899,0
95900,2
95901,2
95902,0
95903,2
95904,0
95905,2
95906,2
95907,2
95908,0
95909,1
95910,2
95911,1
95912,0
95913,0
95914,0
95915,2
95916,1
95917,0
95918,2
95919,0
95920,0
95921,1
95922,2
95923,2
95924,0
95925,0
95926,0
95927,2
95928,0
95929,2
95930,2
95931,2
95932,0
95933,2
95934,0
95935,0
95936,1
95937,2
95938,0
95939,0
95940,1
95941,2
95942,2
95943,2
95944,0
95945,0
95946,0
95947,2
95948,0
95949,0
95950,0
95951,1
95952,0
95953,0
95954,2
95955,0
95956,2
95957,0
95958,2
95959,0
95960,0
95961,1
95962,2
95963,2
95964,2
95965,0
95966,1
95967,1
95968,2
95969,1
95970,2
95971,2
95972,1
95973,2
95974,2
95975,2
95976,0
95977,2
95978,2
95979,0
95980,2
95981,0
95982,2
95983,1
95984,2
95985,2
95986,0
95987,0
95988,0
95989,1
95990,2
95991,2
95992,2
95993,1
95994,0
95995,0
95996,2
95997,0
95998,1
95999,0
96000,1
96001,2
96002,2
96003,2
96004,1
96005,2
96006,1
96007,2
96008,0
96009,2
96010,1
96011,2
96012,2
96013,0
96014,2
96015,1
96016,2
96017,0
96018,1
96019,0
96020,1
96021,2
96022,2
96023,2
96024,2
96025,0
96026,0
96027,0
96028,2
96029,1
96030,2
96031,2
96032,2
96033,2
96034,2
96035,0
96036,0
96037,2
96038,2
96039,2
96040,0
96041,0
96042,2
96043,0
96044,1
96045,2
96046,0
96047,2
96048,0
96049,1
96050,1
96051,2
96052,0
96053,2
96054,1
96055,0
96056,0
96057,1
96058,2
96059,0
96060,0
96061,2
96062,0
96063,0
96064,0
96065,1
96066,0
96067,0
96068,0
96069,0
96070,0
96071,2
96072,0
96073,1
96074,0
96075,0
96076,1
96077,1
96078,0
96079,2
96080,2
96081,0
96082,0
96083,2
96084,2
96085,1
96086,0
96087,1
96088,2
96089,0
96090,0
96091,0
96092,1
96093,2
96094,1
96095,1
96096,0
96097,2
96098,1
96099,0
96100,0
96101,2
96102,1
96103,2
96104,2
96105,2
96106,1
96107,2
96108,2
96109,1
96110,2
96111,2
96112,0
96113,2
96114,0
96115,0
96116,2
96117,2
96118,1
96119,1
96120,2
96121,0
96122,0
96123,1
96124,2
96125,2
96126,2
96127,2
96128,0
96129,0
96130,2
96131,1
96132,2
96133,1
96134,0
96135,1
96136,1
96137,0
96138,0
96139,1
96140,0
96141,2
96142,2
96143,2
96144,1
96145,0
96146,2
96147,1
96148,1
96149,2
96150,0
96151,2
96152,2
96153,0
96154,2
96155,0
96156,0
96157,1
96158,2
96159,2
96160,1
96161,0
96162,0
96163,2
96164,0
96165,0
96166,1
96167,2
96168,0
96169,0
96170,0
96171,0
96172,2
96173,2
96174,0
96175,0
96176,1
96177,1
96178,1
96179,0
96180,1
96181,2
96182,2
96183,0
96184,0
96185,0
96186,2
96187,0
96188,0
96189,0
96190,2
96191,2
96192,0
96193,0
96194,0
96195,0
96196,1
96197,2
96198,1
96199,0
96200,0
96201,2
96202,2
96203,0
96204,0
96205,2
96206,0
96207,1
96208,2
96209,1
96210,0
96211,2
96212,2
96213,1
96214,2
96215,1
96216,0
96217,2
96218,2
96219,1
96220,1
96221,0
96222,2
96223,2
96224,2
96225,1
96226,1
96227,2
96228,0
96229,2
96230,0
96231,2
96232,1
96233,0
96234,0
96235,0
96236,0
96237,2
96238,0
96239,1
96240,1
96241,1
96242,2
96243,2
96244,2
96245,1
96246,1
96247,2
96248,1
96249,0
96250,0
96251,2
96252,2
96253,0
96254,0
96255,0
96256,0
96257,2
96258,2
96259,0
96260,2
96261,2
96262,1
96263,1
96264,2
96265,0
96266,0
96267,2
96268,2
96269,0
96270,0
96271,2
96272,1
96273,1
96274,1
96275,0
96276,0
96277,2
96278,0
96279,2
96280,0
96281,1
96282,0
96283,1
96284,1
96285,1
96286,2
96287,0
96288,0
96289,0
96290,1
96291,1
96292,0
96293,2
96294,2
96295,2
96296,2
96297,1
96298,2
96299,2
96300,2
96301,0
96302,2
96303,0
96304,0
96305,0
96306,1
96307,0
96308,2
96309,0
96310,0
96311,1
96312,2
96313,2
96314,2
96315,1
96316,1
96317,2
96318,2
96319,0
96320,0
96321,2
96322,1
96323,1
96324,0
96325,0
96326,0
96327,0
96328,2
96329,1
96330,2
96331,0
96332,2
96333,2
96334,0
96335,2
96336,2
96337,2
96338,0
96339,2
96340,2
96341,1
96342,0
96343,2
96344,2
96345,1
96346,0
96347,0
96348,0
96349,0
96350,1
96351,2
96352,0
96353,0
96354,2
96355,1
96356,0
96357,0
96358,2
96359,2
96360,0
96361,2
96362,0
96363,0
96364,0
96365,1
96366,2
96367,2
96368,1
96369,2
96370,1
96371,0
96372,0
96373,1
96374,2
96375,0
96376,2
96377,0
96378,0
96379,0
96380,2
96381,2
96382,2
96383,0
96384,0
96385,1
96386,0
96387,2
96388,2
96389,2
96390,2
96391,2
96392,1
96393,1
96394,1
96395,0
96396,2
96397,0
96398,0
96399,0
96400,0
96401,1
96402,0
96403,1
96404,2
96405,0
96406,1
96407,0
96408,1
96409,2
96410,2
96411,2
96412,2
96413,2
96414,2
96415,0
96416,0
96417,0
96418,2
96419,0
96420,2
96421,0
96422,0
96423,1
96424,0
96425,1
96426,0
96427,1
96428,1
96429,2
96430,2
96431,1
96432,2
96433,0
96434,2
96435,0
96436,1
96437,0
96438,1
96439,2
96440,0
96441,0
96442,1
96443,1
96444,0
96445,1
96446,0
96447,0
96448,0
96449,2
96450,1
96451,2
96452,2
96453,2
96454,2
96455,0
96456,2
96457,0
96458,0
96459,2
96460,0
96461,1
96462,0
96463,1
96464,0
96465,0
96466,2
96467,0
96468,0
96469,0
96470,2
96471,2
96472,2
96473,2
96474,0
96475,0
96476,0
96477,0
96478,1
96479,0
96480,2
96481,2
96482,1
96483,2
96484,1
96485,0
96486,0
96487,1
96488,0
96489,1
96490,0
96491,2
96492,2
96493,2
96494,0
96495,0
96496,1
96497,1
96498,0
96499,1
96500,1
96501,2
96502,2
96503,2
96504,0
96505,0
96506,0
96507,0
96508,0
96509,0
96510,2
96511,1
96512,2
96513,2
96514,0
96515,1
96516,2
96517,0
96518,0
96519,1
96520,2
96521,2
96522,2
96523,2
96524,0
96525,2
96526,0
96527,1
96528,2
96529,1
96530,1
96531,0
96532,0
96533,2
96534,2
96535,1
96536,2
96537,0
96538,1
96539,2
96540,0
96541,0
96542,2
96543,1
96544,1
96545,2
96546,0
96547,2
96548,2
96549,2
96550,0
96551,2
96552,1
96553,0
96554,1
96555,2
96556,1
96557,0
96558,0
96559,1
96560,2
96561,1
96562,2
96563,0
96564,2
96565,1
96566,0
96567,0
96568,2
96569,2
96570,1
96571,2
96572,1
96573,2
96574,2
96575,2
96576,1
96577,0
96578,2
96579,1
96580,2
96581,0
96582,1
96583,0
96584,0
96585,2
96586,2
96587,2
96588,1
96589,1
96590,2
96591,1
96592,1
96593,2
96594,2
96595,2
96596,0
96597,0
96598,0
96599,1
96600,1
96601,1
96602,0
96603,0
96604,2
96605,0
96606,0
96607,2
96608,2
96609,0
96610,2
96611,1
96612,0
96613,0
96614,2
96615,2
96616,1
96617,2
96618,1
96619,2
96620,1
96621,0
96622,2
96623,0
96624,0
96625,0
96626,2
96627,2
96628,2
96629,2
96630,2
96631,0
96632,2
96633,1
96634,0
96635,2
96636,0
96637,2
96638,2
96639,0
96640,2
96641,0
96642,1
96643,0
96644,1
96645,1
96646,1
96647,1
96648,0
96649,2
96650,1
96651,0
96652,1
96653,0
96654,0
96655,0
96656,0
96657,0
96658,0
96659,2
96660,0
96661,0
96662,0
96663,0
96664,0
96665,2
96666,2
96667,2
96668,1
96669,0
96670,2
96671,2
96672,2
96673,2
96674,0
96675,2
96676,2
96677,0
96678,2
96679,0
96680,2
96681,1
96682,0
96683,0
96684,1
96685,2
96686,2
96687,0
96688,2
96689,0
96690,0
96691,2
96692,2
96693,1
96694,0
96695,0
96696,0
96697,1
96698,2
96699,0
96700,0
96701,1
96702,2
96703,1
96704,2
96705,2
96706,2
96707,0
96708,0
96709,0
96710,1
96711,1
96712,2
96713,2
96714,2
96715,2
96716,0
96717,0
96718,1
96719,1
96720,1
96721,2
96722,0
96723,2
96724,0
96725,2
96726,2
96727,2
96728,2
96729,1
96730,2
96731,0
96732,1
96733,1
96734,2
96735,2
96736,0
96737,2
96738,2
96739,0
96740,0
96741,2
96742,2
96743,0
96744,2
96745,0
96746,0
96747,2
96748,2
96749,0
96750,0
96751,2
96752,2
96753,1
96754,2
96755,0
96756,2
96757,2
96758,1
96759,0
96760,2
96761,2
96762,0
96763,0
96764,2
96765,0
96766,1
96767,0
96768,0
96769,1
96770,0
96771,2
96772,2
96773,1
96774,2
96775,0
96776,1
96777,2
96778,0
96779,0
96780,1
96781,1
96782,0
96783,0
96784,2
96785,1
96786,2
96787,0
96788,1
96789,0
96790,1
96791,0
96792,2
96793,1
96794,0
96795,0
96796,2
96797,0
96798,0
96799,1
96800,2
96801,1
96802,1
96803,2
96804,1
96805,1
96806,0
96807,0
96808,0
96809,2
96810,0
96811,2
96812,1
96813,2
96814,0
96815,1
96816,2
96817,0
96818,0
96819,2
96820,1
96821,1
96822,1
96823,0
96824,2
96825,1
96826,2
96827,1
96828,0
96829,1
96830,0
96831,1
96832,2
96833,0
96834,0
96835,0
96836,1
96837,1
96838,0
96839,2
96840,2
96841,2
96842,1
96843,1
96844,0
96845,1
96846,0
96847,2
96848,0
96849,0
96850,0
96851,2
96852,0
96853,2
96854,0
96855,0
96856,1
96857,0
96858,1
96859,2
96860,2
96861,2
96862,0
96863,2
96864,2
96865,1
96866,0
96867,2
96868,2
96869,0
96870,0
96871,2
96872,2
96873,1
96874,0
96875,2
96876,0
96877,1
96878,2
96879,0
96880,2
96881,2
96882,1
96883,2
96884,0
96885,1
96886,1
96887,2
96888,1
96889,1
96890,0
96891,0
96892,2
96893,2
96894,0
96895,2
96896,2
96897,2
96898,0
96899,2
96900,1
96901,1
96902,2
96903,0
96904,2
96905,1
96906,1
96907,2
96908,2
96909,0
96910,0
96911,0
96912,0
96913,1
96914,1
96915,0
96916,1
96917,2
96918,2
96919,2
96920,0
96921,2
96922,0
96923,2
96924,2
96925,0
96926,2
96927,2
96928,1
96929,2
96930,0
96931,0
96932,0
96933,1
96934,2
96935,2
96936,1
96937,1
96938,0
96939,1
96940,2
96941,2
96942,2
96943,0
96944,2
96945,0
96946,2
96947,0
96948,0
96949,2
96950,0
96951,2
96952,0
96953,2
96954,0
96955,2
96956,2
96957,2
96958,0
96959,2
96960,0
96961,0
96962,2
96963,0
96964,1
96965,0
96966,0
96967,2
96968,0
96969,0
96970,2
96971,0
96972,0
96973,2
96974,0
96975,2
96976,0
96977,1
96978,1
96979,1
96980,0
96981,0
96982,1
96983,2
96984,0
96985,0
96986,0
96987,2
96988,2
96989,1
96990,2
96991,1
96992,0
96993,2
96994,0
96995,2
96996,0
96997,0
96998,0
96999,0
97000,2
97001,0
97002,1
97003,1
97004,2
97005,0
97006,0
97007,1
97008,1
97009,0
97010,1
97011,2
97012,2
97013,2
97014,2
97015,0
97016,2
97017,1
97018,1
97019,0
97020,2
97021,2
97022,1
97023,1
97024,0
97025,2
97026,1
97027,2
97028,1
97029,0
97030,2
97031,1
97032,1
97033,2
97034,2
97035,2
97036,2
97037,0
97038,0
97039,2
97040,1
97041,1
97042,1
97043,1
97044,2
97045,0
97046,2
97047,0
97048,0
97049,1
97050,1
97051,2
97052,0
97053,2
97054,0
97055,0
97056,1
97057,0
97058,1
97059,2
97060,2
97061,2
97062,0
97063,2
97064,0
97065,0
97066,2
97067,1
97068,2
97069,0
97070,2
97071,0
97072,0
97073,0
97074,1
97075,0
97076,1
97077,0
97078,0
97079,0
97080,0
97081,2
97082,2
97083,0
97084,0
97085,0
97086,0
97087,0
97088,1
97089,0
97090,1
97091,0
97092,2
97093,2
97094,1
97095,0
97096,2
97097,2
97098,1
97099,1
97100,2
97101,2
97102,0
97103,2
97104,1
97105,0
97106,2
97107,0
97108,0
97109,2
97110,0
97111,0
97112,0
97113,2
97114,1
97115,0
97116,1
97117,2
97118,0
97119,2
97120,0
97121,0
97122,2
97123,0
97124,1
97125,0
97126,0
97127,1
97128,1
97129,0
97130,1
97131,0
97132,2
97133,1
97134,0
97135,2
97136,1
97137,2
97138,2
97139,2
97140,2
97141,0
97142,0
97143,1
97144,2
97145,0
97146,0
97147,2
97148,0
97149,2
97150,2
97151,0
97152,0
97153,1
97154,0
97155,0
97156,2
97157,1
97158,2
97159,2
97160,2
97161,0
97162,0
97163,2
97164,1
97165,1
97166,0
97167,2
97168,0
97169,0
97170,0
97171,2
97172,0
97173,0
97174,1
97175,0
97176,0
97177,1
97178,1
97179,0
97180,1
97181,2
97182,2
97183,2
97184,1
97185,2
97186,1
97187,0
97188,1
97189,1
97190,0
97191,1
97192,0
97193,2
97194,0
97195,2
97196,0
97197,2
97198,2
97199,0
97200,0
97201,0
97202,0
97203,2
97204,1
97205,2
97206,2
97207,1
97208,0
97209,2
97210,0
97211,0
97212,1
97213,2
97214,1
97215,0
97216,1
97217,2
97218,1
97219,1
97220,1
97221,0
97222,0
97223,2
97224,1
97225,0
97226,2
97227,1
97228,1
97229,0
97230,1
97231,0
97232,2
97233,1
97234,0
97235,2
97236,2
97237,2
97238,0
97239,0
97240,2
97241,1
97242,1
97243,2
97244,1
97245,0
97246,0
97247,1
97248,0
97249,2
97250,1
97251,0
97252,0
97253,2
97254,2
97255,0
97256,1
97257,2
97258,2
97259,0
97260,2
97261,0
97262,2
97263,0
97264,1
97265,2
97266,2
97267,1
97268,2
97269,2
97270,2
97271,2
97272,2
97273,1
97274,0
97275,1
97276,2
97277,2
97278,0
97279,1
97280,2
97281,2
97282,2
97283,1
97284,1
97285,2
97286,2
97287,0
97288,1
97289,0
97290,0
97291,1
97292,1
97293,0
97294,2
97295,0
97296,2
97297,2
97298,2
97299,1
97300,0
97301,0
97302,0
97303,2
97304,2
97305,2
97306,0
97307,0
97308,2
97309,2
97310,0
97311,1
97312,0
97313,0
97314,2
97315,1
97316,0
97317,1
97318,0
97319,0
97320,2
97321,0
97322,0
97323,2
97324,2
97325,2
97326,0
97327,2
97328,0
97329,1
97330,1
97331,1
97332,2
97333,1
97334,2
97335,2
97336,2
97337,0
97338,1
97339,1
97340,2
97341,2
97342,0
97343,0
97344,0
97345,0
97346,0
97347,2
97348,2
97349,2
97350,2
97351,2
97352,2
97353,1
97354,0
97355,0
97356,0
97357,1
97358,1
97359,2
97360,0
97361,0
97362,1
97363,2
97364,1
97365,1
97366,0
97367,0
97368,2
97369,2
97370,0
97371,2
97372,2
97373,0
97374,2
97375,0
97376,0
97377,2
97378,0
97379,0
97380,2
97381,2
97382,0
97383,0
97384,1
97385,2
97386,2
97387,0
97388,0
97389,2
97390,2
97391,0
97392,2
97393,2
97394,0
97395,1
97396,2
97397,2
97398,1
97399,2
97400,0
97401,1
97402,2
97403,0
97404,0
97405,1
97406,2
97407,0
97408,2
97409,2
97410,2
97411,2
97412,0
97413,1
97414,0
97415,1
97416,0
97417,2
97418,1
97419,2
97420,1
97421,0
97422,2
97423,2
97424,1
97425,2
97426,2
97427,1
97428,1
97429,0
97430,2
97431,0
97432,0
97433,1
97434,0
97435,2
97436,0
97437,0
97438,0
97439,2
97440,2
97441,0
97442,2
97443,2
97444,0
97445,0
97446,1
97447,2
97448,2
97449,1
97450,2
97451,0
97452,1
97453,2
97454,0
97455,2
97456,0
97457,2
97458,1
97459,2
97460,2
97461,0
97462,2
97463,0
97464,0
97465,2
97466,0
97467,2
97468,0
97469,0
97470,1
97471,0
97472,1
97473,1
97474,0
97475,0
97476,0
97477,2
97478,1
97479,2
97480,1
97481,0
97482,0
97483,2
97484,0
97485,1
97486,1
97487,0
97488,1
97489,2
97490,0
97491,1
97492,2
97493,2
97494,2
97495,2
97496,2
97497,0
97498,2
97499,2
97500,1
97501,2
97502,1
97503,2
97504,0
97505,2
97506,0
97507,0
97508,2
97509,2
97510,1
97511,2
97512,2
97513,0
97514,2
97515,2
97516,2
97517,0
97518,2
97519,2
97520,2
97521,2
97522,1
97523,2
97524,0
97525,2
97526,0
97527,2
97528,2
97529,0
97530,1
97531,1
97532,0
97533,0
97534,1
97535,2
97536,1
97537,0
97538,1
97539,2
97540,2
97541,0
97542,0
97543,0
97544,2
97545,1
97546,1
97547,2
97548,1
97549,1
97550,0
97551,0
97552,1
97553,2
97554,1
97555,0
97556,2
97557,2
97558,2
97559,0
97560,0
97561,0
97562,0
97563,2
97564,0
97565,0
97566,1
97567,2
97568,2
97569,0
97570,0
97571,1
97572,2
97573,1
97574,1
97575,2
97576,1
97577,0
97578,2
97579,2
97580,2
97581,0
97582,0
97583,2
97584,2
97585,0
97586,1
97587,2
97588,1
97589,0
97590,2
97591,1
97592,0
97593,2
97594,0
97595,1
97596,1
97597,1
97598,0
97599,1
97600,1
97601,2
97602,1
97603,0
97604,2
97605,1
97606,0
97607,0
97608,2
97609,2
97610,1
97611,2
97612,2
97613,0
97614,2
97615,1
97616,0
97617,0
97618,0
97619,2
97620,2
97621,2
97622,0
97623,0
97624,0
97625,0
97626,0
97627,2
97628,2
97629,0
97630,2
97631,2
97632,1
97633,2
97634,1
97635,1
97636,1
97637,1
97638,0
97639,0
97640,2
97641,1
97642,0
97643,2
97644,1
97645,0
97646,1
97647,0
97648,2
97649,1
97650,2
97651,1
97652,0
97653,0
97654,1
97655,2
97656,1
97657,0
97658,0
97659,0
97660,2
97661,0
97662,0
97663,0
97664,2
97665,0
97666,1
97667,0
97668,1
97669,0
97670,0
97671,2
97672,2
97673,1
97674,2
97675,1
97676,2
97677,2
97678,0
97679,2
97680,0
97681,0
97682,0
97683,2
97684,0
97685,1
97686,2
97687,1
97688,1
97689,0
97690,0
97691,2
97692,0
97693,2
97694,1
97695,2
97696,0
97697,0
97698,2
97699,0
97700,1
97701,2
97702,2
97703,0
97704,0
97705,2
97706,2
97707,2
97708,0
97709,2
97710,2
97711,2
97712,1
97713,0
97714,0
97715,2
97716,2
97717,0
97718,1
97719,1
97720,2
97721,2
97722,1
97723,2
97724,0
97725,2
97726,0
97727,1
97728,0
97729,1
97730,0
97731,2
97732,2
97733,1
97734,0
97735,0
97736,0
97737,0
97738,2
97739,1
97740,0
97741,0
97742,0
97743,2
97744,2
97745,0
97746,1
97747,2
97748,1
97749,2
97750,2
97751,2
97752,2
97753,2
97754,1
97755,2
97756,2
97757,0
97758,1
97759,0
97760,2
97761,2
97762,2
97763,2
97764,0
97765,2
97766,0
97767,2
97768,0
97769,0
97770,2
97771,0
97772,0
97773,2
97774,1
97775,2
97776,2
97777,2
97778,0
97779,1
97780,0
97781,2
97782,1
97783,0
97784,0
97785,0
97786,1
97787,0
97788,1
97789,0
97790,1
97791,0
97792,1
97793,0
97794,1
97795,2
97796,1
97797,0
97798,2
97799,1
97800,2
97801,0
97802,0
97803,2
97804,2
97805,1
97806,2
97807,1
97808,2
97809,1
97810,2
97811,0
97812,0
97813,0
97814,0
97815,2
97816,1
97817,1
97818,0
97819,0
97820,1
97821,2
97822,0
97823,1
97824,0
97825,1
97826,2
97827,2
97828,1
97829,2
97830,0
97831,0
97832,0
97833,1
97834,0
97835,2
97836,0
97837,2
97838,0
97839,2
97840,0
97841,0
97842,2
97843,1
97844,1
97845,2
97846,0
97847,2
97848,0
97849,2
97850,1
97851,2
97852,2
97853,2
97854,2
97855,1
97856,0
97857,2
97858,1
97859,2
97860,2
97861,2
97862,0
97863,0
97864,0
97865,1
97866,2
97867,0
97868,0
97869,0
97870,2
97871,1
97872,2
97873,0
97874,0
97875,0
97876,0
97877,1
97878,0
97879,0
97880,1
97881,1
97882,0
97883,1
97884,0
97885,2
97886,0
97887,2
97888,2
97889,2
97890,2
97891,0
97892,2
97893,2
97894,0
97895,2
97896,0
97897,0
97898,2
97899,2
97900,1
97901,1
97902,2
97903,0
97904,1
97905,0
97906,1
97907,0
97908,0
97909,1
97910,2
97911,2
97912,2
97913,2
97914,0
97915,2
97916,0
97917,0
97918,0
97919,2
97920,2
97921,1
97922,0
97923,1
97924,0
97925,2
97926,0
97927,2
97928,1
97929,2
97930,0
97931,1
97932,2
97933,0
97934,2
97935,1
97936,2
97937,2
97938,2
97939,1
97940,2
97941,0
97942,2
97943,2
97944,1
97945,0
97946,0
97947,1
97948,2
97949,2
97950,0
97951,1
97952,2
97953,1
97954,0
97955,1
97956,2
97957,1
97958,2
97959,0
97960,2
97961,0
97962,0
97963,1
97964,0
97965,1
97966,0
97967,2
97968,2
97969,0
97970,2
97971,1
97972,0
97973,1
97974,0
97975,2
97976,0
97977,1
97978,0
97979,0
97980,1
97981,1
97982,2
97983,0
97984,0
97985,1
97986,0
97987,0
97988,0
97989,0
97990,1
97991,0
97992,0
97993,0
97994,2
97995,2
97996,2
97997,1
97998,1
97999,2
